#!/bin/sh
# grep-search: meme «Ancient Aliens». Regenerate: meme.py render "Ancient Aliens"
cat <<'ART'

[38;2;64;28;16m[48;2;64;28;16m▀[48;2;68;32;16m▀▀[38;2;64;28;20m[48;2;68;28;20m▀[38;2;68;28;20m▀[38;2;64;28;16m[48;2;64;28;16m▀[38;2;60;24;16m[48;2;64;24;16m▀[38;2;64;24;16m[48;2;64;28;20m▀[38;2;60;20;16m[48;2;60;24;20m▀[38;2;52;8;8m[48;2;48;8;8m▀[38;2;48;8;12m[48;2;48;4;8m▀[38;2;44;4;8m[48;2;48;4;12m▀[38;2;44;0;12m[48;2;44;0;12m▀[38;2;44;4;12m[48;2;44;4;12m▀[38;2;44;0;8m[48;2;44;0;8m▀[38;2;44;0;12m[48;2;44;0;12m▀[38;2;52;4;12m[48;2;52;4;12m▀[38;2;56;8;12m[48;2;56;12;12m▀[38;2;56;12;12m▀[38;2;60;20;16m[48;2;60;24;16m▀[38;2;68;32;16m[48;2;68;32;20m▀[38;2;68;32;20m[48;2;68;36;20m▀[48;2;72;36;20m▀[38;2;72;36;20m[48;2;72;32;20m▀[38;2;68;32;20m[48;2;72;36;20m▀[38;2;72;36;16m[48;2;68;32;16m▀[38;2;68;36;12m[48;2;68;36;12m▀▀▀[38;2;72;36;16m▀[38;2;68;36;12m▀▀[38;2;72;36;16m[48;2;72;36;20m▀[38;2;72;36;20m▀▀▀[38;2;68;36;12m[48;2;72;40;16m▀[48;2;68;36;16m▀[38;2;68;36;16m[48;2;72;36;16m▀[48;2;68;36;20m▀[38;2;68;36;20m▀[48;2;72;36;20m▀[38;2;68;36;16m[48;2;68;36;16m▀[48;2;72;36;16m▀[38;2;72;36;16m[48;2;72;36;20m▀[38;2;72;36;20m[48;2;72;40;20m▀[48;2;72;36;20m▀▀[38;2;68;32;16m▀[38;2;68;36;16m[48;2;72;36;16m▀[38;2;68;32;16m▀[38;2;68;36;16m[48;2;72;36;20m▀[38;2;68;36;20m[48;2;68;36;20m▀▀[38;2;72;32;24m[48;2;72;36;20m▀[38;2;68;32;20m[48;2;68;32;20m▀[38;2;64;28;16m[48;2;68;32;16m▀[38;2;68;32;16m[48;2;68;32;20m▀[48;2;68;32;16m▀▀▀[38;2;64;28;16m▀[38;2;64;28;12m[48;2;64;28;16m▀[38;2;60;24;16m[48;2;64;24;16m▀[38;2;56;20;12m[48;2;56;20;16m▀[38;2;44;8;4m[48;2;44;8;8m▀[38;2;44;4;4m[48;2;44;4;4m▀[38;2;44;0;8m[48;2;48;4;8m▀[38;2;44;4;12m[48;2;48;8;8m▀[38;2;48;8;12m[48;2;48;12;16m▀[38;2;44;8;16m▀[38;2;40;4;12m[48;2;40;4;12m▀▀[38;2;44;8;12m[48;2;48;8;12m▀[38;2;44;4;12m▀[38;2;44;0;8m[48;2;44;4;8m▀[38;2;44;4;8m[48;2;44;4;12m▀[38;2;40;0;4m[48;2;40;0;4m▀[38;2;44;4;12m[48;2;44;4;12m▀[38;2;40;4;12m[48;2;40;4;8m▀[0m
[38;2;64;28;16m[48;2;64;28;16m▀▀▀[38;2;68;28;20m[48;2;68;32;16m▀▀[38;2;64;28;16m▀[48;2;64;28;16m▀[38;2;64;28;20m[48;2;64;24;16m▀[38;2;60;24;20m[48;2;60;20;20m▀[38;2;52;12;8m[48;2;48;8;8m▀[38;2;48;4;8m[48;2;48;4;12m▀[38;2;48;0;8m▀[48;2;48;0;8m▀[38;2;44;0;8m[48;2;44;0;8m▀[48;2;48;0;12m▀[48;2;44;0;8m▀[38;2;48;4;12m[48;2;48;4;12m▀[38;2;56;8;12m[48;2;52;8;16m▀[38;2;60;16;12m[48;2;60;16;12m▀[38;2;64;24;16m[48;2;68;20;16m▀[38;2;68;28;20m[48;2;72;28;20m▀[38;2;68;32;20m[48;2;68;32;20m▀[38;2;68;36;20m[48;2;68;32;16m▀[38;2;68;32;20m▀[38;2;68;36;16m[48;2;72;36;16m▀▀▀[38;2;72;36;16m[48;2;72;40;16m▀[48;2;72;36;16m▀[38;2;68;36;16m[48;2;68;36;16m▀[38;2;72;36;16m[48;2;72;36;16m▀▀[48;2;72;36;20m▀[38;2;72;36;20m[48;2;72;36;16m▀[38;2;72;40;24m[48;2;60;28;4m▀[38;2;72;40;16m[48;2;68;44;16m▀[38;2;56;28;4m[48;2;104;84;60m▀[38;2;60;32;8m[48;2;100;80;60m▀[38;2;68;36;16m[48;2;92;76;52m▀[48;2;88;72;48m▀[38;2;68;36;20m[48;2;92;76;52m▀[48;2;112;96;76m▀[48;2;84;64;44m▀[48;2;68;44;28m▀[48;2;72;52;28m▀[38;2;72;40;20m[48;2;72;44;20m▀[38;2;72;36;20m[48;2;72;40;20m▀[48;2;68;36;20m▀▀[38;2;72;36;16m▀[38;2;68;36;16m[48;2;72;36;20m▀[38;2;72;36;20m[48;2;68;32;16m▀[48;2;72;36;20m▀[38;2;68;36;20m▀[38;2;72;36;20m▀[38;2;68;32;16m[48;2;68;36;16m▀▀[38;2;68;36;20m▀[38;2;68;32;16m▀[48;2;68;32;16m▀▀[48;2;68;32;12m▀[38;2;64;28;12m[48;2;64;28;12m▀[38;2;64;28;16m[48;2;64;28;16m▀[38;2;60;20;16m[48;2;60;24;16m▀[38;2;48;8;4m[48;2;48;8;4m▀[38;2;44;4;4m[48;2;40;4;4m▀[48;2;44;4;4m▀[38;2;48;8;8m[48;2;48;8;8m▀[38;2;48;12;12m[48;2;48;12;12m▀[38;2;48;12;16m[48;2;48;12;16m▀[38;2;40;4;12m[48;2;44;8;16m▀[48;2;44;4;12m▀[38;2;48;8;12m[48;2;48;8;12m▀[48;2;48;12;12m▀[48;2;48;8;12m▀[38;2;48;8;16m[48;2;48;12;16m▀[38;2;44;4;8m[48;2;44;4;8m▀[38;2;44;4;12m▀[48;2;48;8;12m▀[0m
[38;2;64;28;16m[48;2;64;28;16m▀[38;2;68;32;16m▀[48;2;68;28;16m▀[48;2;64;32;16m▀[48;2;68;32;16m▀▀[38;2;64;28;16m[48;2;64;28;16m▀[38;2;60;24;16m[48;2;64;24;20m▀[38;2;60;20;16m[48;2;60;20;16m▀[38;2;48;8;8m[48;2;48;8;8m▀[38;2;48;4;12m[48;2;48;4;8m▀[38;2;52;4;12m[48;2;48;4;12m▀[38;2;48;0;8m[48;2;48;0;8m▀[38;2;48;0;12m[48;2;48;0;12m▀▀[38;2;44;0;8m[48;2;44;0;8m▀[38;2;48;4;12m[48;2;48;0;8m▀[38;2;56;12;16m[48;2;56;8;12m▀[38;2;60;16;12m[48;2;60;16;12m▀[38;2;64;20;16m[48;2;64;24;12m▀[38;2;68;28;16m[48;2;68;28;16m▀[48;2;68;32;16m▀[38;2;68;32;16m[48;2;68;36;16m▀[38;2;72;36;16m[48;2;72;36;16m▀[38;2;72;36;20m[48;2;72;40;16m▀[38;2;72;36;16m▀[38;2;72;40;16m▀[48;2;72;36;16m▀[38;2;72;36;16m[48;2;68;36;12m▀[48;2;72;40;16m▀[38;2;68;36;16m▀[38;2;72;40;20m[48;2;60;28;4m▀[38;2;64;36;16m[48;2;88;68;44m▀[38;2;68;40;16m[48;2;184;168;152m▀[38;2;140;120;96m[48;2;156;144;124m▀[38;2;148;136;116m[48;2;104;96;76m▀[38;2;120;116;96m[48;2;68;64;44m▀[38;2;104;96;84m[48;2;84;76;64m▀[38;2;96;92;80m[48;2;76;72;68m▀[38;2;108;108;92m[48;2;72;68;64m▀[38;2;124;120;104m[48;2;68;68;64m▀[38;2;88;84;72m[48;2;52;48;48m▀[38;2;72;64;52m[48;2;44;36;36m▀[38;2;88;76;64m[48;2;52;44;40m▀[38;2;140;132;112m[48;2;76;72;56m▀[38;2;84;72;48m[48;2;64;56;36m▀[38;2;68;48;28m[48;2;68;56;36m▀[38;2;88;72;52m[48;2;124;116;100m▀[38;2;96;80;64m[48;2;120;120;104m▀[38;2;80;64;52m[48;2;132;132;116m▀[38;2;68;44;32m[48;2;108;96;84m▀[38;2;72;48;32m[48;2;76;64;52m▀[38;2;68;40;24m[48;2;72;56;44m▀[38;2;72;40;24m[48;2;76;56;40m▀[38;2;68;36;20m[48;2;92;68;52m▀[38;2;64;36;16m[48;2;88;60;40m▀[38;2;68;36;16m[48;2;72;40;20m▀[38;2;72;36;16m[48;2;68;36;16m▀[38;2;68;36;16m[48;2;72;36;16m▀[38;2;72;36;16m▀[48;2;68;36;12m▀[38;2;68;32;12m▀[38;2;64;28;12m[48;2;68;32;12m▀[38;2;64;28;16m[48;2;64;28;16m▀[38;2;60;24;12m[48;2;60;24;16m▀[38;2;48;8;8m[48;2;48;12;8m▀[38;2;44;8;4m[48;2;44;8;4m▀[38;2;48;12;4m[48;2;48;8;4m▀[48;2;48;8;8m▀[38;2;48;12;12m[48;2;52;12;16m▀[38;2;48;12;16m[48;2;48;12;16m▀[38;2;44;8;16m[48;2;44;8;16m▀[38;2;44;4;12m[48;2;44;4;12m▀[38;2;48;8;12m[48;2;48;8;12m▀[38;2;48;12;12m[48;2;48;12;16m▀[38;2;48;8;12m[48;2;48;8;12m▀[38;2;48;12;16m[48;2;48;8;16m▀[38;2;44;4;8m[48;2;44;4;8m▀[38;2;44;4;12m[48;2;48;4;12m▀▀[0m
[38;2;64;28;16m[48;2;64;28;12m▀[38;2;64;24;12m[48;2;64;24;12m▀[38;2;68;28;16m[48;2;68;28;16m▀▀▀[38;2;68;32;16m[48;2;68;32;16m▀[38;2;68;28;16m[48;2;68;28;16m▀[38;2;64;28;20m[48;2;64;28;20m▀[38;2;60;20;16m[48;2;60;20;16m▀[38;2;44;4;4m[48;2;48;4;4m▀▀[38;2;48;4;8m[48;2;48;0;8m▀[38;2;48;0;8m▀[48;2;48;0;12m▀[38;2;48;0;12m▀[38;2;44;0;8m[48;2;44;0;8m▀▀[38;2;52;8;8m[48;2;56;8;12m▀[38;2;60;16;12m[48;2;60;16;12m▀[38;2;64;24;12m[48;2;64;24;12m▀[38;2;68;28;16m[48;2;72;32;16m▀[38;2;72;36;16m[48;2;72;36;20m▀[48;2;72;36;16m▀[38;2;72;40;16m▀▀[48;2;72;40;16m▀[38;2;72;36;16m▀▀[38;2;72;36;12m[48;2;72;36;16m▀[38;2;72;40;16m[48;2;64;36;8m▀[38;2;64;36;12m[48;2;116;96;72m▀[38;2;104;84;56m[48;2;168;156;136m▀[38;2;160;144;120m[48;2;100;92;72m▀[38;2;112;104;88m[48;2;68;64;48m▀[38;2;64;56;40m[48;2;96;88;76m▀[38;2;104;96;80m[48;2;80;68;52m▀[38;2;108;104;84m[48;2;92;80;64m▀[38;2;88;84;68m[48;2;84;72;60m▀[38;2;56;48;44m[48;2;56;44;40m▀[38;2;40;28;36m[48;2;32;20;28m▀[38;2;40;36;44m[48;2;28;20;36m▀[38;2;44;36;44m[48;2;24;16;32m▀[38;2;44;40;44m[48;2;36;32;40m▀[38;2;40;32;36m[48;2;48;40;48m▀[38;2;60;52;48m[48;2;36;24;32m▀[38;2;64;52;44m[48;2;40;28;28m▀[38;2;56;44;32m[48;2;56;40;36m▀[38;2;100;88;80m[48;2;44;28;24m▀[38;2;96;84;72m[48;2;64;44;36m▀[38;2;64;52;40m[48;2;64;44;40m▀[38;2;40;24;20m[48;2;40;20;20m▀[38;2;48;36;28m[48;2;48;28;28m▀[38;2;52;40;28m[48;2;40;20;12m▀[38;2;56;40;28m[48;2;64;44;32m▀[38;2;80;60;44m[48;2;68;48;36m▀[38;2;100;72;56m[48;2;76;52;36m▀[38;2;68;44;24m[48;2;72;52;32m▀[38;2;72;40;20m[48;2;72;44;24m▀[38;2;72;40;16m[48;2;72;40;20m▀[38;2;72;36;16m▀[38;2;68;36;16m[48;2;72;40;16m▀[38;2;72;36;16m[48;2;72;36;16m▀[38;2;68;32;16m[48;2;72;32;16m▀[38;2;64;32;16m[48;2;64;28;16m▀[38;2;64;24;16m[48;2;60;24;16m▀[38;2;48;12;8m[48;2;48;8;4m▀[38;2;44;8;4m[48;2;48;8;8m▀[38;2;48;8;4m[48;2;48;8;12m▀[38;2;52;8;12m[48;2;52;12;16m▀[38;2;56;12;20m[48;2;60;12;20m▀[38;2;52;12;16m[48;2;56;12;16m▀[38;2;48;8;16m[48;2;48;8;16m▀[38;2;44;4;12m[48;2;44;4;12m▀[38;2;48;8;16m[48;2;48;8;16m▀[38;2;48;12;16m[48;2;48;12;16m▀[38;2;44;8;12m[48;2;48;8;16m▀[38;2;48;8;16m[48;2;52;8;16m▀[38;2;48;4;12m[48;2;52;4;12m▀[48;2;48;4;12m▀▀[0m
[38;2;68;28;16m[48;2;72;28;16m▀▀[48;2;68;28;16m▀[48;2;68;28;12m▀[38;2;72;28;16m[48;2;72;32;16m▀[38;2;68;32;16m[48;2;72;36;16m▀[48;2;64;32;16m▀[38;2;64;28;16m[48;2;64;28;16m▀[38;2;60;20;16m[48;2;60;20;16m▀[38;2;52;8;4m[48;2;52;8;8m▀[38;2;48;4;4m[48;2;48;4;4m▀[38;2;48;4;8m[48;2;52;4;4m▀[38;2;44;0;8m[48;2;48;0;4m▀[38;2;48;0;12m[48;2;48;0;8m▀[38;2;48;0;8m[48;2;48;0;12m▀[38;2;44;0;4m[48;2;44;0;8m▀[38;2;48;0;8m[48;2;48;0;12m▀[38;2;56;12;12m[48;2;60;12;16m▀[38;2;60;16;12m[48;2;64;16;12m▀[38;2;64;24;12m[48;2;68;28;16m▀[38;2;72;36;16m[48;2;72;36;16m▀[38;2;72;36;20m▀[38;2;72;36;16m[48;2;72;36;12m▀[48;2;76;36;12m▀[48;2;76;40;12m▀[38;2;72;40;16m[48;2;76;40;16m▀[38;2;76;40;16m▀[38;2;72;36;12m[48;2;68;40;12m▀[38;2;88;56;32m[48;2;80;52;24m▀[38;2;100;80;48m[48;2;120;100;68m▀[38;2;144;132;108m[48;2;124;112;92m▀[38;2;108;96;84m[48;2;80;68;56m▀[38;2;104;96;80m[48;2;76;60;48m▀[38;2;88;80;68m[48;2;60;44;36m▀[38;2;76;64;56m[48;2;40;28;20m▀[38;2;68;52;44m[48;2;60;40;32m▀[38;2;68;52;40m[48;2;56;40;40m▀[38;2;64;52;48m[48;2;40;28;32m▀[38;2;44;32;32m[48;2;24;12;20m▀[38;2;20;8;20m[48;2;12;4;24m▀[38;2;24;16;32m[48;2;24;20;32m▀[38;2;24;20;32m[48;2;28;24;36m▀[38;2;40;32;40m[48;2;32;28;36m▀[38;2;44;32;44m[48;2;32;24;32m▀[38;2;24;16;24m[48;2;40;32;40m▀[38;2;36;24;24m[48;2;40;28;40m▀[38;2;44;28;32m[48;2;28;16;24m▀[38;2;40;20;20m[48;2;28;16;20m▀[38;2;44;28;20m[48;2;32;20;24m▀[38;2;56;40;36m[48;2;44;28;32m▀[38;2;44;28;28m[48;2;32;20;20m▀[38;2;40;20;20m[48;2;32;16;16m▀[38;2;40;24;16m[48;2;44;32;24m▀[38;2;64;44;28m[48;2;64;52;32m▀[38;2;64;48;28m[48;2;68;52;32m▀[38;2;80;60;44m[48;2;64;48;28m▀[38;2;76;56;40m[48;2;60;44;28m▀[38;2;80;52;36m[48;2;84;60;48m▀[38;2;68;40;20m[48;2;84;60;40m▀[48;2;72;40;24m▀[38;2;72;40;20m[48;2;72;40;20m▀[38;2;72;36;16m[48;2;72;36;16m▀▀[38;2;68;32;16m[48;2;72;36;20m▀[38;2;60;24;16m[48;2;64;24;16m▀[38;2;48;12;8m[48;2;48;12;8m▀[38;2;52;8;8m[48;2;52;12;8m▀[38;2;52;8;12m▀[38;2;56;12;12m[48;2;56;12;12m▀[38;2;60;16;16m[48;2;60;16;16m▀[38;2;56;12;16m[48;2;56;16;16m▀[38;2;48;8;12m[48;2;48;12;12m▀[38;2;48;4;8m[48;2;48;8;8m▀[38;2;48;8;12m[48;2;52;8;12m▀[38;2;52;12;16m[48;2;52;12;12m▀[38;2;48;8;16m[48;2;48;8;12m▀[38;2;52;12;16m[48;2;52;12;12m▀[38;2;52;8;8m[48;2;52;8;8m▀▀[38;2;48;8;12m[48;2;48;8;8m▀[0m
[38;2;72;28;20m[48;2;68;28;20m▀[38;2;72;28;16m[48;2;68;28;16m▀[38;2;72;28;12m[48;2;68;32;16m▀[38;2;72;32;12m[48;2;68;36;12m▀[38;2;72;32;16m▀[38;2;72;36;16m[48;2;68;32;16m▀[38;2;68;32;16m▀[38;2;64;28;16m[48;2;68;28;16m▀[38;2;64;20;16m[48;2;64;20;16m▀[38;2;52;8;8m[48;2;52;8;8m▀[38;2;48;4;4m[48;2;52;8;4m▀[38;2;52;4;4m[48;2;56;8;8m▀[38;2;48;0;4m[48;2;52;0;8m▀[38;2;52;0;12m[48;2;56;4;12m▀[48;2;52;0;12m▀[38;2;48;0;8m[48;2;44;0;4m▀[38;2;48;4;8m[48;2;48;4;4m▀[38;2;56;12;12m[48;2;56;12;12m▀[38;2;64;20;12m[48;2;64;20;8m▀[38;2;68;24;12m[48;2;68;24;12m▀[38;2;68;36;12m[48;2;68;36;12m▀[38;2;72;36;12m[48;2;72;40;12m▀[38;2;72;40;12m[48;2;76;40;12m▀[38;2;76;40;12m▀[38;2;80;40;12m▀[38;2;80;40;16m[48;2;80;40;16m▀[38;2;76;40;16m[48;2;72;40;16m▀[38;2;64;40;12m[48;2;112;92;68m▀[38;2;100;76;44m[48;2;156;136;112m▀[38;2;132;120;88m[48;2;136;120;92m▀[38;2;120;112;88m[48;2;84;68;48m▀[38;2;84;68;52m[48;2;96;80;60m▀[38;2;76;64;44m[48;2;104;88;68m▀[38;2;100;84;68m[48;2;84;68;56m▀[38;2;52;32;28m[48;2;36;20;20m▀[38;2;32;8;16m[48;2;16;0;12m▀[38;2;28;8;20m[48;2;16;0;16m▀[38;2;20;4;20m[48;2;8;0;16m▀[38;2;12;0;16m[48;2;12;4;20m▀[38;2;16;8;28m[48;2;20;12;28m▀[38;2;20;16;32m[48;2;4;4;12m▀[38;2;20;20;28m[48;2;20;16;24m▀[38;2;28;24;32m[48;2;52;48;48m▀[38;2;52;48;56m[48;2;88;80;84m▀[38;2;52;44;52m[48;2;64;56;64m▀[38;2;36;24;40m[48;2;40;28;44m▀[38;2;24;12;28m[48;2;32;20;36m▀[38;2;16;8;20m[48;2;20;12;24m▀[38;2;24;12;20m[48;2;20;12;20m▀[38;2;28;16;24m[48;2;24;12;20m▀[38;2;24;12;16m▀[38;2;28;16;16m[48;2;20;8;16m▀[38;2;56;40;36m[48;2;40;28;28m▀[38;2;80;64;48m[48;2;52;36;36m▀[38;2;80;68;52m[48;2;60;44;44m▀[38;2;60;44;32m[48;2;44;28;28m▀[38;2;52;32;24m[48;2;36;12;16m▀[38;2;60;36;32m[48;2;40;16;20m▀[38;2;92;68;56m[48;2;56;32;32m▀[38;2;72;44;24m[48;2;72;44;36m▀[38;2;72;36;20m[48;2;76;36;28m▀[38;2;76;40;20m[48;2;76;40;24m▀[48;2;76;40;20m▀[38;2;72;36;20m[48;2;72;36;20m▀[38;2;64;24;16m[48;2;68;24;16m▀[38;2;52;8;8m[48;2;56;12;8m▀[38;2;52;12;8m▀[48;2;56;12;12m▀[38;2;56;12;12m▀[38;2;60;16;16m[48;2;60;16;16m▀[38;2;56;16;12m▀[38;2;52;12;12m[48;2;52;12;12m▀[38;2;48;8;8m[48;2;48;4;8m▀[38;2;52;12;12m[48;2;52;8;12m▀[48;2;56;12;12m▀[48;2;52;8;8m▀[48;2;56;12;8m▀[38;2;52;8;8m▀[38;2;52;12;8m[48;2;56;12;12m▀[48;2;52;12;12m▀[0m
[38;2;68;32;16m[48;2;72;36;16m▀▀[38;2;68;36;12m[48;2;68;36;12m▀▀[48;2;68;36;16m▀[38;2;68;32;12m▀[38;2;68;32;16m[48;2;72;36;16m▀[38;2;68;28;16m[48;2;68;32;16m▀[38;2;64;20;16m[48;2;64;24;12m▀[38;2;52;8;8m[48;2;48;8;4m▀[38;2;52;8;4m[48;2;52;8;8m▀[38;2;56;8;8m[48;2;56;8;12m▀[38;2;52;0;8m[48;2;52;0;8m▀[38;2;52;0;12m[48;2;52;4;8m▀[38;2;52;4;12m[48;2;52;4;12m▀[38;2;44;0;4m[48;2;44;0;4m▀[38;2;48;4;4m[48;2;48;4;4m▀[38;2;60;16;12m[48;2;60;16;12m▀[38;2;64;20;8m[48;2;68;20;8m▀[38;2;68;28;8m[48;2;72;32;12m▀[38;2;72;36;12m[48;2;76;36;12m▀[38;2;76;40;12m[48;2;76;40;12m▀[38;2;80;36;12m▀[38;2;76;40;16m[48;2;76;44;12m▀[38;2;76;44;16m[48;2;76;52;24m▀[48;2;116;96;68m▀[38;2;88;64;44m[48;2;136;120;96m▀[38;2;132;116;92m[48;2;104;84;64m▀[38;2;100;84;64m[48;2;72;48;28m▀[38;2;84;64;44m[48;2;80;56;40m▀[38;2;64;44;24m[48;2;64;44;28m▀[38;2;84;68;48m[48;2;44;24;16m▀[38;2;80;64;40m[48;2;48;32;24m▀[38;2;48;36;24m[48;2;28;20;12m▀[38;2;28;12;20m[48;2;12;0;12m▀[38;2;12;0;12m[48;2;12;0;20m▀[38;2;8;0;16m[48;2;8;4;20m▀[38;2;12;4;24m[48;2;28;20;36m▀[38;2;20;8;28m[48;2;76;64;64m▀[38;2;32;20;32m[48;2;112;96;88m▀[38;2;32;24;28m[48;2;144;120;112m▀[38;2;56;48;48m[48;2;160;136;124m▀[38;2;80;72;68m[48;2;144;124;112m▀[38;2;84;76;76m[48;2;116;100;92m▀[38;2;76;64;76m[48;2;88;76;72m▀[38;2;56;44;56m[48;2;72;60;60m▀[38;2;44;32;44m[48;2;68;52;56m▀[38;2;44;36;40m[48;2;64;48;52m▀[38;2;36;28;32m[48;2;48;36;40m▀[38;2;24;20;28m[48;2;36;28;32m▀[38;2;20;12;20m[48;2;20;8;24m▀[38;2;12;4;12m[48;2;16;4;20m▀[38;2;16;4;16m[48;2;16;4;24m▀[38;2;16;4;8m[48;2;20;8;20m▀[38;2;24;12;12m[48;2;36;20;32m▀[38;2;32;16;16m[48;2;32;20;28m▀[38;2;36;12;20m[48;2;28;16;24m▀[38;2;36;12;24m[48;2;20;4;16m▀[38;2;32;8;20m[48;2;20;0;16m▀[38;2;40;12;20m[48;2;20;0;12m▀[38;2;60;28;24m[48;2;24;0;8m▀[38;2;84;48;36m[48;2;48;24;24m▀[38;2;80;44;24m[48;2;68;44;36m▀[38;2;72;36;16m[48;2;76;40;24m▀[38;2;68;28;16m[48;2;68;28;16m▀[38;2;56;12;4m[48;2;56;12;4m▀[38;2;56;12;8m[48;2;56;12;8m▀[38;2;56;12;12m[48;2;56;16;12m▀▀[38;2;60;16;16m[48;2;60;16;16m▀[48;2;60;16;12m▀[38;2;56;12;12m[48;2;56;12;12m▀[38;2;48;4;8m[48;2;52;8;8m▀[38;2;56;8;12m[48;2;60;12;12m▀[38;2;64;12;12m[48;2;64;16;8m▀[38;2;60;12;8m[48;2;60;12;8m▀[38;2;60;12;12m[48;2;60;16;12m▀[38;2;56;16;12m[48;2;56;16;12m▀[38;2;56;12;12m[48;2;52;12;12m▀[38;2;52;12;12m▀[0m
[38;2;72;36;16m[48;2;72;36;16m▀▀▀[38;2;68;36;16m[48;2;72;36;12m▀[38;2;72;36;16m[48;2;72;40;12m▀[38;2;72;40;16m[48;2;72;36;16m▀[38;2;72;36;20m▀[38;2;68;32;20m[48;2;64;32;16m▀[38;2;60;24;12m[48;2;60;24;12m▀[38;2;48;8;4m[48;2;48;12;4m▀[38;2;52;12;8m[48;2;52;8;8m▀[38;2;56;8;12m[48;2;56;8;8m▀[38;2;52;4;8m[48;2;52;0;4m▀[38;2;52;4;12m[48;2;56;4;8m▀[48;2;48;4;8m▀[38;2;48;0;4m[48;2;44;0;4m▀[38;2;52;4;4m[48;2;48;0;4m▀[38;2;60;16;12m[48;2;64;12;12m▀[38;2;68;24;12m[48;2;72;24;12m▀[38;2;76;32;12m[48;2;72;32;12m▀[38;2;76;40;12m[48;2;72;40;12m▀[38;2;76;44;16m[48;2;76;44;12m▀[48;2;80;48;16m▀[38;2;76;40;16m[48;2;76;44;16m▀[38;2;76;52;24m[48;2;116;92;72m▀[38;2;88;64;40m[48;2;140;124;104m▀[38;2;76;60;36m[48;2;120;108;84m▀[38;2;60;44;24m[48;2;72;56;36m▀[38;2;64;40;24m[48;2;68;48;28m▀[38;2;84;60;40m[48;2;92;72;52m▀[38;2;72;48;32m[48;2;112;96;76m▀[38;2;32;20;8m[48;2;88;76;56m▀[38;2;44;32;20m[48;2;92;84;64m▀[38;2;44;36;32m[48;2;72;68;60m▀[38;2;28;20;28m[48;2;48;40;40m▀[38;2;32;28;36m[48;2;56;44;40m▀[38;2;40;36;40m[48;2;144;112;108m▀[38;2;112;96;92m[48;2;240;192;168m▀[38;2;200;168;148m[48;2;255;208;176m▀[38;2;236;192;168m[48;2;255;204;172m▀[38;2;244;196;172m[48;2;255;196;168m▀[38;2;228;172;148m[48;2;255;196;164m▀[38;2;196;152;128m[48;2;244;184;152m▀[38;2;168;136;112m[48;2;216;160;128m▀[38;2;140;108;92m[48;2;208;148;120m▀[38;2;124;92;76m[48;2;200;136;116m▀[38;2;116;84;72m[48;2;180;120;96m▀[38;2;96;72;60m[48;2;160;100;76m▀[38;2;72;48;36m[48;2;136;80;56m▀[38;2;56;28;28m[48;2;112;64;48m▀[38;2;40;16;20m[48;2;96;48;40m▀[38;2;20;4;12m[48;2;60;28;32m▀[38;2;16;0;20m[48;2;20;4;16m▀[38;2;28;16;36m[48;2;8;0;20m▀[38;2;24;20;36m[48;2;12;12;28m▀[38;2;32;28;40m[48;2;20;20;36m▀[38;2;32;24;32m[48;2;12;4;20m▀[38;2;16;4;16m[48;2;12;0;20m▀[38;2;16;0;16m[48;2;20;0;20m▀[38;2;12;0;16m▀[38;2;8;0;16m[48;2;12;0;20m▀[38;2;4;0;8m[48;2;8;0;12m▀[38;2;28;8;8m[48;2;16;0;4m▀[38;2;64;36;24m[48;2;52;20;12m▀[38;2;68;28;16m[48;2;68;28;16m▀[38;2;56;12;8m[48;2;52;12;8m▀[38;2;56;12;12m[48;2;60;12;12m▀[38;2;64;16;16m[48;2;64;16;12m▀[38;2;60;16;12m▀[38;2;60;16;16m▀[48;2;60;20;12m▀[38;2;56;16;12m[48;2;56;16;12m▀[38;2;48;12;12m[48;2;48;12;8m▀[38;2;56;12;12m[48;2;56;12;12m▀[38;2;60;12;8m[48;2;60;16;12m▀[48;2;60;12;12m▀[38;2;60;16;8m[48;2;64;12;12m▀[38;2;60;12;8m[48;2;64;12;8m▀[48;2;64;16;12m▀[38;2;56;12;12m[48;2;60;16;8m▀[0m
[38;2;76;36;20m[48;2;76;36;20m▀[38;2;72;36;16m[48;2;72;36;16m▀[38;2;72;40;12m[48;2;72;36;12m▀[48;2;72;40;12m▀▀[38;2;72;40;16m[48;2;72;40;16m▀[38;2;68;36;16m[48;2;72;36;20m▀[38;2;64;32;16m[48;2;68;32;16m▀[38;2;60;24;12m[48;2;56;20;8m▀[38;2;48;8;4m[48;2;48;8;0m▀[38;2;52;8;8m[48;2;52;8;8m▀[38;2;56;8;12m[48;2;60;12;12m▀[38;2;52;4;4m[48;2;56;4;4m▀[38;2;56;4;4m[48;2;52;4;4m▀[38;2;48;4;8m[48;2;52;4;8m▀[38;2;44;0;4m[48;2;44;4;4m▀[38;2;52;0;4m[48;2;52;4;4m▀[38;2;64;12;12m[48;2;68;16;16m▀[38;2;72;24;12m[48;2;76;24;16m▀[38;2;76;32;12m[48;2;76;36;16m▀[38;2;72;40;8m[48;2;76;40;12m▀[38;2;76;44;12m[48;2;80;44;16m▀[38;2;80;48;16m[48;2;84;48;16m▀[38;2;84;48;20m▀[38;2;112;88;60m[48;2;80;56;20m▀[38;2;132;120;92m[48;2;108;88;56m▀[38;2;136;124;100m[48;2;132;116;92m▀[38;2;80;68;44m[48;2;124;112;84m▀[38;2;68;48;24m[48;2;104;88;60m▀[38;2;76;60;36m[48;2;88;76;48m▀[38;2;96;80;60m[48;2;80;68;48m▀[38;2;92;80;60m[48;2;88;80;60m▀[38;2;84;80;64m[48;2;84;84;72m▀[38;2;72;68;60m[48;2;84;80;72m▀[38;2;72;64;60m[48;2;80;76;64m▀[38;2;112;88;72m[48;2;168;132;112m▀[38;2;236;184;164m[48;2;255;204;176m▀[38;2;255;208;180m[48;2;255;208;184m▀[38;2;252;204;172m[48;2;255;216;192m▀[38;2;255;204;176m[48;2;255;220;200m▀[48;2;255;212;188m▀[48;2;255;204;180m▀[38;2;255;204;172m[48;2;255;204;176m▀[38;2;255;196;164m[48;2;255;200;168m▀[38;2;252;184;144m[48;2;255;184;148m▀[38;2;244;160;132m[48;2;252;172;132m▀[38;2;216;136;104m[48;2;236;152;112m▀[38;2;200;124;88m[48;2;216;136;96m▀[38;2;180;112;72m[48;2;196;120;80m▀[38;2;160;100;64m[48;2;176;112;72m▀[38;2;136;76;56m[48;2;148;84;48m▀[38;2;100;56;36m[48;2;120;64;32m▀[38;2;56;28;20m[48;2;96;52;32m▀[38;2;20;4;8m[48;2;60;32;24m▀[38;2;0;0;12m[48;2;16;4;12m▀[38;2;8;12;28m[48;2;4;4;20m▀[38;2;4;4;20m[48;2;12;12;28m▀[38;2;12;0;16m[48;2;20;12;24m▀[38;2;24;4;16m[48;2;32;20;24m▀[38;2;28;8;20m[48;2;44;28;28m▀[38;2;28;12;24m[48;2;48;24;24m▀[38;2;20;4;16m[48;2;40;16;16m▀[38;2;20;0;4m[48;2;32;4;4m▀[38;2;56;20;12m[48;2;56;24;12m▀[38;2;64;28;16m[48;2;68;28;16m▀[38;2;52;8;8m[48;2;52;12;8m▀[38;2;60;16;8m[48;2;64;16;8m▀[38;2;68;16;12m[48;2;68;20;12m▀[38;2;64;16;12m[48;2;64;20;8m▀[38;2;68;20;12m[48;2;68;20;12m▀[38;2;60;20;12m[48;2;64;20;16m▀[38;2;56;16;12m[48;2;56;16;16m▀[38;2;48;8;8m[48;2;48;12;12m▀[38;2;56;16;12m[48;2;56;16;12m▀[38;2;60;16;12m[48;2;64;20;12m▀[38;2;56;12;8m[48;2;60;16;8m▀[38;2;64;12;12m[48;2;64;16;12m▀[38;2;64;16;12m▀▀[38;2;64;16;8m▀[0m
[38;2;72;36;16m[48;2;80;44;16m▀[38;2;72;32;12m▀▀[38;2;68;36;8m[48;2;76;44;12m▀[48;2;76;40;12m▀[48;2;76;44;16m▀[38;2;68;36;12m[48;2;76;44;20m▀[38;2;64;28;12m[48;2;72;40;16m▀[38;2;52;16;4m[48;2;64;32;12m▀[38;2;44;8;0m[48;2;60;28;8m▀[38;2;52;8;8m[48;2;68;32;16m▀[38;2;56;12;12m[48;2;72;36;20m▀[38;2;52;8;4m[48;2;68;32;12m▀[38;2;48;4;4m[48;2;68;32;8m▀▀[38;2;44;0;0m[48;2;64;28;8m▀[48;2;64;24;12m▀[38;2;60;16;8m[48;2;76;36;20m▀[38;2;72;28;16m[48;2;80;44;20m▀[38;2;80;40;16m[48;2;80;44;16m▀[38;2;80;44;12m[48;2;80;44;12m▀[38;2;84;44;16m[48;2;84;44;16m▀[38;2;84;48;16m[48;2;84;48;16m▀[38;2;80;48;16m[48;2;84;48;20m▀[48;2;84;52;20m▀[38;2;84;60;24m[48;2;88;56;28m▀[38;2;108;88;56m[48;2;84;60;32m▀[38;2;112;96;64m[48;2;88;72;44m▀[38;2;104;92;56m[48;2;88;76;48m▀[38;2;112;100;68m[48;2;92;80;52m▀[38;2;116;108;88m[48;2;76;68;52m▀[38;2;88;84;68m[48;2;84;80;68m▀[38;2;88;92;80m[48;2;116;116;112m▀[38;2;88;92;84m[48;2;112;116;104m▀[38;2;104;92;72m[48;2;144;128;108m▀[38;2;208;168;140m[48;2;240;192;168m▀[38;2;255;216;184m[48;2;255;220;188m▀[38;2;255;220;192m[48;2;255;224;200m▀[38;2;255;228;208m[48;2;255;244;228m▀[38;2;255;240;224m[48;2;255;252;244m▀[38;2;255;228;208m[48;2;255;240;228m▀[38;2;255;208;192m[48;2;255;216;204m▀[38;2;255;204;180m[48;2;255;208;192m▀[38;2;255;196;172m[48;2;255;200;176m▀[38;2;255;184;152m[48;2;255;184;156m▀[38;2;248;168;132m[48;2;248;168;136m▀[38;2;240;160;120m[48;2;240;160;124m▀[38;2;224;144;104m[48;2;224;148;108m▀[38;2;204;128;88m[48;2;208;128;92m▀[38;2;184;112;72m[48;2;184;112;76m▀[38;2;152;84;52m[48;2;156;84;56m▀[38;2;128;60;36m[48;2;128;56;32m▀[38;2;104;48;28m[48;2;104;44;24m▀[38;2;80;40;32m[48;2;88;40;32m▀[38;2;32;12;20m[48;2;44;16;20m▀[38;2;0;0;16m[48;2;0;0;16m▀[38;2;8;8;24m[48;2;4;4;20m▀[38;2;36;36;44m[48;2;32;28;44m▀[38;2;48;36;44m[48;2;48;36;48m▀[38;2;48;28;28m[48;2;36;20;24m▀[38;2;52;32;24m[48;2;44;28;20m▀[38;2;52;28;24m[48;2;52;28;24m▀[38;2;52;24;16m[48;2;64;36;20m▀[38;2;64;36;20m[48;2;76;44;28m▀[38;2;72;36;20m[48;2;72;36;20m▀[38;2;52;16;4m[48;2;56;16;4m▀[38;2;60;16;8m[48;2;64;20;8m▀[38;2;68;20;12m[48;2;72;28;12m▀[38;2;68;20;8m[48;2;68;20;8m▀[38;2;68;20;12m[48;2;72;24;8m▀[38;2;64;20;16m[48;2;64;24;16m▀[38;2;56;20;16m[48;2;56;20;12m▀[38;2;48;8;8m[48;2;48;8;8m▀[38;2;56;16;8m[48;2;56;12;8m▀[38;2;68;20;12m[48;2;68;24;12m▀[38;2;64;16;8m[48;2;64;20;8m▀[38;2;68;20;12m[48;2;68;20;12m▀[48;2;68;20;8m▀[38;2;64;16;8m[48;2;64;16;4m▀[38;2;68;20;8m[48;2;68;20;8m▀[0m
[38;2;100;68;36m[48;2;92;64;28m▀[48;2;92;64;32m▀[48;2;92;68;32m▀[48;2;92;68;28m▀[38;2;96;68;36m▀[38;2;100;72;32m▀[38;2;100;76;36m[48;2;92;68;24m▀[48;2;92;72;24m▀[38;2;100;76;32m[48;2;92;72;28m▀[38;2;100;76;36m[48;2;96;72;28m▀[38;2;104;76;40m▀[38;2;104;80;40m[48;2;96;72;32m▀[38;2;104;76;36m▀[38;2;104;80;36m▀[38;2;108;80;40m[48;2;100;76;32m▀[48;2;104;80;36m▀[38;2;104;80;36m[48;2;100;76;28m▀[38;2;108;84;40m[48;2;108;84;32m▀[38;2;108;76;36m[48;2;116;92;40m▀[38;2;88;56;20m[48;2;104;76;32m▀[38;2;80;40;12m[48;2;80;44;12m▀[38;2;84;44;12m[48;2;84;44;12m▀[38;2;88;48;20m[48;2;88;52;20m▀[48;2;92;52;20m▀[48;2;88;52;20m▀[38;2;88;56;28m[48;2;88;56;24m▀[38;2;84;60;36m[48;2;84;60;32m▀[38;2;76;60;40m[48;2;80;56;40m▀[38;2;60;48;36m[48;2;28;12;4m▀[38;2;64;52;36m[48;2;64;52;40m▀[38;2;84;76;56m[48;2;96;88;72m▀[38;2;92;88;76m[48;2;76;68;52m▀[38;2;92;92;84m[48;2;80;72;64m▀[38;2;96;100;92m[48;2;112;100;80m▀[38;2;172;144;120m[48;2;212;160;136m▀[38;2;255;208;176m[48;2;255;208;172m▀[38;2;255;220;188m[48;2;255;216;188m▀[38;2;255;232;212m[48;2;255;232;216m▀[38;2;255;248;240m[48;2;255;248;240m▀[38;2;255;252;248m[48;2;255;252;248m▀[38;2;255;244;236m[48;2;255;240;236m▀[38;2;255;224;212m[48;2;255;216;208m▀[38;2;255;212;196m[48;2;255;208;192m▀[38;2;255;200;184m[48;2;255;196;180m▀[38;2;252;184;160m[48;2;255;184;160m▀[38;2;248;172;140m[48;2;244;172;144m▀[38;2;240;164;128m[48;2;232;156;128m▀[38;2;220;148;112m[48;2;216;140;112m▀[38;2;204;128;96m[48;2;200;124;96m▀[38;2;184;112;80m[48;2;180;104;80m▀[38;2;156;80;60m[48;2;148;76;56m▀[38;2;124;56;32m[48;2;120;52;32m▀[38;2;104;44;24m[48;2;104;44;28m▀[38;2;96;40;32m[48;2;96;40;28m▀[38;2;60;24;24m[48;2;64;24;28m▀[38;2;8;0;20m[48;2;12;0;16m▀[38;2;0;0;12m[48;2;0;0;12m▀[38;2;12;8;24m[48;2;4;4;20m▀[38;2;44;32;48m[48;2;32;20;40m▀[38;2;36;24;36m[48;2;28;16;32m▀[38;2;36;16;20m[48;2;28;8;24m▀[38;2;44;20;20m[48;2;36;12;20m▀[38;2;60;28;16m[48;2;52;24;28m▀[38;2;80;44;28m[48;2;76;40;28m▀[38;2;72;36;20m[48;2;72;36;20m▀[38;2;56;16;4m[48;2;56;16;4m▀[38;2;64;20;8m[48;2;64;24;12m▀[38;2;76;28;12m[48;2;76;32;16m▀[38;2;72;24;8m[48;2;76;28;16m▀[38;2;72;28;12m▀[38;2;68;28;16m[48;2;72;28;16m▀[38;2;60;20;12m[48;2;60;20;12m▀[38;2;48;8;8m[48;2;48;8;4m▀[38;2;60;16;8m[48;2;60;16;8m▀[38;2;72;24;12m[48;2;72;28;16m▀[38;2;68;20;12m[48;2;72;20;12m▀[38;2;72;24;12m[48;2;76;24;16m▀[38;2;68;20;12m[48;2;72;24;12m▀[38;2;68;20;8m[48;2;72;20;8m▀[38;2;72;24;12m[48;2;72;24;12m▀[0m
[38;2;80;56;20m[48;2;80;60;20m▀[48;2;76;52;16m▀[48;2;72;48;16m▀▀[38;2;84;60;24m[48;2;76;52;20m▀[48;2;80;56;24m▀[38;2;84;60;20m[48;2;80;56;16m▀[38;2;80;56;16m[48;2;76;52;12m▀[38;2;80;52;12m[48;2;76;52;16m▀[38;2;80;52;16m▀[38;2;80;56;20m▀[38;2;84;60;20m▀[38;2;84;60;24m▀[38;2;88;60;24m[48;2;76;52;20m▀[38;2;88;64;24m[48;2;84;56;20m▀[38;2;92;68;20m[48;2;84;64;20m▀[38;2;92;68;16m[48;2;88;64;20m▀[38;2;108;88;28m[48;2;112;92;28m▀[38;2;120;104;40m[48;2;128;112;44m▀[38;2;120;96;40m[48;2;128;104;44m▀[38;2;88;56;16m[48;2;96;64;20m▀[38;2;88;48;12m[48;2;88;52;12m▀[38;2;92;56;20m[48;2;92;60;20m▀▀[38;2;92;60;20m▀[48;2;96;64;24m▀[38;2;92;60;28m[48;2;100;68;32m▀[38;2;68;44;24m[48;2;84;60;28m▀[38;2;52;32;20m[48;2;76;52;28m▀[38;2;60;44;32m[48;2;68;52;32m▀[38;2;84;72;64m[48;2;64;56;40m▀[38;2;76;64;52m[48;2;64;52;40m▀[38;2;76;60;48m[48;2;60;40;28m▀[38;2;144;112;84m[48;2;164;120;88m▀[38;2;244;184;148m[48;2;255;196;156m▀[38;2;255;204;168m[48;2;255;204;164m▀[38;2;255;212;184m[48;2;255;212;180m▀[38;2;255;232;216m[48;2;255;232;216m▀[38;2;255;248;236m[48;2;255;248;236m▀[48;2;255;248;240m▀[38;2;255;236;228m[48;2;255;236;228m▀[38;2;255;212;200m[48;2;255;208;196m▀[38;2;255;200;188m[48;2;255;196;180m▀[38;2;255;192;176m[48;2;252;184;164m▀[38;2;252;180;160m[48;2;248;176;148m▀[38;2;240;168;140m[48;2;240;168;140m▀[38;2;228;152;124m[48;2;232;160;132m▀[38;2;212;136;104m[48;2;208;136;108m▀[38;2;192;120;88m[48;2;184;112;84m▀[38;2;168;96;68m[48;2;160;88;60m▀[38;2;140;72;52m[48;2;140;76;48m▀[38;2;120;52;32m[48;2;120;60;36m▀[38;2;104;40;24m[48;2;104;44;28m▀[38;2;92;40;24m[48;2;92;40;24m▀[38;2;64;28;24m[48;2;64;24;20m▀[38;2;12;0;12m[48;2;12;0;12m▀[38;2;0;0;16m[48;2;0;0;16m▀[38;2;0;0;20m▀[38;2;12;4;28m[48;2;4;0;20m▀[38;2;16;4;24m[48;2;12;0;24m▀[38;2;20;4;24m[48;2;16;0;20m▀[38;2;20;0;20m▀[38;2;32;8;24m[48;2;16;0;12m▀[38;2;60;36;24m[48;2;44;20;8m▀[38;2;72;40;20m[48;2;76;44;24m▀[38;2;52;16;8m[48;2;52;12;8m▀[38;2;68;24;8m[48;2;68;24;8m▀[38;2;80;36;16m[48;2;84;32;16m▀[38;2;76;28;12m[48;2;80;28;8m▀[38;2;80;28;16m[48;2;84;28;12m▀[38;2;76;28;16m[48;2;80;28;16m▀[38;2;64;20;8m[48;2;68;20;12m▀[38;2;52;12;4m[48;2;52;8;0m▀[38;2;64;16;8m[48;2;64;20;8m▀[38;2;76;28;12m[48;2;84;36;16m▀[38;2;72;20;8m[48;2;76;24;4m▀[38;2;80;24;12m[48;2;84;28;12m▀[38;2;76;24;12m[48;2;80;24;8m▀[38;2;76;20;4m[48;2;76;24;4m▀[38;2;76;28;12m[48;2;84;28;12m▀[0m
[38;2;84;60;20m[48;2;88;64;24m▀[38;2;76;52;16m[48;2;76;56;20m▀[38;2;68;44;12m[48;2;72;48;16m▀[48;2;76;48;16m▀[38;2;72;44;12m[48;2;68;44;12m▀[38;2;76;52;20m[48;2;76;48;16m▀[38;2;80;56;20m[48;2;80;56;20m▀[38;2;80;56;16m▀[38;2;80;56;20m▀[38;2;80;52;20m▀[38;2;76;52;16m[48;2;84;56;20m▀[38;2;80;52;20m[48;2;84;56;24m▀[38;2;76;52;16m[48;2;80;52;20m▀[38;2;76;52;20m[48;2;80;56;24m▀[38;2;80;56;20m[48;2;84;56;20m▀[38;2;88;64;20m[48;2;88;64;20m▀[38;2;92;68;24m[48;2;96;72;28m▀[38;2;116;96;36m[48;2;124;104;40m▀[38;2;136;116;48m[48;2;140;116;52m▀[38;2;132;104;44m[48;2;132;100;44m▀[38;2;96;64;20m[48;2;96;64;16m▀[38;2;88;56;12m[48;2;92;60;16m▀[38;2;96;64;20m[48;2;96;64;16m▀[38;2;96;60;20m▀[38;2;96;64;20m[48;2;100;64;20m▀[38;2;100;68;24m[48;2;96;68;20m▀[38;2;96;64;24m▀[38;2;100;68;28m[48;2;100;64;16m▀[38;2;104;72;32m[48;2;104;68;20m▀[38;2;88;68;36m[48;2;100;72;36m▀[38;2;68;52;36m[48;2;84;64;44m▀[38;2;44;24;20m[48;2;48;28;12m▀[38;2;60;32;24m[48;2;64;36;16m▀[38;2;192;144;116m[48;2;212;156;128m▀[38;2;255;200;164m[48;2;255;196;164m▀[38;2;255;200;168m[48;2;255;200;172m▀[38;2;255;220;192m[48;2;252;212;192m▀[38;2;255;244;228m[48;2;240;208;188m▀[38;2;255;255;248m[48;2;232;204;192m▀[38;2;255;255;255m[48;2;244;224;216m▀[38;2;255;244;236m[48;2;255;232;220m▀[38;2;255;212;200m[48;2;255;216;204m▀[38;2;252;184;168m[48;2;248;176;164m▀[38;2;244;168;152m[48;2;232;152;136m▀[38;2;240;168;144m[48;2;244;168;148m▀[38;2;244;176;148m[48;2;248;180;156m▀[38;2;240;172;144m[48;2;236;168;144m▀[38;2;208;136;112m[48;2;196;128;104m▀[38;2;176;108;80m[48;2;172;108;80m▀[38;2;156;92;64m[48;2;156;96;68m▀[38;2;136;76;52m[48;2;124;72;44m▀[38;2;116;56;36m[48;2;108;52;32m▀[38;2;104;44;28m[48;2;100;40;24m▀[38;2;92;36;24m[48;2;88;32;20m▀[38;2;64;24;20m[48;2;60;20;16m▀[38;2;8;0;12m[48;2;8;0;16m▀[38;2;0;0;20m[48;2;0;0;20m▀[38;2;0;0;16m[48;2;0;0;16m▀▀[38;2;8;4;20m[48;2;4;0;12m▀[38;2;16;4;20m[48;2;16;4;16m▀[38;2;12;0;12m[48;2;24;16;20m▀[38;2;16;0;8m[48;2;32;12;20m▀[38;2;52;24;12m[48;2;56;20;8m▀[38;2;80;44;24m[48;2;76;44;24m▀[38;2;56;12;8m[48;2;56;12;8m▀[38;2;72;24;8m[48;2;80;24;8m▀[38;2;92;36;16m[48;2;96;40;20m▀[38;2;88;32;8m[48;2;92;36;12m▀[38;2;84;32;8m[48;2;88;36;12m▀[38;2;84;32;16m[48;2;88;36;16m▀[38;2;72;24;12m[48;2;72;24;12m▀[38;2;56;8;0m[48;2;56;8;0m▀[38;2;72;24;12m[48;2;76;24;12m▀[38;2;88;40;20m[48;2;92;44;20m▀[38;2;76;24;4m[48;2;76;28;4m▀[38;2;88;32;12m[48;2;88;36;12m▀[38;2;84;28;8m[48;2;88;32;12m▀[38;2;80;24;4m[48;2;80;28;4m▀[38;2;88;32;12m[48;2;88;36;16m▀[0m
[38;2;88;68;28m[48;2;88;68;24m▀[38;2;80;56;20m[48;2;80;56;16m▀[38;2;80;52;20m[48;2;84;56;20m▀[38;2;84;60;24m[48;2;84;60;24m▀[38;2;72;48;16m[48;2;76;52;12m▀[38;2;80;52;16m[48;2;84;60;20m▀[38;2;84;56;20m[48;2;88;64;24m▀[48;2;84;60;20m▀[38;2;88;64;20m[48;2;92;64;24m▀[38;2;84;60;20m[48;2;84;60;20m▀[48;2;88;64;20m▀[38;2;84;56;20m[48;2;84;60;20m▀[38;2;80;56;24m[48;2;88;60;24m▀[38;2;88;60;28m[48;2;92;68;32m▀[38;2;84;60;20m[48;2;84;60;20m▀[48;2;84;64;16m▀[38;2;96;76;20m[48;2;100;80;20m▀[38;2;132;108;44m[48;2;136;112;44m▀[38;2;144;120;52m[48;2;148;124;52m▀[38;2;132;100;44m[48;2;132;104;40m▀[38;2;96;64;20m[48;2;100;64;16m▀[38;2;92;60;16m[48;2;96;64;16m▀[38;2;96;64;16m[48;2;100;72;16m▀[38;2;100;68;16m[48;2;104;72;16m▀[38;2;100;68;20m[48;2;104;72;20m▀[38;2;104;68;20m[48;2;104;76;20m▀[48;2;108;76;20m▀[38;2;100;68;20m▀[38;2;108;72;20m[48;2;108;76;16m▀[38;2;108;80;32m[48;2;108;84;24m▀[38;2;108;84;48m[48;2;100;80;36m▀[38;2;112;80;52m[48;2;164;120;88m▀[38;2;92;56;24m[48;2;160;104;72m▀[38;2;224;164;128m[48;2;232;160;124m▀[38;2;255;192;164m[48;2;255;188;156m▀[38;2;248;184;156m[48;2;248;188;156m▀[38;2;220;160;144m[48;2;236;184;164m▀[38;2;216;172;160m[48;2;255;224;212m▀[38;2;192;152;132m[48;2;248;208;192m▀[38;2;172;136;108m[48;2;200;148;124m▀[38;2;188;140;116m[48;2;184;128;100m▀[38;2;224;176;148m[48;2;200;144;112m▀[38;2;236;176;156m[48;2;240;180;156m▀[38;2;228;156;140m[48;2;244;184;164m▀[38;2;240;180;160m[48;2;228;168;152m▀[38;2;240;184;160m[48;2;172;124;100m▀[38;2;220;160;136m[48;2;120;80;60m▀[38;2;184;132;104m[48;2;96;60;40m▀[38;2;160;112;88m[48;2;84;52;32m▀[38;2;136;96;72m[48;2;84;52;36m▀[38;2;112;68;52m[48;2;88;48;40m▀[38;2;100;52;36m[48;2;96;48;36m▀[38;2;92;40;28m[48;2;88;36;32m▀[38;2;88;32;24m[48;2;84;28;28m▀[38;2;56;16;12m[48;2;60;16;20m▀[38;2;8;0;12m[48;2;12;0;12m▀[38;2;0;0;20m[48;2;0;0;16m▀[38;2;0;0;16m▀▀[38;2;0;0;12m▀[38;2;4;0;12m[48;2;0;0;12m▀[38;2;24;16;24m[48;2;0;0;4m▀[38;2;40;20;20m[48;2;40;20;20m▀[38;2;60;32;12m[48;2;84;52;36m▀[38;2;80;44;32m[48;2;80;44;24m▀[38;2;60;12;12m[48;2;60;16;8m▀[38;2;80;24;4m[48;2;80;28;4m▀[38;2;96;40;12m[48;2;100;44;8m▀[38;2;92;36;8m[48;2;96;40;8m▀[38;2;92;36;12m[48;2;96;40;12m▀[38;2;88;40;16m[48;2;88;40;12m▀[38;2;72;28;12m[48;2;72;28;12m▀[38;2;52;8;0m[48;2;52;4;0m▀[38;2;76;24;8m[48;2;76;28;8m▀[38;2;96;44;16m[48;2;100;48;16m▀[38;2;80;28;4m[48;2;84;28;0m▀[38;2;92;36;8m[48;2;96;36;8m▀[38;2;92;36;12m[48;2;96;40;12m▀[38;2;80;28;8m[48;2;84;32;8m▀[38;2;92;40;20m[48;2;96;44;20m▀[0m
[38;2;92;72;24m[48;2;96;72;24m▀[38;2;84;60;16m[48;2;88;68;20m▀[38;2;84;60;20m[48;2;88;64;20m▀▀[38;2;76;52;12m[48;2;80;56;12m▀[38;2;84;64;20m[48;2;84;64;16m▀[38;2;84;68;20m▀[48;2;88;72;16m▀[38;2;88;68;24m[48;2;92;76;24m▀[38;2;84;60;20m[48;2;92;68;20m▀[38;2;88;60;20m[48;2;84;60;16m▀[38;2;84;60;16m▀[38;2;92;68;24m[48;2;96;72;28m▀[38;2;96;72;28m▀[38;2;84;60;16m[48;2;88;64;16m▀[38;2;92;68;20m[48;2;96;76;20m▀[38;2;108;84;20m[48;2;112;92;20m▀[38;2;140;116;44m[48;2;148;124;48m▀[38;2;152;124;52m[48;2;156;128;52m▀[38;2;132;104;36m[48;2;132;104;32m▀[38;2;100;68;16m[48;2;100;72;16m▀[48;2;104;72;16m▀[38;2;104;76;16m[48;2;108;76;16m▀[38;2;108;72;16m▀[38;2;108;76;20m[48;2;112;76;16m▀[48;2;112;80;16m▀[38;2;108;80;24m▀[38;2;108;76;20m▀[48;2;112;76;16m▀[38;2;116;88;32m[48;2;116;92;36m▀[38;2;128;104;60m[48;2;116;96;44m▀[38;2;168;124;96m[48;2;132;92;56m▀[38;2;188;132;100m[48;2;220;168;132m▀[38;2;240;164;128m[48;2;252;172;136m▀[38;2;255;188;152m[48;2;255;188;156m▀[38;2;252;184;152m[48;2;252;196;168m▀[38;2;220;176;140m[48;2;252;200;168m▀[38;2;192;172;156m[48;2;240;204;176m▀[38;2;160;124;112m[48;2;176;128;100m▀[38;2;148;88;72m[48;2;136;76;48m▀[38;2;160;100;72m[48;2;168;104;72m▀[38;2;228;180;148m[48;2;252;224;196m▀[38;2;255;240;220m[48;2;255;255;240m▀[38;2;252;212;192m[48;2;244;208;184m▀[38;2;184;120;104m[48;2;148;84;60m▀[38;2;108;56;40m[48;2;92;44;32m▀[38;2;100;60;44m[48;2;80;44;36m▀[38;2;160;132;116m[48;2;180;156;144m▀[38;2;148;124;108m[48;2;176;152;140m▀[38;2;92;60;44m[48;2;112;84;72m▀[38;2;64;28;16m[48;2;84;48;36m▀[38;2;72;28;20m[48;2;72;32;28m▀[38;2;76;28;28m[48;2;76;28;28m▀[38;2;84;28;32m[48;2;84;32;32m▀[38;2;64;20;28m[48;2;64;24;32m▀[38;2;12;0;16m[48;2;12;0;16m▀[38;2;0;0;16m[48;2;8;0;16m▀[48;2;8;0;20m▀[48;2;4;4;16m▀[48;2;8;0;16m▀[38;2;0;0;12m[48;2;12;0;4m▀[38;2;8;0;8m[48;2;40;16;16m▀[38;2;20;0;4m[48;2;60;32;16m▀[38;2;44;16;8m[48;2;72;44;16m▀[38;2;80;44;20m[48;2;88;48;24m▀[38;2;60;12;4m[48;2;56;12;4m▀[38;2;80;28;4m[48;2;84;28;4m▀[38;2;104;44;16m[48;2;108;52;20m▀[38;2;100;40;12m[48;2;100;44;12m▀[38;2;96;40;12m▀[38;2;92;44;12m[48;2;96;44;12m▀[38;2;76;28;12m[48;2;76;32;12m▀[38;2;56;4;4m[48;2;56;4;4m▀[38;2;80;28;8m[48;2;80;28;4m▀[38;2;108;52;16m[48;2;112;56;12m▀[38;2;88;28;4m[48;2;92;32;4m▀[38;2;100;40;12m[48;2;100;44;8m▀[38;2;96;40;12m[48;2;96;40;8m▀[38;2;88;32;8m[48;2;88;32;4m▀[38;2;100;44;20m[48;2;108;48;20m▀[0m
[38;2;96;76;20m[48;2;100;84;24m▀[38;2;92;72;20m[48;2;96;76;20m▀[38;2;96;72;24m▀[38;2;92;68;20m[48;2;92;72;20m▀[38;2;88;64;20m[48;2;88;72;24m▀[38;2;88;68;20m[48;2;92;76;20m▀[38;2;92;72;20m[48;2;100;80;20m▀[38;2;100;80;24m[48;2;112;92;32m▀[38;2;104;88;28m[48;2;112;96;32m▀[38;2;104;80;28m[48;2;108;92;28m▀[38;2;92;72;20m[48;2;104;84;24m▀[38;2;88;68;16m[48;2;96;76;16m▀[38;2;96;72;24m[48;2;96;80;20m▀[38;2;100;76;28m[48;2;104;80;28m▀[38;2;92;72;20m▀[38;2;100;80;20m[48;2;108;84;28m▀[38;2;116;96;24m[48;2;128;108;32m▀[38;2;152;128;52m[48;2;160;136;60m▀[38;2;156;132;52m[48;2;164;136;56m▀[38;2;136;108;32m[48;2;140;104;40m▀[38;2;104;76;16m[48;2;104;64;16m▀[38;2;108;76;16m[48;2;108;68;20m▀[38;2;112;80;16m[48;2;108;72;20m▀[48;2;108;72;16m▀[48;2;108;72;20m▀[48;2;108;72;16m▀[38;2;116;80;20m[48;2;108;68;16m▀[48;2;108;68;20m▀[48;2;108;72;20m▀[38;2;116;88;36m[48;2;112;80;32m▀[38;2;116;100;44m[48;2;120;100;48m▀[38;2;140;112;64m[48;2;160;136;92m▀[38;2;248;192;160m[48;2;252;196;160m▀[38;2;255;176;136m[48;2;255;172;128m▀[38;2;255;184;156m[48;2;255;188;156m▀[38;2;255;212;196m[48;2;255;216;212m▀[38;2;255;192;176m[48;2;255;208;208m▀[38;2;244;160;132m[48;2;255;168;152m▀[38;2;228;148;120m[48;2;248;156;136m▀[38;2;228;164;140m[48;2;255;204;184m▀[38;2;248;216;188m[48;2;255;232;212m▀[38;2;255;240;216m[48;2;255;228;212m▀[48;2;255;216;200m▀[38;2;228;172;144m[48;2;204;132;112m▀[38;2;128;64;36m[48;2;120;56;36m▀[38;2;96;52;32m[48;2;112;64;44m▀[38;2;80;36;24m[48;2;104;56;32m▀[38;2;116;84;72m[48;2;132;92;68m▀[38;2;108;84;68m[48;2;140;112;88m▀[38;2;88;60;48m[48;2;100;68;48m▀[38;2;80;44;32m[48;2;80;36;24m▀[38;2;76;32;28m▀[38;2;84;36;32m[48;2;88;40;36m▀[38;2;88;36;32m▀[38;2;64;20;28m[48;2;56;20;20m▀[38;2;20;0;16m[48;2;32;0;12m▀[38;2;28;8;28m[48;2;56;20;36m▀[38;2;20;4;20m[48;2;20;4;16m▀[38;2;4;0;16m[48;2;4;0;8m▀[38;2;16;4;16m[48;2;20;4;12m▀[38;2;28;4;8m[48;2;48;24;16m▀[38;2;52;24;12m[48;2;68;40;16m▀[38;2;100;72;32m[48;2;80;44;12m▀[38;2;116;84;32m[48;2;100;60;24m▀[38;2;88;52;24m[48;2;88;44;20m▀[38;2;60;12;8m[48;2;56;4;4m▀[38;2;84;28;8m[48;2;84;24;12m▀[38;2;112;52;16m[48;2;112;56;12m▀[38;2;104;44;12m[48;2;108;48;4m▀[38;2;104;44;16m[48;2;108;48;12m▀[38;2;96;48;16m[48;2;104;48;16m▀[38;2;76;32;16m[48;2;76;32;12m▀[38;2;52;4;0m[48;2;52;4;0m▀[38;2;84;32;4m[48;2;88;32;8m▀[38;2;116;60;12m[48;2;120;68;12m▀[38;2;92;36;4m[48;2;100;40;4m▀[38;2;104;44;8m[48;2;112;48;8m▀[38;2;104;44;12m[48;2;112;48;12m▀[38;2;96;32;4m[48;2;100;36;4m▀[38;2;112;52;20m[48;2;116;56;20m▀[0m
[38;2;104;88;24m[48;2;108;88;24m▀[38;2;96;76;20m[48;2;100;80;20m▀[48;2;96;80;20m▀[38;2;92;72;20m[48;2;92;76;16m▀[38;2;92;76;16m[48;2;96;80;12m▀[38;2;100;80;20m[48;2;104;88;20m▀[38;2;104;88;24m[48;2;112;92;24m▀[38;2;120;100;32m[48;2;120;108;32m▀[38;2;116;100;32m[48;2;116;104;32m▀[38;2;108;92;24m[48;2;108;92;24m▀[48;2;108;92;20m▀[38;2;104;88;20m[48;2;104;88;20m▀[48;2;104;92;20m▀[38;2;108;88;28m[48;2;116;96;20m▀▀[38;2;112;92;28m▀[38;2;136;116;32m[48;2;140;120;32m▀[38;2;168;144;60m[48;2;172;152;60m▀[48;2;172;148;60m▀[38;2;132;96;32m[48;2;132;88;28m▀[38;2;92;44;4m[48;2;84;28;0m▀[38;2;96;44;12m[48;2;88;28;8m▀[48;2;88;32;8m▀[38;2;92;44;12m▀[48;2;84;32;8m▀[48;2;88;32;8m▀[38;2;92;44;8m[48;2;88;32;4m▀[48;2;92;36;4m▀[38;2;92;48;12m[48;2;100;44;12m▀[38;2;96;56;20m[48;2;104;48;20m▀[38;2;88;64;24m[48;2;88;52;20m▀[38;2;168;144;104m[48;2;172;140;100m▀[38;2;255;208;164m[48;2;255;200;156m▀[38;2;252;172;128m[48;2;252;172;128m▀[38;2;255;188;156m[48;2;255;188;152m▀[38;2;255;232;224m[48;2;255;220;216m▀[38;2;255;240;244m[48;2;255;208;208m▀[38;2;255;176;172m[48;2;240;144;132m▀[38;2;255;160;144m[48;2;200;92;76m▀[38;2;255;196;180m[48;2;236;156;144m▀[38;2;255;224;220m[48;2;255;216;220m▀[38;2;255;216;208m[48;2;255;216;216m▀[38;2;255;196;188m[48;2;240;176;176m▀[38;2;176;100;88m[48;2;152;76;64m▀[38;2;120;60;40m[48;2;116;56;40m▀[38;2;124;68;44m[48;2;120;60;40m▀[38;2;124;68;40m[48;2;128;68;48m▀[38;2;124;72;44m[48;2;136;72;52m▀[38;2;128;80;52m[48;2;140;76;56m▀[38;2;104;56;40m[48;2;124;64;48m▀[38;2;92;44;32m[48;2;108;52;40m▀[38;2;96;44;32m[48;2;104;48;36m▀[38;2;92;40;32m[48;2;92;40;28m▀[38;2;88;36;32m[48;2;84;36;28m▀[38;2;56;16;12m[48;2;60;16;16m▀[38;2;52;12;20m[48;2;68;24;28m▀[38;2;68;28;32m[48;2;48;12;16m▀[38;2;20;4;8m[48;2;24;4;4m▀[38;2;8;0;8m[48;2;16;4;8m▀[38;2;36;16;20m[48;2;28;4;12m▀[38;2;56;24;8m[48;2;76;32;16m▀[38;2;84;44;8m[48;2;84;32;4m▀[38;2;96;48;16m[48;2;92;36;4m▀[38;2;96;44;12m[48;2;92;36;0m▀[38;2;84;32;12m[48;2;88;32;12m▀[38;2;68;12;8m[48;2;88;28;16m▀[38;2;88;28;8m[48;2;96;36;8m▀[38;2;116;60;12m[48;2;120;60;8m▀[38;2;112;48;4m[48;2;116;56;4m▀[38;2;108;48;8m[48;2;112;52;4m▀[48;2;108;52;8m▀[38;2;84;28;8m[48;2;84;28;8m▀[38;2;52;0;0m[48;2;56;4;4m▀[38;2;88;36;0m[48;2;92;36;0m▀[38;2;124;76;8m[48;2;128;72;8m▀[38;2;104;48;4m[48;2;108;48;4m▀[38;2;116;56;8m[48;2;120;60;8m▀[38;2;112;52;8m[48;2;120;56;12m▀[38;2;104;40;4m[48;2;108;44;4m▀[38;2;120;60;16m[48;2;128;68;12m▀[0m
[38;2;112;92;28m[48;2;120;100;32m▀[38;2;104;84;20m[48;2;104;84;20m▀[38;2;104;88;24m[48;2;100;84;20m▀[38;2;100;84;16m▀[38;2;104;88;20m[48;2;108;92;24m▀[38;2;108;92;24m[48;2;108;92;20m▀[38;2;112;92;20m[48;2;112;92;20m▀[38;2;124;108;32m[48;2;124;108;32m▀[38;2;116;100;28m[48;2;120;100;28m▀[38;2;108;92;20m[48;2;112;92;16m▀[48;2;116;96;20m▀[38;2;108;92;16m▀[38;2;112;96;20m▀[38;2;120;104;28m[48;2;120;100;24m▀[38;2;124;104;28m[48;2;124;104;32m▀[38;2;124;104;24m[48;2;136;112;32m▀[38;2;148;128;36m[48;2;164;140;44m▀[38;2;180;160;60m[48;2;188;164;64m▀[38;2;180;152;60m[48;2;184;156;60m▀[38;2;136;88;28m[48;2;144;96;28m▀[38;2;88;28;0m[48;2;104;44;0m▀[38;2;92;32;0m[48;2;108;48;4m▀[38;2;96;36;4m[48;2;112;52;8m▀[48;2;112;52;4m▀▀[38;2;96;36;0m▀[38;2;96;40;0m[48;2;112;56;8m▀[38;2;100;44;0m[48;2;116;56;8m▀[38;2;96;40;0m[48;2;116;60;8m▀[38;2;104;48;12m[48;2;112;56;12m▀[38;2;100;60;20m[48;2;112;76;24m▀[38;2;156;120;76m[48;2;172;140;88m▀[38;2;255;192;148m[48;2;252;188;144m▀[38;2;255;176;128m[48;2;255;176;128m▀[38;2;255;176;136m[48;2;255;172;132m▀[38;2;255;180;164m[48;2;232;152;116m▀[38;2;224;132;120m[48;2;160;84;56m▀[38;2;152;52;36m[48;2;180;104;88m▀[38;2;180;88;72m[48;2;255;212;200m▀[38;2;248;200;188m[48;2;255;216;208m▀[38;2;255;232;228m[48;2;248;192;188m▀[38;2;255;240;240m[48;2;252;212;208m▀[38;2;228;148;156m[48;2;212;136;140m▀[38;2;148;72;60m[48;2;140;68;60m▀[38;2;120;60;44m[48;2;124;60;44m▀[38;2;108;48;32m[48;2;112;52;36m▀[38;2;116;52;36m[48;2;104;40;24m▀[38;2;136;68;52m[48;2;116;52;36m▀[38;2;144;76;60m[48;2;140;72;56m▀[38;2;128;64;48m[48;2;124;56;44m▀[38;2;112;48;36m[48;2;108;40;32m▀[38;2;104;44;32m[48;2;92;36;24m▀[38;2;88;36;24m[48;2;80;32;20m▀[38;2;80;32;24m[48;2;72;28;16m▀[38;2;68;20;16m[48;2;64;24;12m▀[38;2;68;28;28m[48;2;64;24;24m▀[38;2;32;4;4m[48;2;40;4;4m▀[38;2;40;8;8m[48;2;68;24;8m▀[38;2;40;8;4m[48;2;96;40;4m▀[38;2;56;16;4m[48;2;112;60;8m▀[38;2;92;40;12m[48;2;120;64;8m▀[38;2;96;40;0m[48;2;124;68;4m▀[38;2;100;40;0m[48;2;124;64;4m▀▀[48;2;124;64;8m▀▀[38;2;104;44;0m[48;2;124;64;4m▀[38;2;116;56;4m▀[38;2;120;60;0m[48;2;124;64;0m▀[38;2;116;56;4m[48;2;120;60;4m▀[38;2;112;56;8m[48;2;116;60;8m▀[38;2;88;32;8m[48;2;92;36;12m▀[38;2;56;4;0m[48;2;52;0;0m▀[38;2;92;36;0m[48;2;96;40;4m▀[38;2;140;80;12m[48;2;148;88;8m▀[38;2;112;52;4m[48;2;120;52;4m▀[38;2;124;64;8m[48;2;132;68;8m▀[38;2;124;60;12m[48;2;128;64;12m▀[38;2;112;48;0m[48;2;116;52;0m▀[38;2;136;72;16m[48;2;140;80;12m▀[0m
[38;2;120;104;28m[48;2;132;112;36m▀[38;2;104;88;16m[48;2;120;100;24m▀[38;2;100;84;16m▀[38;2;104;88;20m[48;2;124;108;32m▀[38;2;112;96;24m[48;2;128;112;32m▀[38;2;108;92;16m[48;2;128;108;28m▀[38;2;116;100;20m[48;2;132;112;28m▀[38;2;128;112;36m[48;2;140;120;36m▀[38;2;124;108;24m[48;2;132;112;28m▀[38;2;116;100;20m[48;2;136;116;32m▀[38;2;132;116;36m[48;2;144;128;44m▀[38;2;128;116;36m[48;2;132;120;36m▀[38;2;124;104;32m[48;2;132;116;36m▀[38;2;120;100;24m[48;2;124;108;32m▀[38;2;128;108;32m[48;2;132;116;36m▀[38;2;144;124;40m[48;2;152;132;44m▀[38;2;176;152;52m[48;2;188;164;60m▀[38;2;200;168;72m[48;2;204;176;72m▀[38;2;196;160;64m[48;2;200;164;64m▀[38;2;144;96;24m[48;2;144;96;20m▀[38;2;108;48;0m[48;2;108;48;0m▀[38;2;116;56;4m[48;2;116;52;0m▀▀[38;2;116;56;0m▀[38;2;116;60;4m[48;2;116;56;0m▀[38;2;120;60;4m[48;2;116;56;4m▀[48;2;116;60;4m▀[38;2;120;64;8m[48;2;116;64;4m▀[38;2;120;68;12m[48;2;120;64;8m▀[38;2;116;68;16m[48;2;120;68;12m▀[38;2;116;84;28m[48;2;120;84;24m▀[38;2;160;128;76m[48;2;128;100;44m▀[38;2;244;184;140m[48;2;240;192;144m▀[38;2;255;180;136m[48;2;252;188;144m▀[38;2;255;184;140m[48;2;248;188;144m▀[38;2;220;148;116m[48;2;240;180;144m▀[38;2;208;148;120m[48;2;200;148;116m▀[38;2;212;160;140m[48;2;164;108;88m▀[38;2;212;156;140m[48;2;216;152;144m▀[38;2;220;160;148m[48;2;228;160;156m▀[38;2;196;136;128m[48;2;216;148;144m▀[38;2;188;132;124m[48;2;184;132;124m▀[38;2;144;92;80m[48;2;152;108;96m▀[38;2;84;28;16m[48;2;68;24;12m▀[38;2;92;36;24m▀[38;2;112;48;36m[48;2;96;48;36m▀[38;2;100;40;28m[48;2;104;48;36m▀[38;2;100;36;20m[48;2;104;40;28m▀[38;2;124;56;40m[48;2;108;48;32m▀[38;2;112;52;36m[48;2;104;44;32m▀[38;2;100;40;28m[48;2;96;36;28m▀[38;2;92;32;20m[48;2;88;32;24m▀[38;2;76;28;20m[48;2;72;28;20m▀[38;2;68;24;16m[48;2;68;24;20m▀[38;2;72;28;24m[48;2;68;24;16m▀[38;2;64;24;20m[48;2;76;32;8m▀[38;2;72;32;12m[48;2;116;68;20m▀[38;2;128;76;24m[48;2;132;72;16m▀[38;2;136;80;12m[48;2;132;72;8m▀[38;2;132;76;12m▀[38;2;132;76;8m[48;2;132;72;4m▀[48;2;132;68;0m▀[38;2;128;72;4m[48;2;128;64;0m▀▀[38;2;132;72;8m[48;2;128;68;0m▀▀[38;2;132;72;4m▀▀[38;2;128;68;4m[48;2;132;72;4m▀[38;2;124;64;4m▀[38;2;124;68;8m[48;2;132;72;8m▀[38;2;96;44;12m[48;2;96;48;12m▀[38;2;52;4;0m[48;2;52;4;0m▀[38;2;100;44;4m[48;2;104;44;0m▀[38;2;156;92;8m[48;2;160;100;8m▀[38;2;124;56;4m[48;2;128;60;4m▀[38;2;136;72;8m[48;2;140;76;8m▀[38;2;136;72;12m[48;2;140;76;12m▀[38;2;120;56;0m[48;2;124;60;0m▀[38;2;148;88;12m[48;2;156;92;8m▀[0m
[38;2;140;120;40m[48;2;136;116;28m▀[38;2;144;124;36m[48;2;144;124;36m▀[38;2;144;124;40m[48;2;156;136;48m▀[38;2;140;124;40m[48;2;144;124;36m▀[38;2;144;124;40m[48;2;148;128;40m▀[38;2;156;136;48m[48;2;152;132;44m▀[38;2;152;132;44m[48;2;156;132;44m▀[38;2;152;128;44m▀[48;2;164;140;48m▀[38;2;156;136;48m[48;2;160;140;52m▀[38;2;144;132;44m[48;2;140;124;36m▀[38;2;128;116;28m[48;2;132;116;24m▀[38;2;140;124;36m[48;2;152;136;40m▀[38;2;140;124;40m[48;2;160;140;48m▀[38;2;148;128;48m[48;2;156;132;48m▀[38;2;160;136;48m[48;2;164;136;44m▀[38;2;192;168;64m[48;2;204;180;72m▀[38;2;212;184;76m[48;2;220;192;80m▀[38;2;204;172;68m[48;2;216;184;76m▀[38;2;152;104;24m[48;2;156;108;24m▀[38;2;112;52;0m[48;2;116;52;0m▀[38;2;120;52;4m[48;2;124;56;4m▀[38;2;120;56;4m[48;2;124;60;4m▀[38;2;116;56;0m[48;2;120;60;0m▀[38;2;120;56;0m[48;2;120;60;4m▀[38;2;120;60;4m[48;2;120;64;4m▀[38;2;116;60;4m▀[38;2;120;64;8m[48;2;124;68;8m▀▀[38;2;124;68;8m[48;2;116;64;4m▀[38;2;108;68;8m[48;2;144;112;56m▀[38;2;132;100;48m[48;2;164;144;92m▀[38;2;228;180;136m[48;2;176;140;100m▀[38;2;248;188;144m[48;2;208;156;120m▀[38;2;252;196;152m[48;2;224;172;132m▀[38;2;236;184;148m[48;2;220;164;128m▀[38;2;176;132;96m[48;2;192;140;100m▀[38;2;168;112;92m[48;2;240;188;176m▀[38;2;136;76;64m[48;2;196;124;128m▀[38;2;220;180;172m[48;2;212;172;172m▀[38;2;232;180;176m[48;2;248;248;248m▀[38;2;192;120;116m[48;2;212;200;196m▀[38;2;160;92;84m[48;2;160;128;120m▀[38;2;108;60;48m[48;2;104;56;48m▀[38;2;88;40;28m[48;2;92;40;36m▀[38;2;80;32;24m[48;2;84;40;32m▀[38;2;92;44;36m[48;2;68;32;20m▀[38;2;100;52;40m[48;2;80;40;28m▀[38;2;100;48;36m[48;2;96;48;40m▀[38;2;96;40;32m[48;2;92;44;36m▀[38;2;88;36;24m[48;2;84;36;24m▀[38;2;80;28;20m[48;2;76;32;20m▀[38;2;72;32;24m[48;2;68;32;28m▀[38;2;60;16;16m[48;2;44;8;12m▀[38;2;72;28;12m[48;2;76;36;20m▀[38;2;112;60;12m[48;2;132;76;24m▀[38;2;132;72;4m[48;2;136;72;0m▀[38;2;136;72;8m[48;2;136;76;0m▀[48;2;140;76;4m▀[38;2;132;68;4m[48;2;140;72;0m▀[38;2;136;68;0m▀[38;2;132;68;0m[48;2;140;72;4m▀[38;2;136;68;4m[48;2;140;76;4m▀[38;2;132;68;0m▀[38;2;132;72;4m▀▀[48;2;140;80;4m▀[38;2;132;72;0m[48;2;140;80;0m▀[38;2;140;80;4m[48;2;148;84;4m▀[38;2;136;80;8m[48;2;148;88;8m▀[38;2;136;76;4m[48;2;148;84;8m▀[38;2;104;52;8m[48;2;112;52;8m▀[38;2;52;4;0m[48;2;52;0;0m▀[38;2;104;48;0m[48;2;112;52;0m▀[38;2;168;108;4m[48;2;180;116;4m▀[38;2;132;68;4m[48;2;140;72;0m▀[38;2;144;80;8m[48;2;156;88;4m▀[38;2;148;84;8m[48;2;156;88;8m▀[38;2;128;64;0m[48;2;140;68;0m▀[38;2;160;100;8m[48;2;172;108;8m▀[0m
[38;2;132;112;28m[48;2;136;116;32m▀[38;2;140;120;32m[48;2;144;124;36m▀[38;2;160;144;52m[48;2;168;152;56m▀[38;2;148;132;40m[48;2;156;140;44m▀[38;2;144;128;36m[48;2;156;136;44m▀[38;2;136;120;24m[48;2;152;128;32m▀[38;2;148;128;32m[48;2;160;140;40m▀[38;2;156;136;40m[48;2;168;144;44m▀[38;2;164;140;48m[48;2;164;144;44m▀[38;2;156;136;44m[48;2;156;136;44m▀[38;2;144;124;36m[48;2;156;136;40m▀[38;2;140;120;28m[48;2;156;132;36m▀[38;2;168;148;52m[48;2;180;160;60m▀[48;2;176;152;52m▀[38;2;148;124;32m[48;2;152;128;32m▀[38;2;168;140;40m[48;2;180;152;52m▀[38;2;216;188;72m[48;2;228;200;80m▀[38;2;232;204;88m[48;2;240;208;92m▀[38;2;228;196;84m[48;2;236;200;84m▀[38;2;160;112;28m[48;2;164;112;24m▀[38;2;116;56;0m[48;2;124;60;0m▀[38;2;124;60;0m[48;2;136;72;8m▀[38;2;128;64;4m▀[38;2;124;64;4m[48;2;132;72;4m▀[38;2;124;68;4m[48;2;132;72;0m▀[38;2;124;64;0m[48;2;132;72;4m▀[38;2;128;68;0m▀[38;2;128;68;4m[48;2;136;76;8m▀[38;2;128;72;8m[48;2;140;80;16m▀[38;2;136;88;28m[48;2;152;104;48m▀[38;2;176;144;92m[48;2;124;92;44m▀[38;2;132;108;56m[48;2;116;84;36m▀[38;2;128;104;64m[48;2;152;124;88m▀[38;2;172;136;100m[48;2;140;112;84m▀[38;2;176;136;100m[48;2;140;120;84m▀[38;2;196;148;108m[48;2;176;136;96m▀[38;2;212;156;120m[48;2;224;172;136m▀[38;2;255;212;196m[48;2;255;208;188m▀[38;2;255;184;184m[48;2;252;192;184m▀[38;2;224;124;136m[48;2;228;148;144m▀[38;2;224;160;168m[48;2;204;112;116m▀[38;2;244;212;208m[48;2;204;108;116m▀[38;2;208;160;160m[48;2;168;72;84m▀[38;2;128;68;68m[48;2;116;36;44m▀[38;2;84;24;24m[48;2;96;28;32m▀[38;2;84;36;32m[48;2;92;44;40m▀[38;2;84;48;36m[48;2;100;60;48m▀[38;2;80;44;32m[48;2;96;56;44m▀[38;2;92;48;36m[48;2;84;44;32m▀[38;2;88;44;32m[48;2;80;40;32m▀[38;2;80;36;32m[48;2;72;32;28m▀[38;2;72;28;28m[48;2;52;20;24m▀[38;2;52;20;24m[48;2;24;4;8m▀[38;2;32;4;12m[48;2;48;20;24m▀[38;2;40;4;0m[48;2;64;28;28m▀[38;2;112;56;16m[48;2;92;32;4m▀[38;2;140;76;12m[48;2;148;84;16m▀[38;2;136;72;4m[48;2;144;80;8m▀[38;2;136;76;0m[48;2;144;80;4m▀[38;2;140;76;0m▀[48;2;148;84;4m▀[48;2;144;84;4m▀[38;2;140;76;4m[48;2;148;88;0m▀▀[38;2;140;76;0m[48;2;152;84;0m▀[48;2;148;80;0m▀[38;2;144;80;0m▀[38;2;148;84;0m[48;2;156;92;0m▀[38;2;152;92;4m[48;2;168;104;4m▀[38;2;156;96;4m[48;2;164;104;4m▀[38;2;156;92;8m[48;2;164;96;4m▀[38;2;116;56;16m[48;2;120;60;12m▀[38;2;56;0;0m[48;2;56;0;0m▀[38;2;120;60;4m[48;2;128;64;0m▀[38;2;196;128;4m[48;2;208;136;4m▀[38;2;152;80;4m[48;2;164;84;4m▀[38;2;168;96;4m[48;2;176;100;4m▀[38;2;168;96;8m[48;2;176;104;8m▀[38;2;148;76;0m[48;2;156;84;4m▀[38;2;188;120;8m[48;2;196;128;4m▀[0m
[38;2;156;140;44m[48;2;172;156;48m▀[38;2;164;148;48m[48;2;184;164;60m▀[38;2;168;152;52m[48;2;176;160;60m▀[38;2;156;140;40m[48;2;152;136;40m▀[38;2;148;132;36m[48;2;140;120;24m▀[38;2;168;144;44m[48;2;164;144;44m▀[38;2;172;148;48m[48;2;172;148;44m▀[38;2;172;152;44m[48;2;172;152;44m▀[38;2;172;156;44m[48;2;180;160;52m▀[38;2;168;152;44m[48;2;172;156;48m▀[38;2;168;144;40m[48;2;164;144;40m▀[38;2;164;144;36m[48;2;172;152;44m▀[38;2;188;168;56m[48;2;188;168;56m▀[38;2;184;164;56m[48;2;192;172;60m▀[38;2;172;148;48m[48;2;188;164;56m▀[38;2;196;168;60m[48;2;204;176;64m▀[38;2;240;208;84m[48;2;252;220;92m▀[38;2;244;212;92m[48;2;248;216;88m▀[38;2;236;200;80m[48;2;236;200;72m▀[38;2;172;112;16m[48;2;188;124;16m▀[38;2;136;68;0m[48;2;168;88;4m▀[38;2;140;76;8m[48;2;164;88;4m▀[38;2;140;72;4m[48;2;160;88;4m▀[38;2;140;72;0m▀[38;2;140;76;0m[48;2;156;84;4m▀[38;2;144;76;4m[48;2;156;84;0m▀[38;2;140;80;4m[48;2;152;84;0m▀[48;2;152;84;4m▀[38;2;144;88;16m[48;2;152;88;4m▀[38;2;140;88;24m[48;2;140;96;20m▀[38;2;116;76;28m[48;2;136;116;80m▀[38;2;168;140;100m[48;2;176;160;128m▀[38;2;176;144;112m[48;2;164;128;100m▀[38;2;132;108;76m[48;2;180;140;112m▀[38;2;120;108;72m[48;2;100;84;52m▀[38;2;164;128;96m[48;2;140;120;88m▀[38;2;232;188;156m[48;2;216;180;152m▀[38;2;255;216;196m[48;2;255;228;204m▀[38;2;255;204;188m[48;2;255;220;200m▀[38;2;216;156;140m[48;2;240;200;180m▀[38;2;152;92;84m[48;2;176;136;120m▀[38;2;128;72;64m[48;2;136;100;80m▀[38;2;104;56;44m[48;2;136;100;84m▀[38;2;92;40;28m[48;2;120;84;64m▀[38;2;96;44;32m[48;2;104;68;44m▀[38;2;88;48;36m[48;2;88;48;32m▀[38;2;84;44;32m[48;2;76;36;28m▀[38;2;76;36;24m[48;2;56;20;20m▀[38;2;68;32;24m[48;2;48;16;20m▀[38;2;60;24;28m[48;2;44;16;24m▀[38;2;52;20;28m[48;2;32;8;20m▀[38;2;32;8;20m[48;2;24;0;20m▀[38;2;12;0;12m[48;2;12;0;20m▀[38;2;28;8;8m[48;2;16;0;8m▀[38;2;96;56;40m[48;2;44;8;4m▀[38;2;128;76;24m[48;2;88;40;20m▀[38;2;156;92;24m[48;2;112;52;16m▀[38;2;156;88;12m[48;2;152;84;8m▀[38;2;160;92;4m[48;2;172;100;0m▀[38;2;160;92;0m▀[38;2;164;92;4m[48;2;172;104;0m▀[38;2;164;96;4m[48;2;176;104;0m▀[38;2;164;96;0m▀▀▀[38;2;164;92;0m▀[38;2;164;96;0m▀[38;2;172;104;0m[48;2;184;112;0m▀[38;2;180;112;4m[48;2;184;116;0m▀[38;2;172;108;0m[48;2;180;108;0m▀[38;2;172;100;4m[48;2;180;104;4m▀[38;2;128;64;12m[48;2;136;68;12m▀[38;2;60;0;0m[48;2;56;0;0m▀[38;2;132;68;0m[48;2;136;68;0m▀[38;2;212;140;4m[48;2;220;148;8m▀[38;2;172;92;4m[48;2;176;92;8m▀[38;2;184;104;4m[48;2;188;108;4m▀[38;2;184;108;8m[48;2;196;116;8m▀[38;2;160;84;0m[48;2;164;84;0m▀[38;2;200;132;4m[48;2;204;136;4m▀[0m
[38;2;188;168;52m[48;2;208;188;64m▀[38;2;192;172;64m[48;2;208;192;68m▀[38;2;188;172;64m[48;2;212;192;76m▀[38;2;168;152;52m[48;2;184;164;52m▀[38;2;160;144;40m[48;2;188;168;56m▀[38;2;176;152;52m[48;2;200;176;60m▀[38;2;176;152;48m[48;2;188;168;52m▀[38;2;176;156;44m[48;2;192;168;52m▀[38;2;184;160;48m[48;2;196;172;56m▀[38;2;184;164;52m[48;2;208;184;72m▀[38;2;168;148;36m[48;2;184;160;48m▀[38;2;172;152;40m[48;2;172;148;36m▀[38;2;192;172;60m[48;2;204;180;68m▀[38;2;200;176;64m[48;2;208;176;64m▀[38;2;192;164;60m[48;2;220;180;96m▀[38;2;228;196;112m[48;2;255;228;208m▀[38;2;255;224;128m[48;2;244;172;144m▀[38;2;252;212;96m[48;2;252;200;148m▀[38;2;244;200;80m[48;2;240;192;84m▀[38;2;196;132;16m[48;2;184;120;8m▀[38;2;192;112;12m[48;2;176;100;4m▀[38;2;192;116;16m[48;2;176;104;0m▀[38;2;188;116;16m[48;2;176;108;4m▀[38;2;188;116;8m[48;2;180;108;4m▀[38;2;180;112;4m[48;2;180;108;0m▀[38;2;180;108;4m▀[38;2;176;104;4m[48;2;176;104;0m▀[38;2;176;100;0m[48;2;164;108;16m▀[38;2;160;96;20m[48;2;172;152;108m▀[38;2;184;164;116m[48;2;180;188;172m▀[38;2;136;128;104m[48;2;92;88;72m▀[38;2;172;160;132m[48;2;180;172;144m▀[38;2;184;144;112m[48;2;208;176;144m▀[38;2;208;160;132m[48;2;196;148;120m▀[38;2;132;112;80m[48;2;188;160;128m▀[38;2;100;84;52m[48;2;100;88;56m▀[38;2;156;124;96m[48;2;100;84;56m▀[38;2;224;184;160m[48;2;156;124;100m▀[38;2;224;184;164m[48;2;168;140;116m▀[38;2;216;180;156m[48;2;172;136;112m▀[38;2;180;144;120m[48;2;140;104;80m▀[38;2;140;104;84m[48;2;120;88;68m▀[48;2;120;84;68m▀[38;2;128;92;76m[48;2;92;56;44m▀[38;2;112;72;60m[48;2;80;44;40m▀[38;2;88;48;40m[48;2;64;28;36m▀[38;2;64;32;28m[48;2;36;8;24m▀[38;2;40;16;16m[48;2;24;4;16m▀[38;2;36;8;16m[48;2;24;0;12m▀[38;2;32;4;12m[48;2;28;0;12m▀[38;2;28;0;16m[48;2;40;12;24m▀[38;2;28;12;24m[48;2;36;16;28m▀[38;2;4;0;8m[48;2;4;4;8m▀[38;2;16;8;12m[48;2;0;0;0m▀[38;2;84;52;32m[48;2;44;24;16m▀[38;2;112;56;16m[48;2;148;100;40m▀[38;2;124;64;8m[48;2;192;120;24m▀[38;2;176;104;0m[48;2;192;112;0m▀[38;2;196;116;4m[48;2;196;116;0m▀[38;2;192;116;0m▀[38;2;192;116;4m[48;2;196;120;0m▀[38;2;196;120;4m▀[38;2;196;116;0m[48;2;196;116;0m▀▀[38;2;192;116;0m[48;2;192;116;0m▀[38;2;192;120;0m[48;2;192;120;0m▀[38;2;196;120;0m[48;2;196;120;0m▀[38;2;192;116;4m[48;2;204;124;0m▀[48;2;200;120;0m▀[38;2;188;108;0m[48;2;192;112;0m▀[38;2;188;108;4m▀[38;2;140;72;12m[48;2;144;72;12m▀[38;2;56;4;0m[48;2;60;0;4m▀[38;2;140;68;0m[48;2;140;68;0m▀[38;2;228;148;8m[48;2;232;152;8m▀[38;2;180;96;8m[48;2;184;96;8m▀[38;2;192;112;0m[48;2;196;112;0m▀[38;2;200;124;4m[48;2;204;124;4m▀[38;2;164;88;0m[48;2;172;92;0m▀[38;2;212;140;4m[48;2;216;144;4m▀[0m
[38;2;212;192;64m[48;2;212;196;64m▀[38;2;216;200;72m[48;2;220;204;76m▀[38;2;220;200;80m[48;2;212;192;72m▀[38;2;176;152;40m[48;2;164;144;32m▀[38;2;192;168;52m[48;2;184;164;48m▀[38;2;212;188;64m[48;2;208;184;64m▀[38;2;204;180;60m[48;2;212;184;68m▀[38;2;212;188;68m[48;2;216;192;72m▀[38;2;208;184;64m[48;2;212;188;60m▀[38;2;224;196;80m[48;2;216;192;68m▀[38;2;192;168;52m[48;2;188;164;48m▀[38;2;180;152;44m[48;2;188;164;44m▀[38;2;224;192;84m[48;2;232;204;80m▀[38;2;228;192;80m[48;2;248;220;136m▀[38;2;252;220;172m[48;2;255;240;220m▀[38;2;252;208;208m[48;2;220;152;140m▀[38;2;204;96;96m[48;2;168;72;60m▀[38;2;220;140;112m[48;2;180;100;44m▀[38;2;220;160;52m[48;2;240;188;64m▀[38;2;184;116;8m[48;2;200;132;16m▀[38;2;164;88;0m[48;2;168;92;0m▀[38;2;172;92;4m[48;2;172;92;0m▀[38;2;168;96;0m[48;2;164;96;0m▀[38;2;164;96;0m[48;2;168;112;28m▀[38;2;164;92;0m[48;2;176;140;84m▀[38;2;160;104;12m[48;2;176;164;128m▀[38;2;168;124;60m[48;2;164;164;144m▀[38;2;172;152;120m[48;2;148;148;140m▀[38;2;164;168;152m[48;2;148;156;140m▀[38;2;156;160;144m[48;2;140;148;132m▀[38;2;84;76;64m[48;2;72;68;56m▀[38;2;180;168;148m[48;2;172;160;144m▀[38;2;228;204;180m[48;2;216;200;180m▀[38;2;192;160;132m[48;2;212;192;168m▀[38;2;184;156;124m[48;2;180;160;136m▀[38;2;164;140;112m[48;2;160;140;112m▀[38;2;108;88;64m[48;2;160;136;112m▀[38;2;92;68;48m[48;2;116;92;68m▀[38;2;104;80;60m[48;2;76;48;32m▀[38;2;104;76;60m[48;2;56;28;16m▀[38;2;100;68;56m[48;2;40;16;4m▀[38;2;100;72;60m[48;2;48;24;16m▀[38;2;80;48;44m[48;2;44;20;16m▀[38;2;56;24;24m[48;2;28;4;8m▀[38;2;48;16;24m[48;2;20;0;12m▀[38;2;40;8;24m[48;2;20;0;16m▀[38;2;20;0;20m[48;2;24;4;16m▀[38;2;16;0;16m[48;2;28;8;20m▀[38;2;20;0;12m[48;2;40;16;20m▀[38;2;36;12;20m[48;2;44;12;8m▀[38;2;48;16;24m[48;2;116;72;56m▀[38;2;40;16;24m[48;2;192;148;140m▀[38;2;0;0;4m[48;2;48;24;24m▀[38;2;4;0;12m[48;2;4;0;4m▀[48;2;8;4;16m▀[38;2;32;8;4m[48;2;0;0;8m▀[38;2;136;80;28m[48;2;16;4;12m▀[38;2;172;108;20m[48;2;76;44;24m▀[38;2;168;100;4m[48;2;132;76;20m▀[38;2;168;96;0m[48;2;148;84;16m▀[48;2;152;80;4m▀[38;2;172;96;4m[48;2;156;76;0m▀[38;2;172;96;0m[48;2;152;76;0m▀[38;2;172;100;0m[48;2;156;80;0m▀[38;2;168;100;0m[48;2;144;76;0m▀[38;2;164;96;4m[48;2;108;44;0m▀[38;2;180;108;0m[48;2;152;80;0m▀[38;2;220;140;4m[48;2;236;152;4m▀[38;2;212;124;0m[48;2;220;128;0m▀[38;2;200;112;0m[48;2;204;116;0m▀[38;2;196;116;0m▀[38;2;148;76;12m[48;2;152;76;12m▀[38;2;60;0;4m[48;2;64;0;4m▀[38;2;144;68;0m[48;2;144;72;0m▀[38;2;236;156;8m[48;2;240;156;4m▀[38;2;188;104;8m[48;2;192;108;4m▀[38;2;200;116;0m[48;2;208;120;0m▀[38;2;208;128;4m[48;2;212;132;8m▀[38;2;172;96;0m[48;2;176;96;0m▀[38;2;224;148;4m[48;2;232;152;4m▀[0m
[38;2;208;192;60m[48;2;180;164;36m▀[38;2;212;196;68m[48;2;196;180;52m▀[38;2;208;188;68m[48;2;208;192;64m▀[38;2;184;164;48m[48;2;200;184;60m▀[38;2;196;176;56m[48;2;212;192;64m▀[38;2;212;188;64m[48;2;224;204;72m▀[38;2;220;196;68m[48;2;228;212;80m▀[38;2;224;200;76m[48;2;232;216;80m▀[38;2;216;192;64m[48;2;224;204;72m▀[38;2;204;176;52m[48;2;216;188;64m▀[38;2;192;164;48m[48;2;212;188;68m▀[38;2;208;184;60m[48;2;228;200;60m▀[38;2;240;212;112m[48;2;252;236;164m▀[38;2;255;248;212m[48;2;255;255;252m▀[38;2;248;208;196m[48;2;236;192;188m▀[38;2;176;100;84m[48;2;220;156;156m▀[38;2;156;76;36m[48;2;216;148;100m▀[38;2;224;176;64m[48;2;255;244;128m▀[38;2;255;244;96m[48;2;255;255;128m▀[38;2;220;152;12m[48;2;216;180;84m▀[38;2;184;112;8m[48;2;180;160;116m▀[38;2;188;136;52m[48;2;168;160;140m▀[38;2;180;152;104m[48;2;144;148;136m▀[38;2;172;164;132m[48;2;132;140;124m▀[38;2;152;160;140m▀[38;2;140;152;132m[48;2;116;124;104m▀[38;2;124;140;120m[48;2;120;132;116m▀[38;2;128;140;120m[48;2;128;140;124m▀[38;2;136;148;128m[48;2;132;136;124m▀[38;2;124;136;120m[48;2;116;120;108m▀[38;2;60;56;44m[48;2;60;56;44m▀[38;2;160;148;132m[48;2;136;128;112m▀[38;2;212;204;184m[48;2;216;208;184m▀[38;2;204;192;172m[48;2;208;196;172m▀[38;2;212;196;176m▀[38;2;184;164;136m[48;2;200;188;168m▀[38;2;148;124;100m[48;2;180;160;136m▀[38;2;152;120;100m[48;2;140;108;88m▀[38;2;128;96;80m[48;2;144;108;88m▀[38;2;84;60;44m[48;2;132;96;76m▀[38;2;56;28;20m[48;2;108;64;48m▀[38;2;32;8;4m[48;2;88;44;36m▀[38;2;28;4;4m[48;2;68;32;24m▀[38;2;32;4;8m[48;2;56;24;20m▀[38;2;32;8;16m[48;2;48;20;20m▀[38;2;36;12;20m[48;2;44;20;20m▀[38;2;40;16;24m[48;2;44;24;20m▀[38;2;44;20;28m[48;2;48;24;24m▀[38;2;52;28;24m[48;2;52;32;24m▀[38;2;68;32;16m[48;2;60;32;12m▀[38;2;236;200;180m[48;2;216;172;156m▀[38;2;252;192;176m[48;2;236;180;164m▀[38;2;140;84;76m[48;2;176;120;100m▀[38;2;44;20;12m[48;2;124;84;68m▀[38;2;4;0;4m[48;2;28;12;8m▀[38;2;4;4;12m[48;2;0;0;8m▀[38;2;0;0;12m[48;2;4;0;16m▀[38;2;4;0;8m[48;2;8;0;16m▀[38;2;36;12;12m[48;2;12;0;16m▀[38;2;84;52;36m[48;2;12;0;20m▀[38;2;132;88;32m[48;2;32;12;16m▀[38;2;168;108;20m[48;2;72;44;24m▀[38;2;176;108;16m[48;2;124;88;44m▀[38;2;184;108;4m[48;2;172;124;44m▀[38;2;152;80;8m[48;2;156;100;36m▀[38;2;76;12;4m[48;2;64;12;0m▀[38;2;140;72;0m[48;2;144;72;0m▀[38;2;240;156;4m[48;2;244;160;0m▀[38;2;224;132;0m[48;2;228;132;0m▀[38;2;212;116;0m[48;2;216;120;0m▀[38;2;208;120;0m[48;2;212;124;4m▀[38;2;156;80;12m[48;2;160;88;12m▀[38;2;64;4;0m[48;2;64;4;0m▀[38;2;144;72;0m[48;2;148;72;0m▀[38;2;240;160;0m[48;2;244;164;4m▀[38;2;192;112;0m[48;2;200;116;0m▀[38;2;208;124;0m[48;2;216;128;0m▀[38;2;220;136;4m[48;2;224;136;4m▀[38;2;184;100;0m[48;2;184;96;0m▀[38;2;236;156;4m[48;2;236;156;4m▀[0m
[38;2;184;164;40m[48;2;196;176;56m▀[38;2;192;176;52m▀[38;2;196;180;56m[48;2;200;176;56m▀[38;2;200;184;60m[48;2;204;184;64m▀[38;2;212;196;68m[48;2;208;188;64m▀[38;2;220;200;72m▀[38;2;224;204;76m[48;2;208;184;64m▀[38;2;228;212;80m[48;2;212;188;64m▀[38;2;228;204;72m[48;2;216;192;64m▀[38;2;220;192;68m[48;2;220;196;68m▀[38;2;212;184;56m[48;2;208;184;56m▀[38;2;228;196;80m[48;2;236;212;140m▀[38;2;255;252;220m[48;2;255;255;252m▀[38;2;255;252;244m[48;2;252;255;248m▀[38;2;255;248;244m[48;2;255;236;232m▀[38;2;255;244;248m[48;2;216;152;144m▀[38;2;212;148;128m[48;2;156;104;84m▀[38;2;208;192;144m[48;2;136;132;112m▀[38;2;184;180;144m[48;2;124;124;108m▀[38;2;148;148;124m[48;2;116;116;104m▀[38;2;128;140;124m[48;2;120;124;108m▀[38;2;120;132;108m[48;2;128;132;116m▀[48;2;108;116;100m▀[38;2;128;132;116m[48;2;120;124;108m▀[38;2;116;120;108m[48;2;92;92;80m▀[38;2;104;108;92m[48;2;104;108;92m▀[38;2;120;128;112m[48;2;120;124;112m▀[38;2;128;136;120m[48;2;116;120;108m▀[38;2;120;120;108m[48;2;92;96;80m▀[38;2;104;104;92m[48;2;96;96;84m▀[38;2;68;60;52m[48;2;72;68;60m▀[38;2;104;92;84m[48;2;68;60;52m▀[38;2;212;204;184m[48;2;204;192;176m▀[38;2;208;196;172m[48;2;208;196;172m▀[38;2;208;196;176m[48;2;208;196;176m▀[38;2;200;188;164m[48;2;200;192;168m▀[38;2;200;184;164m[48;2;192;184;164m▀[38;2;180;160;144m[48;2;192;180;164m▀[38;2;140;112;96m[48;2;176;164;148m▀[38;2;132;96;80m[48;2;92;76;64m▀[38;2;116;76;60m[48;2;88;76;56m▀[38;2;92;52;40m[48;2;124;116;96m▀[38;2;84;52;36m[48;2;152;140;124m▀[38;2;92;64;52m[48;2;128;116;96m▀[38;2;72;48;40m[48;2;92;76;60m▀[38;2;56;36;28m[48;2;72;60;44m▀[38;2;52;36;28m[48;2;68;56;44m▀[38;2;52;32;20m[48;2;56;32;16m▀[38;2;52;28;12m[48;2;104;64;48m▀[38;2;64;28;8m[48;2;228;180;168m▀[38;2;92;48;36m[48;2;108;60;48m▀[38;2;204;160;148m[48;2;104;56;40m▀[38;2;196;144;124m[48;2;212;164;140m▀[38;2;148;100;80m[48;2;176;128;104m▀[38;2;100;72;56m[48;2;164;132;104m▀[38;2;28;12;12m[48;2;96;76;60m▀[38;2;8;0;12m[48;2;8;0;4m▀[38;2;12;0;20m[48;2;12;0;20m▀▀[48;2;8;0;20m▀[38;2;8;0;20m[48;2;12;0;20m▀[38;2;12;4;16m[48;2;20;4;16m▀[38;2;36;24;20m[48;2;28;16;24m▀[38;2;64;48;28m[48;2;32;20;24m▀[38;2;92;72;48m[48;2;40;28;28m▀[38;2;76;44;36m[48;2;52;36;36m▀[38;2;140;88;20m[48;2;72;48;32m▀[38;2;244;168;24m[48;2;132;88;40m▀[38;2;236;144;8m[48;2;180;116;28m▀[38;2;216;124;0m[48;2;200;132;12m▀[38;2;212;128;0m[48;2;220;140;16m▀[38;2;164;92;16m[48;2;168;96;12m▀[38;2;64;4;0m[48;2;64;4;0m▀[38;2;148;72;0m[48;2;152;76;0m▀[38;2;248;168;4m[48;2;252;172;8m▀[38;2;204;120;0m[48;2;204;124;4m▀[38;2;216;132;0m[48;2;224;136;0m▀[38;2;224;140;4m[48;2;228;148;4m▀[38;2;184;100;0m[48;2;188;104;0m▀[38;2;240;156;4m[48;2;244;160;4m▀[0m
[38;2;204;180;64m[48;2;232;216;80m▀[38;2;204;184;64m[48;2;236;216;80m▀[38;2;208;184;68m[48;2;240;220;88m▀[38;2;212;184;68m[48;2;240;220;92m▀▀[38;2;208;184;72m[48;2;240;220;88m▀[38;2;208;184;68m[48;2;240;224;92m▀[38;2;212;184;64m[48;2;240;220;120m▀[38;2;220;196;80m[48;2;212;200;140m▀[38;2;220;204;104m[48;2;176;168;124m▀[38;2;212;188;104m[48;2;200;176;140m▀[38;2;248;236;200m[48;2;255;252;248m▀[38;2;255;255;255m[48;2;255;252;252m▀[38;2;255;236;232m[48;2;224;164;156m▀[38;2;216;144;136m[48;2;140;68;52m▀[38;2;136;64;52m[48;2;120;64;52m▀[38;2;120;96;76m[48;2;100;88;64m▀[38;2;108;112;88m[48;2;92;96;76m▀[38;2;104;108;88m[48;2;104;104;88m▀[38;2;116;120;104m[48;2;116;120;104m▀[38;2;124;128;116m[48;2;108;112;96m▀[38;2;112;116;104m[48;2;100;104;88m▀[38;2;112;120;104m[48;2;100;104;92m▀[38;2;96;96;84m[48;2;84;88;72m▀[38;2;84;88;72m[48;2;96;100;88m▀[38;2;116;116;104m[48;2;100;104;88m▀[38;2;116;116;100m[48;2;96;100;80m▀[38;2;96;96;80m[48;2;92;96;80m▀[38;2;88;92;76m[48;2;92;96;76m▀[38;2;96;96;80m[48;2;96;96;80m▀[38;2;84;76;64m[48;2;88;84;72m▀[38;2;36;28;24m[48;2;20;12;4m▀[38;2;184;172;152m[48;2;148;136;120m▀[38;2;208;196;172m[48;2;208;196;172m▀[48;2;200;192;168m▀[38;2;204;192;168m[48;2;204;192;168m▀[38;2;196;188;164m[48;2;200;192;172m▀[38;2;196;188;168m[48;2;188;184;164m▀[38;2;156;144;132m[48;2;124;112;100m▀[38;2;116;104;96m[48;2;148;136;128m▀[38;2;128;116;104m[48;2;140;128;120m▀[38;2;148;140;128m[48;2;132;124;120m▀[38;2;144;136;120m[48;2;124;116;104m▀[38;2;112;104;80m[48;2;104;100;72m▀[38;2;104;96;72m[48;2;100;92;68m▀[38;2;96;84;68m[48;2;96;84;68m▀[38;2;84;72;60m[48;2;80;64;52m▀[38;2;52;32;20m[48;2;52;36;24m▀[38;2;144;104;92m[48;2;80;44;36m▀[38;2;255;220;204m[48;2;184;136;124m▀[38;2;200;144;124m[48;2;204;152;140m▀[38;2;152;100;76m[48;2;196;140;116m▀[38;2;204;156;132m[48;2;168;112;88m▀[48;2;176;120;96m▀[38;2;172;124;96m[48;2;164;116;88m▀[38;2;152;120;100m[48;2;156;128;96m▀[38;2;48;32;32m[48;2;100;84;72m▀[38;2;8;0;12m[48;2;20;8;20m▀[38;2;8;0;20m[48;2;12;0;20m▀[38;2;8;0;16m[48;2;8;0;20m▀[48;2;12;0;16m▀[38;2;16;4;16m[48;2;20;8;20m▀[38;2;20;12;20m[48;2;20;12;20m▀[38;2;24;16;20m[48;2;24;16;20m▀[38;2;28;20;20m[48;2;20;16;16m▀[38;2;28;20;16m[48;2;28;20;16m▀[38;2;40;28;24m[48;2;36;32;24m▀[38;2;48;36;28m[48;2;44;40;28m▀[38;2;64;44;28m[48;2;48;40;28m▀[38;2;88;60;24m[48;2;48;40;32m▀[38;2;144;92;28m[48;2;56;36;24m▀[38;2;156;96;36m[48;2;76;48;28m▀[38;2;68;12;8m[48;2;68;44;36m▀[38;2;156;80;0m[48;2;124;72;20m▀[38;2;255;172;4m[48;2;248;168;44m▀[38;2;212;120;0m[48;2;220;128;12m▀[38;2;228;136;0m[48;2;224;132;0m▀[38;2;232;152;0m[48;2;236;152;0m▀[38;2;188;108;0m[48;2;192;108;0m▀[38;2;244;164;0m[48;2;248;164;0m▀[0m
[38;2;220;208;60m[48;2;120;112;28m▀[38;2;224;212;60m[48;2;108;96;16m▀[38;2;232;216;64m[48;2;112;100;20m▀[38;2;240;220;76m[48;2;136;124;36m▀[38;2;240;228;76m[48;2;152;132;36m▀[38;2;244;232;72m[48;2;152;136;44m▀[38;2;240;228;108m[48;2;156;148;100m▀[38;2;164;160;112m[48;2;112;108;92m▀[38;2;128;132;108m[48;2;104;108;88m▀[38;2;140;140;108m[48;2;148;132;104m▀[38;2;212;196;172m[48;2;244;228;208m▀[38;2;255;252;248m[48;2;252;212;200m▀[38;2;228;176;164m[48;2;184;120;104m▀[38;2;148;76;64m[48;2;192;136;132m▀[38;2;120;52;40m[48;2;180;120;116m▀[38;2;116;68;52m[48;2;124;76;60m▀[38;2;96;84;60m[48;2;100;88;68m▀[38;2;92;100;72m[48;2;92;100;72m▀[38;2;100;104;84m[48;2;92;96;76m▀[38;2;104;108;88m[48;2;92;96;72m▀[38;2;96;100;76m[48;2;88;92;72m▀[38;2;88;92;72m[48;2;84;88;68m▀[38;2;76;80;68m[48;2;84;80;64m▀[38;2;76;76;68m[48;2;124;108;96m▀[38;2;88;84;72m[48;2;180;156;140m▀[38;2;92;88;72m[48;2;164;136;120m▀[38;2;92;92;72m[48;2;108;96;72m▀[38;2;92;100;76m[48;2;92;96;72m▀[38;2;96;96;80m[48;2;92;92;80m▀[38;2;96;92;84m[48;2;96;96;84m▀[38;2;92;84;72m[48;2;92;84;72m▀[38;2;16;4;0m[48;2;20;8;0m▀[38;2;108;96;80m[48;2;76;60;44m▀[38;2;208;196;172m[48;2;200;188;164m▀[38;2;196;188;164m[48;2;196;188;164m▀▀[38;2;208;204;180m[48;2;204;196;176m▀[38;2;144;136;124m[48;2;88;80;68m▀[38;2;108;100;88m[48;2;116;108;96m▀[38;2;152;144;128m[48;2;140;132;120m▀[38;2;136;128;120m[48;2;152;144;136m▀[38;2;104;96;92m[48;2;84;76;72m▀[38;2;76;64;60m[48;2;36;24;24m▀[38;2;100;88;72m[48;2;80;68;56m▀[38;2;84;72;52m[48;2;72;60;40m▀[38;2;80;64;52m[48;2;68;52;36m▀[38;2;64;44;40m[48;2;56;36;36m▀[38;2;52;32;32m[48;2;44;28;28m▀[38;2;28;8;8m[48;2;28;16;16m▀[38;2;48;24;20m[48;2;56;52;44m▀[38;2;124;96;84m[48;2;44;32;24m▀[38;2;180;132;112m[48;2;128;96;80m▀[38;2;176;116;92m[48;2;216;168;148m▀[38;2;172;120;92m[48;2;188;144;120m▀[38;2;156;112;84m[48;2;156;120;88m▀[38;2;140;112;76m[48;2;132;108;72m▀[38;2;120;100;84m[48;2;132;108;84m▀[38;2;48;32;36m[48;2;80;64;60m▀[38;2;16;4;20m[48;2;28;12;20m▀[38;2;16;4;16m[48;2;20;8;16m▀[38;2;20;8;20m[48;2;24;8;20m▀[38;2;32;20;32m[48;2;40;28;36m▀[38;2;28;20;28m[48;2;36;24;28m▀[38;2;28;24;28m[48;2;36;28;28m▀[38;2;28;20;20m▀[38;2;32;24;28m[48;2;40;32;32m▀[38;2;40;32;32m[48;2;44;36;36m▀[38;2;40;36;28m[48;2;52;44;44m▀[38;2;44;36;32m[48;2;48;44;44m▀[38;2;44;36;28m[48;2;48;36;36m▀[38;2;44;40;36m[48;2;44;32;32m▀[38;2;44;36;32m[48;2;40;28;28m▀[38;2;44;32;36m[48;2;36;20;28m▀[38;2;48;24;20m[48;2;36;20;32m▀[38;2;96;52;28m[48;2;24;12;20m▀[38;2;164;92;28m[48;2;32;8;12m▀[38;2;228;148;12m[48;2;132;88;44m▀[38;2;240;156;8m[48;2;212;132;40m▀[38;2;196;108;0m[48;2;208;112;4m▀[38;2;252;168;8m[48;2;252;168;8m▀[0m
[38;2;140;132;32m[48;2;112;100;28m▀[38;2;128;120;24m[48;2;116;104;32m▀[38;2;128;120;32m[48;2;120;108;36m▀[38;2;148;140;40m[48;2;124;112;32m▀[38;2;160;148;44m[48;2;124;116;36m▀[38;2;148;140;60m[48;2;128;124;72m▀[38;2;124;124;100m[48;2;108;108;92m▀[38;2;100;100;80m[48;2;88;88;64m▀[38;2;92;88;64m[48;2;80;72;48m▀[38;2;168;140;120m[48;2;208;188;172m▀[38;2;255;236;224m[48;2;255;255;252m▀[38;2;252;232;224m[48;2;255;252;244m▀[38;2;248;236;232m[48;2;255;236;232m▀[38;2;255;255;255m[48;2;212;160;156m▀[38;2;216;164;160m[48;2;148;84;68m▀[38;2;132;80;64m[48;2;120;80;60m▀[38;2;100;92;64m[48;2;96;84;64m▀[38;2;88;92;68m[48;2;80;84;64m▀[38;2;88;92;72m[48;2;80;84;68m▀[48;2;84;88;68m▀[38;2;92;92;72m[48;2;92;88;60m▀[38;2;92;88;64m[48;2;160;136;116m▀[38;2;164;140;124m[48;2;232;176;168m▀[38;2;244;196;188m[48;2;224;156;152m▀[38;2;248;188;180m[48;2;208;140;132m▀[38;2;216;156;144m[48;2;156;108;92m▀[38;2;132;108;88m[48;2;112;88;76m▀[38;2;92;92;72m[48;2;96;92;80m▀[38;2;92;92;76m[48;2;96;92;76m▀[38;2;96;92;80m[48;2;96;92;80m▀[38;2;88;80;72m[48;2;84;80;72m▀[38;2;32;20;12m[48;2;32;16;12m▀[38;2;52;40;24m[48;2;52;40;28m▀[38;2;172;164;140m[48;2;116;108;96m▀[38;2;196;188;168m[48;2;200;192;176m▀[38;2;200;192;168m[48;2;200;196;176m▀[38;2;176;168;152m[48;2;128;120;112m▀[38;2;12;8;4m[48;2;0;0;0m▀[38;2;80;72;64m[48;2;48;40;40m▀[38;2;160;152;144m[48;2;136;128;116m▀[38;2;132;120;116m[48;2;152;144;136m▀[38;2;68;56;56m[48;2;52;40;40m▀[38;2;24;12;12m[48;2;16;8;16m▀[38;2;64;48;44m[48;2;28;16;12m▀[38;2;68;48;32m[48;2;116;84;68m▀[38;2;76;48;28m[48;2;232;200;180m▀[38;2;64;36;28m[48;2;204;148;140m▀[38;2;28;12;4m[48;2;88;56;44m▀[38;2;48;44;36m[48;2;60;56;36m▀[38;2;64;64;56m[48;2;60;56;48m▀[38;2;44;36;36m[48;2;48;40;44m▀[38;2;52;32;28m[48;2;40;28;28m▀[38;2;148;112;96m[48;2;76;48;36m▀[38;2;196;156;132m[48;2;216;180;156m▀[38;2;172;140;108m[48;2;200;160;136m▀[38;2;132;104;72m[48;2;144;112;84m▀[38;2;120;96;68m[48;2;116;92;68m▀[38;2;104;84;72m[48;2;112;92;76m▀[38;2;28;16;16m[48;2;48;36;32m▀[38;2;20;8;12m[48;2;48;36;36m▀[38;2;40;24;32m[48;2;52;40;40m▀[38;2;44;32;32m[48;2;44;36;36m▀[38;2;40;32;28m[48;2;44;36;32m▀[38;2;48;36;32m[48;2;48;40;36m▀[38;2;44;44;28m[48;2;52;48;28m▀[38;2;52;44;24m[48;2;168;160;96m▀[38;2;52;44;28m[48;2;220;212;148m▀[38;2;64;60;44m[48;2;124;104;68m▀[38;2;60;52;40m[48;2;140;120;68m▀[38;2;48;36;32m[48;2;212;208;140m▀[38;2;52;40;32m[48;2;128;116;80m▀[38;2;40;28;28m[48;2;36;20;20m▀[38;2;32;20;28m[48;2;36;28;32m▀[48;2;28;16;24m▀[38;2;24;8;20m[48;2;28;12;24m▀[38;2;48;36;40m[48;2;52;36;48m▀[38;2;32;12;28m[48;2;20;12;24m▀[38;2;72;20;12m[48;2;12;0;4m▀[38;2;212;120;12m[48;2;168;96;12m▀[38;2;255;168;0m[48;2;255;180;4m▀[0m
[38;2;28;0;8m[48;2;32;4;16m▀[38;2;24;0;8m[48;2;36;8;16m▀[38;2;32;4;8m[48;2;40;12;12m▀[38;2;28;4;0m[48;2;32;8;4m▀[38;2;44;32;20m[48;2;100;84;72m▀[38;2;120;120;100m[48;2;128;128;108m▀[38;2;100;104;84m[48;2;92;96;72m▀[38;2;72;68;48m[48;2;72;68;44m▀[38;2;88;76;52m[48;2;116;104;84m▀[38;2;244;236;220m[48;2;255;232;216m▀[38;2;255;248;244m[48;2;232;184;168m▀[38;2;240;188;176m[48;2;168;108;84m▀[38;2;172;108;92m[48;2;144;88;64m▀[38;2;132;64;44m[48;2;116;64;44m▀[38;2;124;68;48m[48;2;124;72;48m▀[38;2;120;76;56m[48;2;124;76;52m▀[38;2;104;80;60m[48;2;124;80;56m▀[38;2;80;76;56m[48;2;116;88;60m▀[38;2;80;88;64m[48;2;92;88;60m▀[38;2;84;84;60m[48;2;128;112;84m▀[38;2;136;116;92m[48;2;176;132;116m▀[38;2;200;148;136m[48;2;172;108;96m▀[38;2;204;128;124m[48;2;160;88;80m▀[38;2;188;120;112m[48;2;132;76;64m▀[38;2;144;96;84m[48;2;100;72;60m▀[38;2;100;80;60m[48;2;92;88;72m▀[38;2;96;88;72m[48;2;88;88;72m▀[38;2;92;92;80m[48;2;92;92;76m▀[38;2;96;92;80m▀▀[38;2;84;80;72m[48;2;84;84;72m▀[38;2;24;12;12m[48;2;24;16;12m▀[38;2;72;64;52m[48;2;80;72;60m▀[38;2;68;60;52m[48;2;72;64;52m▀[38;2;176;168;156m[48;2;100;88;80m▀[38;2;204;196;180m[48;2;200;192;180m▀[38;2;76;68;68m[48;2;44;36;36m▀[38;2;0;0;0m[48;2;4;0;4m▀[38;2;44;32;36m[48;2;56;44;40m▀[38;2;104;96;88m[48;2;104;96;84m▀[38;2;76;68;60m[48;2;68;56;52m▀[38;2;44;32;32m[48;2;32;20;24m▀[38;2;16;12;20m[48;2;4;0;12m▀[38;2;0;0;0m[48;2;0;0;4m▀[38;2;160;124;104m[48;2;88;48;36m▀[38;2;255;228;220m[48;2;236;176;164m▀[38;2;244;176;172m[48;2;228;156;152m▀[38;2;208;144;132m[48;2;232;172;156m▀[38;2;124;92;68m[48;2;244;196;180m▀[38;2;64;40;32m[48;2;180;132;124m▀[38;2;40;28;28m[48;2;120;88;76m▀[38;2;44;36;32m[48;2;68;52;36m▀[38;2;64;48;40m[48;2;36;32;12m▀[38;2;212;176;156m[48;2;160;116;100m▀[38;2;212;164;148m[48;2;208;152;140m▀[38;2;168;132;112m[48;2;172;128;112m▀[38;2;128;108;80m[48;2;140;112;92m▀[38;2;116;96;76m[48;2;120;96;76m▀[38;2;72;60;48m[48;2;100;84;68m▀[38;2;36;32;28m[48;2;48;40;32m▀[38;2;44;40;36m[48;2;32;28;24m▀[48;2;40;40;36m▀[48;2;52;48;40m▀[38;2;56;52;40m[48;2;68;60;48m▀[38;2;48;44;40m[48;2;48;56;48m▀[38;2;164;160;72m[48;2;160;156;76m▀[38;2;255;252;104m[48;2;252;244;96m▀[38;2;96;72;36m[48;2;244;236;116m▀[38;2;120;112;60m[48;2;248;252;136m▀[38;2;255;255;112m[48;2;252;248;100m▀[38;2;92;68;32m[48;2;104;72;48m▀[38;2;32;16;32m[48;2;24;16;32m▀[38;2;40;24;32m[48;2;24;20;28m▀[38;2;24;12;24m▀[38;2;48;32;44m[48;2;52;48;56m▀[38;2;40;28;40m[48;2;16;12;28m▀[38;2;8;4;20m[48;2;4;0;16m▀[38;2;0;0;8m[48;2;0;0;16m▀[38;2;116;68;20m[48;2;68;36;12m▀[38;2;255;184;8m[48;2;255;180;16m▀[0m
[38;2;36;8;16m[48;2;36;8;12m▀[38;2;40;8;16m[48;2;36;8;8m▀[38;2;36;12;8m[48;2;32;4;4m▀[38;2;40;16;8m[48;2;28;8;4m▀[38;2;60;44;32m[48;2;44;28;24m▀[38;2;84;80;64m[48;2;56;48;40m▀[38;2;92;92;72m[48;2;80;72;60m▀[38;2;76;68;48m[48;2;76;64;48m▀[38;2;160;144;128m[48;2;192;176;156m▀[38;2;252;220;204m[48;2;240;200;184m▀[38;2;172;120;100m[48;2;136;88;68m▀[38;2;128;72;40m[48;2;116;64;40m▀[38;2;144;92;64m[48;2;120;76;48m▀[38;2;120;72;44m[48;2;120;76;44m▀[38;2;120;72;48m▀[38;2;124;76;52m[48;2;120;76;48m▀[38;2;128;76;56m[48;2;124;72;48m▀[38;2;140;88;64m[48;2;136;76;56m▀[38;2;156;112;88m[48;2;144;80;56m▀[38;2;176;124;104m[48;2;128;64;44m▀[38;2;152;92;76m[48;2;124;68;44m▀[38;2;140;80;64m[48;2;108;64;44m▀[38;2;112;64;52m[48;2;84;64;44m▀[38;2;92;60;44m[48;2;88;72;56m▀[38;2;92;80;64m[48;2;92;88;72m▀[38;2;92;92;76m[48;2;88;88;76m▀[38;2;88;88;76m[48;2;88;88;72m▀[38;2;88;88;72m▀▀▀[38;2;88;88;76m[48;2;88;88;76m▀[38;2;28;24;16m[48;2;32;28;24m▀[38;2;68;64;52m[48;2;48;44;36m▀[38;2;108;100;84m[48;2;128;124;104m▀[38;2;28;20;4m[48;2;40;36;12m▀[38;2;156;148;136m[48;2;92;84;64m▀[38;2;40;32;28m▀[38;2;36;28;20m[48;2;120;112;96m▀[38;2;96;84;72m[48;2;104;92;80m▀[38;2;116;104;92m[48;2;108;100;84m▀[38;2;100;88;80m[48;2;92;80;68m▀[38;2;36;24;24m[48;2;48;32;32m▀[38;2;20;8;20m[48;2;32;16;24m▀[38;2;8;0;8m[48;2;20;8;16m▀[38;2;32;8;4m[48;2;28;12;12m▀[38;2;116;76;64m[48;2;32;12;4m▀[38;2;188;132;124m[48;2;108;80;64m▀[38;2;216;156;140m[48;2;152;96;84m▀[38;2;244;188;176m[48;2;208;144;132m▀[38;2;255;200;188m[48;2;220;160;140m▀[38;2;236;184;164m[48;2;200;140;112m▀[38;2;164;116;96m[48;2;180;132;100m▀[38;2;112;80;60m[48;2;192;148;120m▀[38;2;164;124;104m[48;2;176;136;112m▀[38;2;236;188;176m[48;2;220;176;160m▀[38;2;196;152;136m[48;2;228;184;168m▀[38;2;156;120;104m[48;2;176;140;120m▀[38;2;120;92;68m[48;2;124;92;64m▀[38;2;116;96;80m[48;2;116;92;72m▀[38;2;76;64;56m[48;2;80;60;56m▀[38;2;28;20;20m[48;2;16;8;8m▀[38;2;24;20;16m[48;2;12;8;8m▀[38;2;48;52;40m[48;2;48;52;44m▀[38;2;84;64;52m[48;2;120;64;60m▀[38;2;84;48;48m[48;2;196;16;44m▀[38;2;160;156;72m[48;2;184;152;68m▀[38;2;255;240;88m[48;2;255;255;100m▀[38;2;164;124;56m[48;2;64;32;24m▀[38;2;172;156;72m[48;2;84;72;44m▀[38;2;255;248;92m[48;2;255;255;112m▀[38;2;96;64;36m[48;2;80;52;20m▀[38;2;52;8;20m[48;2;180;4;36m▀[38;2;44;8;12m[48;2;204;12;36m▀[38;2;84;20;36m[48;2;236;8;36m▀[38;2;88;24;40m[48;2;228;8;44m▀[38;2;28;4;8m[48;2;188;12;36m▀[38;2;0;4;12m[48;2;24;4;12m▀[38;2;0;0;20m[48;2;0;0;16m▀[38;2;28;4;12m[48;2;8;0;12m▀[38;2;220;152;24m[48;2;188;128;24m▀[0m
[38;2;40;8;8m[48;2;40;12;8m▀[38;2;36;12;8m[48;2;40;16;8m▀[38;2;28;8;4m[48;2;32;16;4m▀[38;2;36;20;16m[48;2;84;76;64m▀[38;2;108;96;88m[48;2;104;100;88m▀[38;2;68;56;48m[48;2;76;68;56m▀[38;2;72;64;52m[48;2;68;60;44m▀[38;2;80;76;56m[48;2;80;72;48m▀[38;2;192;176;156m[48;2;192;176;152m▀[38;2;248;212;196m[48;2;248;220;200m▀[38;2;164;124;100m[48;2;200;160;136m▀[38;2;128;80;56m[48;2;140;92;68m▀[38;2;120;76;48m[48;2;120;76;48m▀[38;2;120;76;44m[48;2;120;76;44m▀[38;2;120;80;48m▀[38;2;120;76;48m[48;2;120;76;48m▀[38;2;124;72;48m[48;2;120;72;48m▀[38;2;128;72;48m[48;2;120;72;44m▀[38;2;136;76;48m[48;2;132;84;52m▀[38;2;124;64;40m[48;2;128;80;52m▀[38;2;112;60;40m[48;2;100;64;40m▀[38;2;92;64;40m[48;2;84;68;48m▀[38;2;84;72;56m[48;2;80;76;56m▀[38;2;84;76;60m[48;2;76;76;60m▀[38;2;84;80;68m[48;2;76;76;68m▀[38;2;84;88;72m[48;2;84;84;72m▀[38;2;84;88;68m[48;2;84;88;72m▀[38;2;88;88;72m[48;2;88;88;72m▀▀[48;2;84;84;68m▀[38;2;88;84;72m[48;2;88;84;72m▀[38;2;36;32;28m[48;2;44;40;36m▀[38;2;36;32;24m[48;2;24;20;12m▀[38;2;132;132;112m[48;2;124;124;104m▀[38;2;76;72;48m[48;2;100;96;76m▀[38;2;48;36;16m[48;2;40;24;12m▀[38;2;132;120;104m[48;2;132;120;104m▀[38;2;136;124;112m[48;2;120;112;100m▀[38;2;96;88;76m[48;2;96;84;76m▀[38;2;96;88;68m[48;2;88;80;60m▀[38;2;100;88;72m[48;2;100;92;76m▀[38;2;64;52;44m[48;2;72;60;52m▀[38;2;40;24;28m[48;2;64;48;48m▀[38;2;44;28;32m[48;2;48;36;32m▀[38;2;32;12;16m[48;2;28;16;16m▀[38;2;40;24;20m[48;2;56;40;40m▀[38;2;72;60;44m[48;2;56;44;40m▀[38;2;80;44;32m[48;2;32;16;4m▀[38;2;204;152;136m[48;2;124;84;76m▀[38;2;216;156;136m[48;2;216;160;140m▀[38;2;184;120;96m[48;2;240;184;172m▀[38;2;176;128;100m[48;2;240;212;200m▀[38;2;176;132;108m[48;2;188;152;132m▀[38;2;164;120;100m[48;2;144;104;84m▀[38;2;140;100;80m[48;2;136;100;80m▀[38;2;176;140;124m[48;2;132;100;84m▀[38;2;184;152;132m[48;2;156;124;108m▀[38;2;128;100;72m[48;2;136;104;84m▀[38;2;112;88;64m[48;2;112;84;64m▀[38;2;64;44;36m[48;2;64;44;28m▀[38;2;4;0;0m[48;2;16;4;0m▀[38;2;24;20;16m[48;2;60;56;48m▀[38;2;60;68;60m[48;2;72;76;68m▀[38;2;116;60;56m[48;2;80;64;56m▀[38;2;220;20;48m[48;2;152;32;44m▀[38;2;216;140;80m[48;2;184;20;32m▀[38;2;255;196;88m[48;2;184;16;36m▀[38;2;132;64;40m[48;2;192;32;48m▀[38;2;156;100;68m[48;2;184;28;44m▀[38;2;255;220;104m[48;2;176;20;32m▀[38;2;160;84;44m[48;2;184;32;40m▀[38;2;228;4;40m[48;2;176;20;40m▀[38;2;255;12;48m[48;2;148;20;32m▀[38;2;255;8;40m[48;2;176;12;32m▀[38;2;220;8;28m[48;2;180;8;36m▀[38;2;240;16;44m[48;2;104;4;20m▀[38;2;52;8;24m[48;2;4;0;8m▀[38;2;0;0;12m[48;2;0;0;12m▀[38;2;28;4;12m[48;2;64;36;24m▀[38;2;216;148;28m[48;2;255;184;32m▀[0m
[38;2;52;20;8m[48;2;52;24;12m▀[38;2;44;20;8m[48;2;52;28;16m▀[38;2;56;48;32m[48;2;88;80;64m▀[38;2;104;100;84m[48;2;96;92;76m▀[38;2;80;80;64m[48;2;68;68;52m▀[38;2;80;72;60m[48;2;72;72;56m▀[38;2;72;68;48m[48;2;76;76;56m▀[38;2;72;64;40m[48;2;76;72;52m▀[38;2;200;180;160m[48;2;212;188;172m▀[38;2;248;220;200m[48;2;255;228;212m▀[38;2;196;160;136m[48;2;216;180;160m▀[38;2;140;92;68m[48;2;160;116;92m▀[38;2;124;76;48m[48;2;128;84;56m▀[38;2;120;76;44m[48;2;120;76;48m▀[48;2;116;72;44m▀▀[38;2;120;76;48m[48;2;116;72;48m▀[48;2;120;76;48m▀[38;2;128;84;56m[48;2;116;72;52m▀[38;2;120;80;56m[48;2;92;68;48m▀[38;2;88;64;44m[48;2;76;76;56m▀[38;2;88;76;60m[48;2;84;84;68m▀[38;2;80;76;64m[48;2;80;84;68m▀[38;2;72;72;60m[48;2;76;76;64m▀[38;2;80;80;68m▀[38;2;84;84;72m[48;2;80;80;68m▀[38;2;84;88;68m[48;2;80;84;68m▀[38;2;80;88;68m[48;2;80;88;68m▀[38;2;84;88;68m[48;2;80;84;68m▀[38;2;84;84;68m[48;2;80;84;64m▀[48;2;80;80;64m▀[38;2;56;52;44m[48;2;60;56;44m▀[38;2;20;8;4m[48;2;16;4;0m▀[38;2;108;104;88m[48;2;92;88;76m▀[38;2;112;112;92m[48;2;124;128;108m▀[38;2;44;40;32m[48;2;40;40;36m▀[38;2;72;68;60m[48;2;12;4;12m▀[38;2;84;72;72m[48;2;28;16;28m▀[38;2;68;60;52m[48;2;56;44;40m▀[38;2;76;72;60m[48;2;48;40;32m▀[38;2;84;76;68m[48;2;64;52;48m▀[38;2;88;76;72m[48;2;56;44;40m▀[38;2;68;56;56m[48;2;88;72;72m▀[38;2;60;48;48m[48;2;44;32;32m▀[38;2;24;16;16m[48;2;16;4;8m▀[38;2;44;32;32m[48;2;40;32;32m▀[38;2;32;20;20m[48;2;24;12;12m▀[38;2;48;32;28m[48;2;52;40;40m▀[38;2;56;28;20m[48;2;36;16;12m▀[38;2;180;132;112m[48;2;120;76;60m▀[38;2;255;228;212m[48;2;255;244;228m▀[38;2;255;252;248m[48;2;252;244;236m▀[38;2;244;224;212m[48;2;255;248;240m▀[38;2;164;128;112m[48;2;240;216;204m▀[38;2;124;96;76m[48;2;160;132;112m▀[38;2;128;100;84m[48;2;124;96;80m▀[38;2;124;96;80m[48;2;120;96;80m▀[48;2;116;92;72m▀[38;2;112;84;68m[48;2;104;80;64m▀[38;2;68;48;32m[48;2;80;60;44m▀[38;2;44;28;16m[48;2;68;56;40m▀[38;2;76;68;52m[48;2;72;64;48m▀[38;2;64;60;48m[48;2;68;60;52m▀[38;2;100;96;88m[48;2;76;68;68m▀[38;2;192;184;180m[48;2;112;108;116m▀[38;2;156;152;148m[48;2;100;96;100m▀[38;2;168;164;164m[48;2;116;116;120m▀[38;2;164;156;156m[48;2;88;88;92m▀[38;2;172;168;168m[48;2;116;112;116m▀[38;2;196;188;192m[48;2;112;112;116m▀[38;2;176;172;176m[48;2;88;88;92m▀[38;2;116;116;120m[48;2;84;84;88m▀[38;2;140;140;140m[48;2;100;100;104m▀[38;2;160;164;164m[48;2;108;108;116m▀[38;2;172;180;180m[48;2;112;112;116m▀[38;2;188;192;192m[48;2;124;120;132m▀[38;2;40;40;44m[48;2;24;24;36m▀[38;2;0;0;0m[48;2;0;0;12m▀[38;2;40;16;16m[48;2;0;0;8m▀[38;2;232;160;36m[48;2;148;88;36m▀[0m
[38;2;48;24;12m[48;2;40;16;4m▀[38;2;48;32;16m[48;2;68;60;44m▀[38;2;104;96;80m[48;2;104;100;84m▀[38;2;92;88;72m[48;2;76;76;60m▀[38;2;68;68;52m[48;2;72;72;56m▀[38;2;72;68;52m▀[38;2;72;72;56m[48;2;68;72;56m▀[38;2;84;80;64m[48;2;80;68;52m▀[38;2;212;188;172m[48;2;200;184;160m▀[38;2;252;224;204m[48;2;236;204;184m▀[38;2;216;184;164m[48;2;188;156;132m▀[38;2;160;120;96m[48;2;144;104;76m▀[38;2;124;84;56m[48;2;124;84;52m▀[38;2;120;76;52m[48;2;120;80;48m▀[38;2;116;72;44m[48;2;112;72;44m▀[38;2;116;68;44m[48;2;108;68;40m▀[38;2;116;68;48m[48;2;108;60;44m▀[38;2;112;68;44m[48;2;92;52;36m▀[38;2;100;60;44m[48;2;80;52;40m▀[38;2;84;60;44m[48;2;88;72;56m▀[38;2;84;84;64m[48;2;84;84;68m▀[38;2;84;88;68m[48;2;84;88;72m▀[38;2;84;84;68m[48;2;80;80;64m▀[38;2;76;76;64m[48;2;76;76;60m▀[38;2;72;72;60m[48;2;72;72;56m▀[38;2;76;76;60m[48;2;76;76;60m▀[38;2;80;84;64m[48;2;84;80;64m▀[38;2;80;84;68m[48;2;80;84;68m▀[48;2;80;80;68m▀[38;2;76;80;64m[48;2;76;72;60m▀[38;2;76;76;60m[48;2;72;68;56m▀[38;2;60;56;40m[48;2;60;52;44m▀[38;2;12;4;4m[48;2;20;8;8m▀[38;2;68;64;56m[48;2;44;32;28m▀[38;2;128;128;108m[48;2;116;112;96m▀[38;2;64;60;56m[48;2;88;84;76m▀[38;2;16;8;16m[48;2;20;16;20m▀[38;2;40;28;40m[48;2;28;24;32m▀[38;2;36;24;24m[48;2;48;40;44m▀[38;2;48;32;28m[48;2;48;32;32m▀[38;2;44;32;24m[48;2;76;64;60m▀[38;2;68;56;52m[48;2;52;44;40m▀[38;2;52;40;36m[48;2;48;36;32m▀[38;2;24;12;12m[48;2;44;36;32m▀[38;2;52;40;40m[48;2;52;40;36m▀[38;2;32;20;20m[48;2;24;16;12m▀[38;2;32;20;16m[48;2;40;28;28m▀[38;2;52;40;40m[48;2;48;36;36m▀[38;2;32;16;20m[48;2;28;20;20m▀[38;2;68;36;20m[48;2;28;12;4m▀[38;2;248;216;196m[48;2;208;172;152m▀[38;2;255;248;236m[48;2;255;244;228m▀[38;2;255;252;240m[48;2;252;244;232m▀[38;2;255;240;228m[48;2;252;236;224m▀[38;2;212;180;160m[48;2;208;180;160m▀[38;2;128;104;84m[48;2;132;112;88m▀[38;2;116;96;76m[48;2;116;92;68m▀[38;2;108;88;68m[48;2;112;88;68m▀[38;2;96;76;56m[48;2;96;76;56m▀[38;2;84;68;48m[48;2;88;64;52m▀[38;2;76;60;48m[48;2;80;60;48m▀[38;2;68;64;48m[48;2;76;64;56m▀[38;2;76;68;64m[48;2;60;56;60m▀[38;2;36;28;36m[48;2;12;8;20m▀[38;2;0;0;0m[48;2;4;4;16m▀▀[38;2;8;4;16m[48;2;32;20;40m▀[38;2;40;36;48m[48;2;44;36;48m▀[38;2;8;4;16m[48;2;8;8;24m▀[38;2;0;0;0m[48;2;4;4;20m▀[38;2;4;0;16m[48;2;16;8;32m▀[38;2;20;16;28m[48;2;8;4;16m▀[38;2;0;0;4m[48;2;4;4;12m▀[38;2;0;0;0m[48;2;12;8;20m▀[48;2;8;4;20m▀[48;2;4;4;20m▀[38;2;0;0;16m[48;2;0;0;16m▀[38;2;4;0;20m[48;2;0;0;12m▀[38;2;0;0;12m▀[38;2;64;32;24m[48;2;12;4;8m▀[0m
[38;2;60;32;28m[48;2;64;40;40m▀[38;2;96;92;80m[48;2;64;60;52m▀[38;2;64;64;48m[48;2;48;48;36m▀[38;2;56;60;44m[48;2;48;48;32m▀[38;2;68;68;52m[48;2;60;60;44m▀[38;2;72;72;60m[48;2;68;68;52m▀[38;2;68;72;48m[48;2;72;76;52m▀[38;2;104;96;72m[48;2;156;148;120m▀[38;2;220;200;176m[48;2;224;204;180m▀[38;2;216;192;164m[48;2;208;184;156m▀[38;2;180;152;120m[48;2;180;152;124m▀[38;2;144;112;80m[48;2;140;108;76m▀[38;2;120;80;48m[48;2;108;68;36m▀[38;2;116;76;44m[48;2;108;64;36m▀[38;2;112;72;44m[48;2;108;68;44m▀[38;2;100;60;36m[48;2;84;48;32m▀[38;2;88;52;32m[48;2;76;44;28m▀[38;2;80;56;40m[48;2;84;68;52m▀[38;2;88;72;56m[48;2;88;84;64m▀[38;2;96;88;72m[48;2;92;88;72m▀[38;2;88;88;72m[48;2;88;84;72m▀[38;2;84;88;72m[48;2;80;84;68m▀[38;2;76;80;60m[48;2;76;80;64m▀[38;2;76;80;64m[48;2;76;80;60m▀[38;2;76;76;60m[48;2;80;76;60m▀[48;2;76;72;60m▀[38;2;80;76;60m[48;2;76;76;60m▀[38;2;76;76;60m[48;2;72;76;60m▀[38;2;76;80;64m[48;2;76;80;64m▀[38;2;76;72;60m[48;2;72;72;56m▀[38;2;72;68;56m[48;2;72;68;56m▀[38;2;60;52;48m[48;2;56;52;48m▀[38;2;24;12;16m[48;2;24;16;20m▀[38;2;28;16;16m[48;2;20;8;12m▀[38;2;100;96;80m[48;2;88;84;72m▀[38;2;100;100;84m[48;2;92;92;72m▀[38;2;36;36;32m[48;2;68;68;52m▀[38;2;4;0;4m[48;2;4;4;8m▀[38;2;24;12;20m[48;2;32;24;40m▀[38;2;44;28;28m[48;2;40;24;32m▀[38;2;40;28;24m[48;2;52;40;40m▀[38;2;48;40;32m[48;2;40;32;20m▀[38;2;40;28;24m[48;2;44;36;24m▀[38;2;60;52;44m[48;2;56;48;40m▀[38;2;36;28;24m[48;2;28;16;12m▀[38;2;28;16;16m[48;2;32;20;20m▀[38;2;44;32;28m[48;2;40;28;28m▀[38;2;40;28;28m[48;2;32;20;24m▀[38;2;24;16;20m[48;2;20;12;16m▀[38;2;4;4;4m[48;2;12;8;8m▀[38;2;116;92;72m[48;2;36;20;8m▀[38;2;252;212;192m[48;2;196;152;128m▀[38;2;252;224;208m[48;2;252;208;192m▀[38;2;255;236;220m[48;2;255;220;204m▀[38;2;228;204;180m[48;2;220;192;168m▀[38;2;144;120;92m[48;2;148;124;96m▀[38;2;112;92;68m[48;2;116;92;64m▀[48;2;116;92;68m▀[38;2;100;76;60m[48;2;104;84;64m▀[38;2;88;68;52m[48;2;96;72;56m▀[38;2;80;60;48m[48;2;76;56;40m▀[38;2;76;60;52m[48;2;68;48;40m▀[38;2;36;28;36m[48;2;28;20;28m▀[38;2;0;0;12m[48;2;0;0;12m▀[38;2;0;0;16m▀[48;2;4;4;20m▀[38;2;24;20;36m[48;2;16;12;28m▀[38;2;16;16;28m[48;2;4;4;16m▀[38;2;0;0;12m[48;2;0;0;12m▀[38;2;0;0;16m[48;2;0;4;20m▀[38;2;0;0;20m[48;2;16;16;32m▀[38;2;20;20;28m[48;2;24;20;32m▀[38;2;36;36;40m[48;2;20;20;24m▀[38;2;24;24;32m[48;2;28;28;32m▀[38;2;16;12;24m[48;2;20;20;28m▀[38;2;4;4;16m[48;2;8;8;20m▀[38;2;0;4;12m[48;2;4;8;16m▀[48;2;0;8;16m▀[38;2;0;0;16m[48;2;0;4;12m▀[38;2;4;0;8m[48;2;4;0;8m▀[0m

     * Как ты нашёл строку в 62 файлах за секунду? grep. *

ART
