#!/bin/sh
# find-1: meme «Bell Curve». Regenerate: meme.py render "Bell Curve"
cat <<'ART'

[38;2;255;255;255m[48;2;255;255;255m▀▀▀▀▀▀▀▀▀▀▀▀▀▀▀▀▀▀▀▀▀▀▀▀▀▀▀▀▀▀▀[48;2;255;252;252m▀[48;2;255;255;255m▀[38;2;252;248;248m[48;2;232;220;212m▀[38;2;100;92;92m[48;2;48;28;20m▀[38;2;92;76;72m[48;2;68;40;36m▀[38;2;88;72;68m[48;2;48;28;28m▀[38;2;92;76;72m[48;2;40;24;24m▀[38;2;80;68;68m[48;2;4;0;0m▀[38;2;160;136;124m[48;2;64;40;28m▀[38;2;136;120;116m[48;2;92;56;40m▀[38;2;180;160;156m[48;2;80;48;32m▀[38;2;244;240;240m[48;2;108;76;64m▀[38;2;255;255;255m[48;2;236;224;220m▀[48;2;255;255;255m▀[48;2;255;252;255m▀[48;2;255;255;255m▀▀▀▀▀▀▀▀▀▀▀▀▀▀▀▀▀▀▀▀▀▀▀▀▀▀▀▀▀▀▀▀▀▀[0m
[38;2;255;255;255m[48;2;255;255;255m▀▀▀▀▀▀▀▀▀▀▀▀▀▀▀▀▀▀▀▀▀▀▀▀▀▀▀▀▀▀▀[38;2;252;252;252m▀[38;2;255;255;255m[48;2;248;248;248m▀[38;2;212;188;172m[48;2;168;164;164m▀[38;2;64;40;32m[48;2;224;220;220m▀[38;2;60;44;44m[48;2;220;216;216m▀[38;2;40;32;28m[48;2;224;220;220m▀[38;2;44;32;28m[48;2;224;220;216m▀[38;2;92;76;72m[48;2;252;252;248m▀[38;2;100;72;64m[48;2;232;228;228m▀[38;2;84;52;40m[48;2;152;140;132m▀[38;2;104;72;56m[48;2;160;152;148m▀[38;2;196;172;152m[48;2;160;164;168m▀[38;2;244;240;236m[48;2;255;255;255m▀[38;2;255;252;255m[48;2;252;252;252m▀[38;2;255;255;255m[48;2;255;255;255m▀▀▀▀▀▀▀▀▀▀▀▀▀▀▀▀▀▀▀▀▀▀▀▀▀▀▀▀▀▀▀▀▀▀▀[0m
[38;2;255;255;255m[48;2;255;255;255m▀▀▀▀▀▀▀▀▀▀▀▀▀▀▀▀▀▀▀▀▀▀▀▀▀▀▀▀▀▀▀▀[38;2;232;232;232m[48;2;224;224;224m▀[38;2;172;176;176m[48;2;204;204;204m▀[38;2;255;255;255m[48;2;255;255;255m▀▀[48;2;252;252;252m▀▀[38;2;252;252;252m[48;2;255;255;255m▀[38;2;255;255;255m▀[38;2;168;172;172m[48;2;176;176;176m▀[38;2;196;200;200m[48;2;180;180;180m▀[38;2;124;124;124m[48;2;140;140;140m▀[38;2;236;236;236m[48;2;204;204;204m▀[38;2;255;255;255m[48;2;255;255;255m▀[48;2;252;252;252m▀[48;2;255;255;255m▀▀▀▀▀▀▀▀▀▀▀▀▀▀▀▀▀▀▀▀▀▀▀▀▀▀▀▀▀▀▀▀▀▀[0m
[38;2;255;255;255m[48;2;255;255;255m▀▀▀▀▀▀▀▀▀▀▀▀▀▀▀▀▀▀▀▀▀▀▀▀▀▀▀▀▀▀▀▀[38;2;228;228;228m[48;2;236;236;236m▀[38;2;196;196;196m[48;2;160;164;164m▀[38;2;228;228;228m[48;2;160;160;160m▀[38;2;232;232;232m[48;2;184;184;184m▀[38;2;252;252;252m▀[38;2;255;255;255m[48;2;216;216;216m▀[38;2;240;240;240m[48;2;164;164;164m▀[38;2;248;248;248m[48;2;112;112;112m▀[48;2;116;116;116m▀[38;2;192;192;192m[48;2;196;196;196m▀[38;2;148;148;148m[48;2;224;224;224m▀[38;2;200;200;200m[48;2;180;180;180m▀[38;2;255;255;255m[48;2;255;255;255m▀[38;2;252;252;252m[48;2;252;252;252m▀[38;2;255;255;255m[48;2;255;255;255m▀▀▀▀▀▀▀▀▀▀▀▀▀▀▀▀▀▀▀▀▀▀▀▀▀▀▀▀▀▀▀▀▀▀[0m
[38;2;255;255;255m[48;2;255;255;255m▀▀▀▀▀▀▀▀▀▀▀▀▀▀▀▀▀▀▀▀▀▀▀▀▀▀▀▀▀▀[38;2;252;252;252m▀[38;2;255;255;255m[48;2;244;244;244m▀[38;2;152;152;156m[48;2;116;116;120m▀[38;2;120;116;116m[48;2;120;124;128m▀[38;2;172;168;168m[48;2;144;148;156m▀[38;2;144;144;144m[48;2;120;120;120m▀[48;2;252;252;252m▀[38;2;164;164;164m[48;2;192;192;192m▀[38;2;156;160;160m[48;2;144;144;144m▀[38;2;164;160;160m[48;2;96;100;100m▀[38;2;132;128;128m[48;2;140;140;148m▀[38;2;116;116;116m[48;2;164;160;164m▀[38;2;164;164;164m[48;2;255;255;255m▀[38;2;144;144;144m[48;2;236;236;240m▀[38;2;176;176;176m[48;2;200;200;200m▀[38;2;255;255;255m[48;2;255;255;255m▀▀▀▀▀▀▀▀▀▀▀▀▀▀▀▀▀▀▀▀▀▀▀▀▀▀▀▀▀▀▀▀▀▀▀[0m
[38;2;255;255;255m[48;2;255;255;255m▀▀▀▀▀▀▀▀▀▀▀▀▀▀▀▀▀▀▀▀▀▀▀▀▀▀▀▀▀▀[38;2;252;252;252m[48;2;252;252;252m▀[48;2;255;255;255m▀[38;2;164;164;164m[48;2;204;204;204m▀[38;2;160;168;172m[48;2;180;184;192m▀[38;2;108;116;120m[48;2;200;208;212m▀[38;2;196;192;196m[48;2;188;184;184m▀[38;2;255;255;255m[48;2;232;232;232m▀[48;2;220;220;220m▀[38;2;156;156;156m[48;2;184;188;188m▀[38;2;140;152;156m[48;2;168;184;196m▀[38;2;148;160;164m[48;2;208;224;232m▀[38;2;216;212;216m[48;2;252;252;252m▀[38;2;255;255;255m[48;2;255;255;255m▀[38;2;244;244;244m[48;2;248;248;248m▀[38;2;200;200;200m[48;2;188;188;188m▀[38;2;255;255;255m[48;2;255;255;255m▀▀▀▀▀▀▀▀▀▀▀▀▀▀▀▀▀▀▀▀▀▀▀▀▀▀▀▀▀▀▀▀▀▀▀[0m
[38;2;255;255;255m[48;2;255;255;255m▀▀▀▀▀▀▀▀▀▀▀▀▀▀▀▀▀▀▀▀▀▀▀▀▀▀▀▀▀▀▀▀[38;2;208;208;212m[48;2;252;252;252m▀[38;2;180;188;192m[48;2;192;192;192m▀[38;2;236;252;255m[48;2;172;180;184m▀[38;2;232;236;240m[48;2;148;156;160m▀[38;2;240;240;240m[48;2;160;160;160m▀▀[38;2;236;240;244m[48;2;152;152;152m▀[38;2;224;244;248m[48;2;184;204;208m▀[38;2;212;232;240m[48;2;224;236;240m▀[38;2;240;248;248m[48;2;252;252;252m▀[38;2;255;255;255m▀[38;2;252;252;252m[48;2;255;255;255m▀[38;2;180;180;180m[48;2;188;188;188m▀[38;2;252;252;252m[48;2;228;228;228m▀[38;2;255;255;255m[48;2;255;255;255m▀▀▀▀▀▀▀▀▀▀▀▀▀▀▀▀▀▀▀▀▀[38;2;252;252;252m▀[38;2;255;255;255m▀▀▀▀▀▀[38;2;244;244;244m▀[38;2;248;248;248m▀[38;2;255;255;255m▀▀▀▀[0m
[38;2;255;255;255m[48;2;255;255;255m▀▀▀▀▀▀▀▀▀▀▀▀▀▀▀▀▀▀▀▀▀▀▀▀▀▀▀▀▀▀▀▀▀[48;2;252;252;252m▀[38;2;180;180;184m[48;2;255;255;255m▀[38;2;104;104;108m[48;2;180;180;180m▀[38;2;160;160;156m[48;2;136;136;136m▀[38;2;148;152;152m[48;2;168;168;168m▀[38;2;144;144;144m[48;2;180;180;176m▀[38;2;168;180;184m[48;2;212;216;216m▀[38;2;220;240;244m[48;2;212;228;240m▀[38;2;252;252;255m[48;2;240;244;248m▀[38;2;252;252;252m[48;2;255;255;255m▀[38;2;255;255;255m▀[38;2;208;208;208m[48;2;244;244;244m▀[38;2;204;204;204m[48;2;168;168;168m▀[38;2;255;255;255m[48;2;252;252;252m▀[38;2;252;252;252m▀[38;2;255;255;255m[48;2;255;255;255m▀▀▀▀▀▀▀▀▀▀▀▀▀▀▀▀▀▀▀▀▀▀▀▀▀▀▀▀▀▀▀▀[0m
[38;2;255;255;255m[48;2;255;255;255m▀▀▀▀▀▀▀▀▀▀▀▀▀▀▀▀▀▀▀▀▀▀▀▀▀▀▀▀▀▀▀▀▀▀[38;2;252;255;255m▀[38;2;255;255;255m▀[38;2;244;244;244m[48;2;212;212;212m▀[38;2;180;180;180m[48;2;204;204;204m▀[38;2;255;255;255m[48;2;252;252;252m▀[48;2;204;204;204m▀[38;2;248;252;248m[48;2;255;255;255m▀[38;2;248;252;252m▀[38;2;255;255;255m▀▀[48;2;252;252;252m▀[38;2;212;212;212m[48;2;255;255;255m▀[38;2;196;196;196m[48;2;184;184;184m▀[38;2;255;255;255m[48;2;172;172;172m▀[48;2;248;248;248m▀[48;2;255;255;255m▀▀▀▀▀▀▀▀▀▀▀▀▀▀▀▀▀▀▀▀▀▀▀▀▀▀▀▀▀▀▀[0m
[38;2;255;255;255m[48;2;255;255;255m▀▀▀▀▀▀▀▀▀▀▀▀▀▀▀▀▀▀▀▀▀▀▀▀▀▀▀▀▀▀▀▀▀▀[38;2;248;248;248m[48;2;252;252;252m▀[38;2;204;204;204m[48;2;248;248;248m▀[38;2;180;180;180m[48;2;255;255;255m▀[38;2;248;248;248m[48;2;255;255;252m▀[38;2;252;252;252m▀[38;2;224;224;228m[48;2;255;255;255m▀[38;2;255;252;255m[48;2;255;255;252m▀[38;2;252;252;255m[48;2;255;255;255m▀[38;2;255;255;255m[48;2;255;255;252m▀[48;2;252;252;252m▀[48;2;255;255;255m▀▀[38;2;232;232;232m▀[38;2;152;152;152m▀[38;2;176;176;176m▀[38;2;232;232;232m[48;2;252;252;252m▀[38;2;255;255;255m[48;2;255;255;255m▀▀▀▀▀▀▀▀▀▀▀▀▀▀▀▀▀[48;2;252;252;252m▀[48;2;255;255;255m▀▀▀▀▀[48;2;252;252;252m▀▀[48;2;255;255;255m▀▀▀▀▀[0m
[38;2;255;255;255m[48;2;255;255;255m▀▀▀▀▀▀▀▀▀▀▀▀▀▀▀▀▀▀▀▀▀▀▀▀▀▀▀▀▀▀▀[38;2;252;252;252m[48;2;208;208;208m▀[38;2;255;255;255m[48;2;184;184;184m▀[48;2;164;164;164m▀[48;2;160;160;160m▀[48;2;220;220;220m▀[48;2;240;248;252m▀[38;2;252;252;252m[48;2;144;188;224m▀[38;2;196;220;236m[48;2;96;164;224m▀[38;2;160;196;228m[48;2;100;168;228m▀[38;2;164;200;228m[48;2;112;172;228m▀[38;2;180;212;232m[48;2;96;164;220m▀[38;2;240;244;248m[48;2;120;176;220m▀[38;2;255;255;255m[48;2;212;228;240m▀[38;2;252;252;252m[48;2;255;255;255m▀[48;2;240;240;240m▀[48;2;184;184;188m▀[38;2;255;255;255m[48;2;180;180;180m▀[48;2;156;156;160m▀[48;2;188;188;188m▀[48;2;252;252;252m▀[48;2;255;255;255m▀▀▀▀▀▀▀▀▀▀▀▀▀▀▀▀[38;2;252;252;252m▀[38;2;255;255;255m▀▀▀▀▀▀▀▀▀▀▀▀[0m
[38;2;255;255;255m[48;2;255;255;255m▀▀▀▀▀▀▀▀▀▀▀▀▀▀▀▀▀▀▀▀▀▀▀▀▀▀▀▀▀▀▀[38;2;204;204;204m[48;2;244;244;244m▀[38;2;156;156;156m[48;2;255;255;255m▀▀[38;2;164;164;168m▀[38;2;164;168;172m[48;2;156;192;220m▀[38;2;140;188;228m[48;2;96;164;224m▀[38;2;92;164;224m[48;2;104;172;228m▀[38;2;104;172;228m[48;2;104;168;228m▀[38;2;108;172;232m[48;2;108;172;232m▀[38;2;116;176;228m[48;2;116;176;228m▀[38;2;104;172;228m[48;2;100;168;224m▀[38;2;100;168;224m[48;2;108;172;228m▀[38;2;108;168;216m[48;2;100;168;224m▀[38;2;216;232;244m[48;2;120;176;220m▀[38;2;244;244;240m[48;2;232;240;240m▀[38;2;168;168;172m[48;2;244;244;244m▀[38;2;152;152;152m[48;2;255;255;255m▀[38;2;172;172;176m▀[38;2;148;148;148m[48;2;252;252;252m▀[38;2;232;232;232m▀[38;2;255;255;255m[48;2;255;255;255m▀▀▀▀▀▀▀▀▀▀▀[48;2;252;252;252m▀[48;2;255;255;255m▀[48;2;252;252;252m▀[48;2;255;255;255m▀[48;2;252;252;252m▀▀▀▀▀[48;2;255;255;255m▀▀[48;2;252;252;252m▀[48;2;255;255;255m▀▀▀▀▀▀[0m
[38;2;255;255;255m[48;2;255;255;255m▀▀▀[38;2;252;252;252m▀▀[38;2;255;255;255m▀▀▀▀▀▀▀▀▀▀▀▀▀▀▀▀▀▀▀▀▀▀▀▀▀▀▀▀[48;2;252;252;252m▀[38;2;208;228;240m[48;2;136;184;224m▀[38;2;100;168;224m[48;2;96;168;228m▀[38;2;108;172;228m[48;2;104;172;228m▀[38;2;104;172;224m[48;2;104;172;224m▀[38;2;100;172;228m[48;2;100;172;228m▀[38;2;108;172;228m[48;2;108;172;228m▀[38;2;116;176;228m[48;2;120;176;232m▀[38;2;100;168;224m[48;2;100;168;224m▀[38;2;104;172;228m[48;2;104;172;228m▀[38;2;108;172;228m[48;2;104;172;224m▀[38;2;92;164;224m[48;2;104;172;232m▀[38;2;160;196;232m[48;2;104;168;216m▀[38;2;255;255;255m[48;2;212;232;240m▀[38;2;252;252;252m[48;2;255;255;255m▀[38;2;255;255;255m[48;2;252;255;255m▀[48;2;255;255;255m▀▀▀▀▀▀▀▀▀▀▀▀▀[38;2;252;252;252m▀[38;2;255;255;255m▀▀▀[38;2;252;252;252m▀▀▀[48;2;252;252;252m▀▀[38;2;255;255;255m[48;2;255;255;255m▀[48;2;252;255;255m▀[48;2;252;252;252m▀[38;2;252;252;252m[48;2;255;255;255m▀[38;2;255;255;255m▀▀▀▀▀[0m
[38;2;255;255;255m[48;2;255;255;255m▀▀▀▀▀▀▀▀▀▀▀▀▀▀▀▀▀▀▀▀▀▀▀▀▀▀▀▀▀▀▀[38;2;252;255;255m[48;2;252;252;252m▀[38;2;255;255;255m▀[38;2;208;224;240m[48;2;144;192;228m▀[38;2;100;164;224m[48;2;96;164;228m▀[38;2;104;172;228m[48;2;104;172;228m▀▀[38;2;104;172;224m[48;2;104;172;224m▀[38;2;100;172;228m[48;2;100;172;228m▀[38;2;108;172;228m[48;2;108;172;232m▀[38;2;116;176;232m[48;2;116;176;232m▀[38;2;100;168;224m[48;2;100;168;224m▀[38;2;104;172;228m[48;2;104;172;228m▀▀▀[38;2;96;164;224m▀[38;2;148;192;224m[48;2;104;168;220m▀[38;2;252;255;252m[48;2;220;232;240m▀[38;2;252;255;255m[48;2;255;255;255m▀[38;2;255;255;255m▀▀▀▀▀▀▀▀▀▀▀▀▀▀▀[48;2;252;252;252m▀▀[48;2;255;255;255m▀[38;2;252;252;252m▀[38;2;255;255;255m[48;2;244;244;248m▀[48;2;208;200;192m▀[48;2;164;144;124m▀[38;2;232;236;236m[48;2;144;120;88m▀[38;2;184;184;184m[48;2;148;108;56m▀[38;2;148;148;148m[48;2;132;116;96m▀[38;2;236;236;236m[48;2;204;204;208m▀[38;2;255;255;255m[48;2;255;255;255m▀[48;2;252;252;252m▀[48;2;255;255;255m▀▀▀[0m
[38;2;255;255;255m[48;2;255;255;255m▀▀▀▀▀▀▀▀▀▀▀▀▀▀▀▀▀▀▀▀▀▀▀▀▀▀▀▀▀▀[48;2;252;255;255m▀[48;2;255;255;255m▀[38;2;224;236;240m[48;2;180;212;232m▀[38;2;104;168;220m[48;2;96;164;224m▀[38;2;104;172;228m[48;2;104;172;228m▀[38;2;104;172;224m▀[38;2;104;172;228m▀[38;2;104;172;224m▀[38;2;100;172;228m[48;2;100;168;228m▀[38;2;108;172;232m[48;2;108;172;228m▀[38;2;116;176;232m[48;2;120;176;232m▀[38;2;100;168;224m[48;2;100;168;224m▀[38;2;104;172;228m[48;2;104;172;224m▀[48;2;104;172;228m▀▀[48;2;104;172;224m▀[38;2;96;164;224m[48;2;100;168;228m▀[38;2;164;200;232m[48;2;120;176;220m▀[38;2;255;255;255m[48;2;240;248;248m▀[38;2;252;255;255m[48;2;255;255;252m▀[38;2;255;255;255m[48;2;255;255;255m▀▀▀▀▀▀▀▀▀▀▀▀[48;2;252;252;252m▀[48;2;255;255;255m▀[48;2;224;220;216m▀[48;2;160;140;116m▀[38;2;224;224;220m[48;2;120;80;32m▀[38;2;172;156;140m[48;2;124;76;12m▀[38;2;128;100;60m[48;2;132;80;16m▀[38;2;120;72;20m[48;2;140;88;24m▀[38;2;128;72;8m[48;2;136;88;20m▀[38;2;132;80;16m[48;2;136;88;24m▀[38;2;132;80;8m[48;2;132;80;12m▀[38;2;148;124;92m[48;2;156;128;92m▀[38;2;184;188;192m[48;2;204;208;208m▀[38;2;255;255;255m[48;2;255;255;255m▀[38;2;252;252;252m[48;2;252;252;252m▀[38;2;255;255;255m[48;2;255;255;255m▀▀▀[0m
[38;2;255;255;255m[48;2;255;255;255m▀▀▀▀▀▀▀▀▀▀▀▀▀▀▀▀▀▀▀▀▀▀▀▀▀▀▀▀▀[48;2;252;255;255m▀[48;2;255;255;255m▀[38;2;252;252;252m[48;2;228;236;244m▀[38;2;132;184;228m[48;2;108;168;216m▀[38;2;96;168;228m[48;2;104;172;228m▀[38;2;104;172;228m[48;2;104;172;224m▀▀▀[48;2;104;168;224m▀▀[38;2;108;172;232m[48;2;104;160;212m▀[38;2;120;180;236m[48;2;112;160;204m▀[38;2;100;172;232m[48;2;100;160;208m▀[38;2;104;172;228m[48;2;104;168;224m▀[48;2;104;172;224m▀[48;2;104;172;228m▀[48;2;104;168;228m▀[38;2;100;172;228m[48;2;104;172;228m▀[38;2;96;164;220m[48;2;96;164;224m▀[38;2;200;224;236m[48;2;160;196;228m▀[38;2;255;255;255m[48;2;255;255;252m▀[38;2;252;255;255m[48;2;255;255;255m▀[38;2;255;255;255m▀▀▀▀▀▀▀▀▀▀[38;2;252;252;252m▀[38;2;255;255;255m[48;2;232;232;228m▀[38;2;192;180;168m[48;2;108;80;52m▀[38;2;124;84;40m[48;2;40;24;8m▀[38;2;92;52;12m[48;2;20;16;12m▀[38;2;104;60;20m[48;2;40;24;20m▀[38;2;124;76;24m[48;2;76;44;20m▀[38;2;140;92;24m[48;2;100;56;16m▀[38;2;136;84;24m[48;2;136;88;24m▀[38;2;136;88;20m[48;2;136;84;20m▀[38;2;136;88;24m[48;2;136;88;20m▀[38;2;132;80;12m[48;2;132;84;16m▀[38;2;152;120;72m[48;2;140;96;36m▀[38;2;212;212;212m[48;2;188;184;172m▀[38;2;255;255;252m[48;2;244;244;244m▀[38;2;255;255;255m[48;2;255;255;255m▀▀▀▀[0m
[38;2;255;255;255m[48;2;255;255;255m▀▀▀▀▀▀▀▀▀[48;2;252;252;252m▀[38;2;252;252;252m[48;2;255;255;255m▀[38;2;255;255;255m▀[48;2;240;240;240m▀[48;2;252;252;252m▀[48;2;255;255;255m▀▀▀▀▀▀▀▀▀▀▀▀▀▀▀[38;2;252;252;255m[48;2;252;252;252m▀[38;2;255;255;252m[48;2;255;255;252m▀[38;2;192;212;232m[48;2;160;196;228m▀[38;2;92;160;220m[48;2;96;164;224m▀[38;2;104;168;224m[48;2;104;172;228m▀[38;2;100;168;220m[48;2;104;172;224m▀▀▀▀[48;2;104;172;228m▀[38;2;104;152;192m[48;2;108;172;228m▀[38;2;112;156;192m[48;2;120;176;232m▀[38;2;100;152;200m[48;2;104;172;228m▀[38;2;104;164;216m▀[38;2;100;168;220m[48;2;104;172;224m▀▀[48;2;104;172;228m▀[38;2;104;168;220m[48;2;104;172;224m▀[38;2;96;164;220m[48;2;104;172;228m▀[38;2;120;176;220m[48;2;104;168;220m▀[38;2;244;248;248m[48;2;224;236;244m▀[38;2;255;255;255m[48;2;255;255;255m▀[48;2;252;255;255m▀[48;2;255;255;255m▀▀▀▀▀▀▀▀[38;2;255;252;252m▀[38;2;255;255;255m▀[38;2;196;188;180m[48;2;148;136;120m▀[38;2;40;28;16m[48;2;16;8;4m▀[38;2;0;0;0m[48;2;4;4;4m▀[38;2;16;8;4m[48;2;24;12;8m▀[38;2;0;0;0m[48;2;4;4;4m▀[38;2;16;12;8m[48;2;0;0;0m▀[38;2;68;40;16m[48;2;32;24;12m▀[38;2;100;52;12m[48;2;72;32;12m▀[38;2;140;88;24m[48;2;116;72;20m▀[38;2;136;84;20m[48;2;140;88;20m▀[38;2;136;88;20m[48;2;136;88;24m▀[38;2;136;84;20m[48;2;136;80;12m▀[38;2;160;144;120m[48;2;140;112;76m▀[38;2;216;216;220m[48;2;204;208;208m▀[38;2;255;255;255m[48;2;255;255;255m▀[38;2;252;252;252m[48;2;252;252;252m▀[38;2;255;255;255m[48;2;255;255;255m▀▀[0m
[38;2;255;255;255m[48;2;255;255;255m▀▀▀▀▀▀▀[38;2;244;244;244m[48;2;212;212;212m▀[38;2;168;168;168m[48;2;188;188;188m▀[38;2;152;152;152m[48;2;240;240;240m▀[38;2;192;192;192m[48;2;216;216;216m▀[38;2;184;184;184m[48;2;200;200;200m▀[38;2;172;172;172m[48;2;255;255;255m▀[38;2;168;168;168m[48;2;224;224;224m▀[38;2;228;228;228m[48;2;192;192;192m▀[38;2;255;255;255m[48;2;255;255;255m▀▀▀▀▀▀▀▀▀▀▀▀▀▀[38;2;252;255;252m▀[38;2;255;255;252m[48;2;244;248;248m▀[38;2;144;192;228m[48;2;128;180;228m▀[38;2;96;164;224m[48;2;100;168;228m▀[38;2;104;172;228m[48;2;104;172;228m▀▀▀▀▀[38;2;104;168;228m[48;2;104;168;228m▀[38;2;108;172;228m[48;2;108;172;228m▀[38;2;116;176;228m[48;2;116;176;228m▀[38;2;100;168;224m[48;2;100;168;228m▀[38;2;104;172;228m[48;2;104;172;228m▀▀▀▀▀▀[38;2;104;164;220m[48;2;104;168;224m▀[38;2;216;232;240m[48;2;188;216;236m▀[38;2;255;255;255m[48;2;255;255;255m▀[38;2;252;255;255m[48;2;252;252;255m▀[38;2;255;255;255m[48;2;255;255;255m▀▀▀▀▀▀▀▀▀[38;2;252;252;248m[48;2;248;248;240m▀[38;2;116;96;76m[48;2;104;80;56m▀[38;2;16;4;0m[48;2;48;28;16m▀[38;2;4;4;0m[48;2;116;112;112m▀[38;2;24;16;12m[48;2;112;108;108m▀[38;2;0;0;0m[48;2;92;92;92m▀[38;2;4;4;0m[48;2;112;112;112m▀[38;2;16;16;16m[48;2;140;140;140m▀[38;2;52;28;16m[48;2;92;76;72m▀[38;2;92;44;12m[48;2;64;24;0m▀[38;2;140;88;20m[48;2;132;80;24m▀[38;2;136;88;20m[48;2;136;88;20m▀[38;2;136;84;16m[48;2;136;88;16m▀[38;2;128;96;48m[48;2;128;88;40m▀[38;2;208;208;208m[48;2;204;204;200m▀[38;2;255;255;255m[48;2;255;255;255m▀[38;2;252;252;252m[48;2;252;252;252m▀[38;2;255;255;255m[48;2;255;255;255m▀▀[0m
[38;2;255;255;255m[48;2;255;255;255m▀▀▀▀▀▀[38;2;252;252;252m[48;2;228;228;228m▀[38;2;200;200;200m[48;2;204;204;204m▀[38;2;255;255;255m[48;2;248;248;248m▀[38;2;252;252;252m[48;2;212;212;212m▀[48;2;204;204;204m▀[48;2;200;200;200m▀[38;2;255;255;255m[48;2;216;216;216m▀[48;2;220;220;220m▀[38;2;208;208;208m[48;2;184;184;184m▀[38;2;255;255;255m[48;2;244;244;244m▀[48;2;255;255;255m▀▀▀▀▀▀▀▀▀▀▀▀[48;2;252;255;255m▀[48;2;255;255;255m▀[38;2;224;232;240m[48;2;196;216;236m▀[38;2;112;172;224m[48;2;108;172;228m▀[38;2;104;168;228m[48;2;104;172;228m▀[38;2;104;172;228m▀▀▀▀[38;2;104;172;224m[48;2;104;172;224m▀[38;2;104;172;228m[48;2;104;172;228m▀[38;2;108;172;232m[48;2;108;172;228m▀[38;2;116;176;232m[48;2;116;176;232m▀[38;2;100;168;224m[48;2;100;168;224m▀[38;2;104;172;228m[48;2;104;172;228m▀▀▀▀▀▀[38;2;104;168;228m[48;2;108;172;228m▀[38;2;160;200;232m[48;2;136;184;228m▀[38;2;252;252;252m[48;2;240;244;248m▀[38;2;255;255;255m[48;2;255;255;255m▀▀▀▀▀▀▀▀▀▀[38;2;252;248;248m▀[38;2;92;64;44m[48;2;108;84;68m▀[38;2;60;40;28m[48;2;72;56;48m▀[38;2;100;96;96m[48;2;128;128;132m▀[38;2;88;88;88m[48;2;128;128;128m▀[38;2;140;140;140m[48;2;164;164;164m▀[38;2;136;136;136m[48;2;160;160;160m▀[38;2;68;68;64m[48;2;124;124;124m▀[38;2;56;52;52m[48;2;112;112;112m▀[38;2;60;28;12m[48;2;68;40;24m▀[38;2;116;64;16m[48;2;96;48;12m▀[38;2;140;92;20m[48;2;140;92;24m▀[38;2;136;84;16m[48;2;140;84;12m▀[38;2;124;84;40m[48;2;128;88;44m▀[38;2;204;204;204m[48;2;212;212;212m▀[38;2;255;255;255m[48;2;255;255;255m▀[38;2;252;252;252m[48;2;252;252;252m▀[38;2;255;255;255m[48;2;255;255;255m▀▀[0m
[38;2;255;255;255m[48;2;255;255;255m▀▀▀▀[38;2;252;252;252m▀[38;2;255;255;255m[48;2;244;244;244m▀[38;2;212;212;212m[48;2;200;200;200m▀[38;2;228;228;228m[48;2;244;244;244m▀[48;2;240;240;240m▀[38;2;208;208;208m[48;2;244;244;244m▀[38;2;224;224;224m[48;2;255;255;255m▀[38;2;220;220;220m▀[38;2;208;208;208m[48;2;248;248;248m▀[38;2;216;216;216m[48;2;252;252;252m▀[38;2;196;196;196m[48;2;212;212;212m▀[38;2;236;236;236m[48;2;236;236;236m▀[38;2;255;255;255m[48;2;255;255;255m▀▀▀▀▀▀▀▀▀▀▀▀▀[48;2;248;252;252m▀[38;2;164;200;228m[48;2;132;184;220m▀[38;2;104;172;228m[48;2;112;176;232m▀[48;2;100;168;228m▀[48;2;104;172;228m▀▀▀▀[38;2;104;172;224m[48;2;104;172;224m▀[38;2;100;172;228m[48;2;100;172;228m▀[38;2;104;172;228m[48;2;108;172;232m▀[38;2;120;176;232m[48;2;116;176;232m▀[38;2;100;168;224m[48;2;100;168;224m▀[38;2;104;172;228m[48;2;104;172;228m▀▀▀▀▀▀[38;2;112;176;228m[48;2;112;176;228m▀[38;2;124;176;224m[48;2;116;172;224m▀[38;2;212;228;240m[48;2;180;212;236m▀[38;2;255;255;255m[48;2;255;255;255m▀[38;2;252;255;255m[48;2;252;255;255m▀[38;2;255;255;255m[48;2;255;255;255m▀▀▀▀▀▀▀[38;2;252;252;248m[48;2;252;252;252m▀[38;2;255;255;255m[48;2;255;255;255m▀[38;2;132;116;100m[48;2;172;164;160m▀[38;2;128;108;100m[48;2;76;56;44m▀[38;2;255;255;255m[48;2;244;244;244m▀[38;2;216;216;216m[48;2;184;184;184m▀[38;2;212;212;212m[48;2;228;228;228m▀[38;2;244;244;244m[48;2;200;200;200m▀[38;2;240;240;236m[48;2;204;204;204m▀[38;2;224;228;224m[48;2;252;252;252m▀[38;2;88;68;60m[48;2;124;112;108m▀[38;2;80;36;4m[48;2;64;20;0m▀[38;2;140;92;24m[48;2;140;88;24m▀[38;2;140;84;16m[48;2;136;84;20m▀[38;2;124;84;36m[48;2;128;88;36m▀[38;2;212;212;212m[48;2;200;196;192m▀[38;2;255;255;255m[48;2;255;255;255m▀[38;2;252;252;252m[48;2;252;252;252m▀[38;2;255;255;255m[48;2;255;255;255m▀▀[0m
[38;2;255;255;255m[48;2;255;255;255m▀▀▀[48;2;240;240;240m▀[38;2;204;204;204m[48;2;196;196;196m▀[38;2;188;188;188m[48;2;124;124;124m▀[38;2;220;220;220m[48;2;152;152;152m▀[38;2;252;252;252m[48;2;240;240;240m▀[38;2;255;255;255m[48;2;255;255;255m▀[48;2;252;252;252m▀[48;2;244;244;244m▀[48;2;255;255;255m▀[38;2;196;196;196m[48;2;220;220;220m▀[38;2;252;252;252m[48;2;200;200;200m▀[38;2;236;236;236m[48;2;232;232;232m▀[38;2;184;184;184m[48;2;192;192;192m▀[38;2;212;212;212m[48;2;184;184;184m▀[38;2;255;255;255m[48;2;240;240;240m▀[48;2;255;255;255m▀▀▀▀▀▀▀▀▀[38;2;252;255;255m[48;2;252;252;255m▀[38;2;255;255;255m[48;2;255;255;255m▀[38;2;228;236;244m[48;2;188;216;236m▀[38;2;112;172;220m[48;2;100;168;224m▀[38;2;112;176;232m[48;2;116;176;232m▀[38;2;100;168;228m[48;2;100;168;228m▀[38;2;104;172;228m[48;2;104;172;228m▀▀▀▀[38;2;104;172;224m[48;2;104;172;224m▀[38;2;100;172;228m[48;2;100;172;228m▀[38;2;108;172;232m[48;2;108;172;232m▀[38;2;116;176;232m[48;2;120;176;232m▀[38;2;100;168;224m[48;2;100;168;224m▀[38;2;104;172;228m[48;2;104;172;228m▀▀▀▀▀[38;2;100;172;228m[48;2;100;172;228m▀[38;2;116;172;228m[48;2;112;172;228m▀[38;2;116;176;228m[48;2;124;176;232m▀[38;2;144;188;224m[48;2;112;172;220m▀[38;2;255;255;252m[48;2;236;244;248m▀[38;2;255;255;255m[48;2;255;255;255m▀▀▀▀▀▀▀▀▀[48;2;252;252;252m▀[38;2;232;232;232m[48;2;255;255;255m▀[38;2;48;28;12m[48;2;84;64;56m▀[38;2;192;188;184m[48;2;108;88;76m▀[38;2;228;228;228m[48;2;232;236;240m▀[38;2;216;216;216m[48;2;196;196;192m▀[38;2;212;212;212m[48;2;196;196;196m▀[38;2;216;216;216m[48;2;212;212;212m▀[38;2;248;248;248m[48;2;236;236;240m▀[38;2;152;144;144m[48;2;132;124;124m▀[38;2;52;12;0m[48;2;44;8;0m▀[38;2;132;80;28m[48;2;112;64;20m▀[38;2;144;88;24m[48;2;148;92;24m▀[38;2;116;72;16m[48;2;120;68;8m▀[38;2;176;172;168m[48;2;136;124;120m▀[38;2;255;255;255m[48;2;255;255;255m▀[38;2;252;252;252m[48;2;252;252;252m▀[38;2;255;255;255m[48;2;255;255;255m▀▀[0m
[38;2;255;255;255m[48;2;255;255;255m▀▀▀[38;2;244;244;244m▀[38;2;192;192;192m[48;2;224;224;224m▀[38;2;200;200;200m[48;2;192;192;192m▀[38;2;212;212;212m[48;2;255;255;255m▀[38;2;252;252;252m▀[38;2;255;255;255m▀[38;2;224;224;224m[48;2;244;244;244m▀[38;2;180;180;180m[48;2;208;208;208m▀[38;2;240;240;240m[48;2;236;236;236m▀[38;2;236;236;236m[48;2;196;196;196m▀[38;2;184;184;184m[48;2;212;212;212m▀[38;2;244;244;244m[48;2;244;244;244m▀[38;2;148;148;148m[48;2;192;192;192m▀[38;2;152;152;152m[48;2;228;228;228m▀[38;2;248;248;248m[48;2;255;255;255m▀[38;2;255;255;255m▀▀▀▀▀▀▀[48;2;252;252;255m▀[48;2;255;255;255m▀▀[38;2;255;255;252m[48;2;236;244;244m▀[38;2;148;192;228m[48;2;112;172;220m▀[38;2;100;168;228m[48;2;104;172;228m▀[38;2;116;176;228m[48;2;116;176;228m▀[38;2;104;168;224m[48;2;104;168;224m▀[38;2;104;172;228m[48;2;104;172;228m▀▀▀▀[38;2;104;172;224m[48;2;104;172;224m▀[38;2;100;172;228m[48;2;100;172;228m▀[38;2;108;172;228m[48;2;108;172;232m▀[38;2;120;176;232m[48;2;116;176;232m▀[38;2;100;168;224m[48;2;100;168;224m▀[38;2;104;172;228m[48;2;104;172;228m▀▀▀▀▀[38;2;100;172;228m[48;2;100;172;228m▀[38;2;112;172;228m[48;2;112;172;228m▀[38;2;128;180;232m[48;2;124;180;228m▀[38;2;92;164;224m[48;2;92;164;224m▀[38;2;200;224;240m[48;2;156;196;228m▀[38;2;255;255;255m[48;2;255;255;255m▀[38;2;252;252;255m[48;2;252;252;252m▀[38;2;255;255;255m[48;2;255;255;255m▀▀[48;2;255;255;252m▀▀[48;2;255;255;255m▀▀▀[38;2;252;252;252m[48;2;252;252;252m▀[38;2;255;255;255m[48;2;255;255;255m▀[38;2;148;144;136m[48;2;192;188;184m▀[38;2;44;16;8m[48;2;36;4;0m▀[38;2;212;208;208m[48;2;68;44;28m▀[38;2;255;255;255m[48;2;160;156;156m▀[38;2;252;252;252m[48;2;200;204;204m▀[38;2;232;232;232m[48;2;192;192;192m▀[38;2;204;204;204m[48;2;252;248;248m▀[38;2;160;156;152m[48;2;176;176;176m▀[38;2;40;8;0m[48;2;44;12;0m▀[38;2;88;44;12m[48;2;68;24;4m▀[38;2;132;80;24m[48;2;68;28;4m▀[38;2;116;64;16m[48;2;72;32;4m▀[38;2;84;60;40m[48;2;72;60;44m▀[38;2;228;232;232m[48;2;236;236;236m▀[38;2;255;255;255m[48;2;252;252;252m▀[48;2;255;255;255m▀▀[0m
[38;2;255;255;255m[48;2;255;255;255m▀▀▀▀[38;2;252;252;252m[48;2;224;224;224m▀[38;2;192;192;192m[48;2;200;200;200m▀[38;2;252;252;252m[48;2;255;255;255m▀[38;2;255;255;255m[48;2;252;252;252m▀[48;2;255;255;255m▀▀[38;2;208;208;208m▀[38;2;176;176;176m▀[38;2;188;188;188m[48;2;232;232;232m▀[38;2;208;208;208m[48;2;176;176;176m▀[38;2;184;184;184m[48;2;240;240;240m▀[38;2;236;236;236m[48;2;255;255;255m▀[38;2;255;255;255m[48;2;252;252;252m▀[48;2;255;255;255m▀▀▀▀▀[48;2;236;236;236m▀[48;2;220;220;220m▀[48;2;216;216;216m▀[48;2;188;188;192m▀[48;2;228;224;228m▀[48;2;252;255;255m▀[38;2;188;216;232m[48;2;132;184;224m▀[38;2;96;164;224m[48;2;96;168;228m▀[38;2;108;172;228m[48;2;108;172;228m▀[38;2;116;176;228m[48;2;116;176;228m▀[38;2;104;168;224m[48;2;104;168;224m▀[38;2;104;172;228m[48;2;104;172;228m▀▀▀▀[38;2;104;172;224m▀[38;2;100;172;228m[48;2;100;172;228m▀[38;2;108;172;232m[48;2;108;172;228m▀[38;2;116;176;232m[48;2;116;176;232m▀[38;2;100;168;224m[48;2;100;168;224m▀[38;2;104;172;228m[48;2;104;172;228m▀▀▀▀▀[38;2;100;172;228m[48;2;100;172;228m▀[38;2;112;172;228m[48;2;112;172;228m▀[38;2;124;180;228m[48;2;124;180;228m▀[38;2;100;168;228m[48;2;104;172;228m▀[38;2;112;172;220m[48;2;96;164;220m▀[38;2;236;240;248m[48;2;188;212;232m▀[38;2;255;255;255m[48;2;255;255;255m▀[48;2;216;216;216m▀[48;2;228;228;232m▀[48;2;196;196;200m▀[48;2;200;200;204m▀[48;2;244;244;244m▀[48;2;255;255;255m▀[48;2;255;255;252m▀[38;2;255;252;252m[48;2;244;244;244m▀[38;2;255;255;255m[48;2;176;172;164m▀[38;2;116;112;112m[48;2;100;80;60m▀[38;2;44;8;0m[48;2;24;12;4m▀[38;2;56;12;0m[48;2;28;12;4m▀[38;2;60;44;40m[48;2;20;12;8m▀[38;2;220;224;224m[48;2;76;72;72m▀[38;2;204;200;204m[48;2;48;36;32m▀[38;2;204;204;208m[48;2;32;16;4m▀[38;2;192;192;196m[48;2;48;44;36m▀[38;2;52;24;12m[48;2;32;16;8m▀[38;2;56;24;0m[48;2;32;12;0m▀[38;2;40;16;0m[48;2;40;12;0m▀[38;2;56;32;20m[48;2;100;60;24m▀[38;2;140;136;136m[48;2;204;192;172m▀[38;2;240;240;240m[48;2;156;156;160m▀[38;2;255;255;255m[48;2;204;204;204m▀[38;2;252;252;252m[48;2;255;255;255m▀[38;2;255;255;255m[48;2;252;252;252m▀[0m
[38;2;255;255;255m[48;2;255;255;255m▀▀[38;2;252;252;252m▀[38;2;255;255;255m[48;2;212;212;212m▀[38;2;184;184;184m[48;2;208;208;208m▀[38;2;232;232;232m[48;2;255;255;255m▀[38;2;255;255;255m▀▀▀[48;2;244;244;244m▀[38;2;240;240;240m[48;2;236;236;236m▀[38;2;188;188;188m[48;2;176;176;176m▀[38;2;184;184;184m[48;2;255;255;255m▀[38;2;236;236;236m▀[38;2;255;255;255m[48;2;252;252;252m▀[48;2;255;255;255m▀▀▀▀▀▀▀[38;2;236;236;232m[48;2;248;248;248m▀[38;2;172;172;176m[48;2;232;232;236m▀[38;2;132;132;136m[48;2;232;232;232m▀[38;2;136;140;144m[48;2;236;236;236m▀[38;2;152;152;148m[48;2;216;216;220m▀[38;2;196;216;232m[48;2;128;180;220m▀[38;2;96;168;224m[48;2;100;168;228m▀[38;2;100;172;228m[48;2;100;172;224m▀[38;2;108;172;228m[48;2;108;172;228m▀[38;2;116;176;228m[48;2;116;176;228m▀[38;2;104;168;224m[48;2;104;168;224m▀[38;2;104;172;228m[48;2;104;172;228m▀▀▀▀[48;2;104;172;224m▀[38;2;100;172;228m[48;2;100;172;228m▀[38;2;108;172;228m[48;2;108;172;232m▀[38;2;116;176;232m[48;2;116;176;232m▀[38;2;100;168;224m[48;2;100;168;224m▀[38;2;104;172;228m[48;2;104;172;228m▀▀▀▀▀[38;2;100;172;228m[48;2;100;172;228m▀[38;2;112;172;228m[48;2;112;172;228m▀[38;2;124;180;228m[48;2;124;180;228m▀[38;2;104;168;228m[48;2;100;168;228m▀[38;2;96;168;224m[48;2;104;172;228m▀[38;2;128;184;220m[48;2;96;164;220m▀[38;2;252;255;255m[48;2;204;228;240m▀[38;2;204;204;204m[48;2;248;244;244m▀[38;2;164;160;164m[48;2;232;232;236m▀[38;2;132;132;136m[48;2;232;232;232m▀[38;2;136;136;140m[48;2;228;228;228m▀[38;2;184;184;188m[48;2;224;224;224m▀[38;2;255;255;255m[48;2;255;255;255m▀[48;2;252;252;252m▀[38;2;220;224;228m[48;2;164;160;160m▀[38;2;144;116;84m[48;2;148;104;52m▀[38;2;128;72;16m[48;2;100;48;4m▀[38;2;56;20;4m[48;2;56;16;0m▀[38;2;52;20;0m[48;2;60;24;0m▀[38;2;48;20;0m[48;2;64;24;0m▀[38;2;20;4;0m[48;2;64;20;0m▀[38;2;52;16;0m[48;2;60;20;0m▀[38;2;60;20;0m[48;2;72;28;8m▀[38;2;48;8;0m[48;2;92;52;16m▀[38;2;56;16;0m[48;2;120;72;20m▀[38;2;72;32;8m[48;2;136;84;24m▀[38;2;120;72;20m[48;2;140;88;20m▀[38;2;136;88;24m[48;2;136;84;20m▀[38;2;140;96;44m[48;2;132;84;16m▀[38;2;172;144;108m[48;2;124;72;8m▀[38;2;156;152;144m[48;2;164;128;76m▀[38;2;188;188;192m[48;2;168;164;156m▀[38;2;255;255;255m[48;2;220;224;228m▀[0m
[38;2;255;255;255m[48;2;200;200;200m▀[38;2;224;224;224m[48;2;188;188;188m▀[38;2;172;172;172m[48;2;228;228;228m▀[38;2;152;152;152m[48;2;252;252;252m▀[38;2;255;255;255m[48;2;255;255;255m▀[48;2;252;252;252m▀[48;2;255;255;255m▀▀▀[38;2;216;216;216m▀[38;2;248;248;248m▀[38;2;212;212;212m[48;2;252;252;252m▀[38;2;196;196;196m[48;2;220;220;220m▀[38;2;228;228;228m[48;2;196;196;196m▀[38;2;255;255;255m▀[48;2;252;252;252m▀[48;2;255;255;255m▀▀▀▀▀▀▀[48;2;252;252;252m▀[48;2;255;255;252m▀[48;2;232;244;244m▀[38;2;196;224;240m[48;2;112;172;216m▀[38;2;96;164;224m[48;2;100;168;228m▀[38;2;104;172;228m[48;2;104;172;228m▀[38;2;100;172;228m[48;2;100;172;228m▀[38;2;104;172;228m[48;2;104;172;228m▀[38;2;116;176;228m[48;2;116;176;228m▀[38;2;104;168;224m[48;2;104;168;224m▀[38;2;104;172;228m[48;2;104;172;228m▀▀▀▀[38;2;104;172;224m[48;2;104;172;224m▀[38;2;100;172;228m[48;2;100;172;228m▀[38;2;108;172;232m[48;2;108;172;232m▀[38;2;116;176;232m[48;2;116;176;232m▀[38;2;100;168;224m[48;2;100;168;224m▀[38;2;104;172;228m[48;2;104;172;228m▀▀▀▀▀[38;2;100;172;228m[48;2;100;172;228m▀[38;2;112;172;228m[48;2;112;172;228m▀[38;2;124;180;228m[48;2;124;180;228m▀[38;2;100;168;228m[48;2;100;168;228m▀[38;2;104;172;228m[48;2;104;172;228m▀[38;2;96;168;228m▀[38;2;132;184;220m[48;2;96;164;220m▀[38;2;252;252;255m[48;2;184;212;232m▀[38;2;255;255;255m[48;2;255;255;255m▀[48;2;252;252;252m▀[48;2;255;255;255m▀[48;2;252;252;252m▀[48;2;255;255;255m▀[38;2;208;212;216m[48;2;148;144;136m▀[38;2;132;112;88m[48;2;124;76;20m▀[38;2;144;92;36m[48;2;132;76;16m▀[38;2;76;36;8m[48;2;64;24;0m▀[38;2;56;20;0m[48;2;52;16;0m▀[38;2;56;24;4m[48;2;52;12;0m▀[38;2;52;20;0m[48;2;64;28;0m▀[38;2;76;36;8m[48;2;132;84;20m▀[38;2;116;68;20m[48;2;136;84;16m▀[38;2;136;84;28m[48;2;132;80;20m▀[38;2;140;92;24m[48;2;132;80;16m▀[38;2;140;88;24m▀[38;2;136;88;20m[48;2;132;84;16m▀▀[48;2;136;84;16m▀▀[38;2;140;92;24m[48;2;132;84;16m▀[38;2;124;72;4m[48;2;132;80;12m▀[38;2;168;144;108m[48;2;140;92;36m▀[38;2;200;204;208m[48;2;168;160;148m▀[0m
[38;2;228;228;228m[48;2;255;255;255m▀[38;2;255;255;255m▀▀▀▀▀▀▀▀▀▀▀[48;2;252;252;252m▀▀[38;2;232;232;232m[48;2;255;255;255m▀[38;2;248;248;248m▀[38;2;255;255;255m▀[38;2;255;252;255m▀[38;2;255;255;255m▀▀▀[48;2;252;252;255m▀[38;2;252;252;252m[48;2;255;255;252m▀[38;2;255;255;252m[48;2;252;255;252m▀[38;2;248;252;248m[48;2;156;196;224m▀[38;2;140;188;224m[48;2;96;164;224m▀[38;2;96;164;224m[48;2;104;172;228m▀[38;2;104;172;228m▀▀[38;2;100;168;228m[48;2;100;168;228m▀[38;2;104;172;228m[48;2;104;172;228m▀[38;2;116;176;228m[48;2;116;176;228m▀[38;2;104;168;224m[48;2;104;168;224m▀[38;2;104;172;228m[48;2;104;172;228m▀▀▀▀▀▀[38;2;108;172;228m[48;2;108;172;228m▀[38;2;116;176;232m[48;2;116;176;228m▀[38;2;100;168;224m[48;2;100;168;224m▀[38;2;104;172;228m[48;2;104;172;228m▀▀▀▀▀[38;2;100;172;228m[48;2;100;172;228m▀[38;2;112;172;228m[48;2;112;172;228m▀[38;2;124;180;232m[48;2;124;180;228m▀[38;2;100;168;228m[48;2;100;168;228m▀[38;2;104;172;228m[48;2;104;172;228m▀▀[38;2;100;168;228m▀[38;2;112;172;220m[48;2;100;168;228m▀[38;2;228;236;240m[48;2;128;180;220m▀[38;2;255;255;252m[48;2;236;248;248m▀[38;2;252;252;252m[48;2;255;255;255m▀[38;2;255;255;255m[48;2;252;252;252m▀[38;2;248;252;252m▀[38;2;160;152;136m[48;2;248;248;244m▀[38;2;140;100;48m[48;2;244;244;236m▀[38;2;136;96;48m▀[38;2;80;48;24m[48;2;248;244;240m▀[38;2;72;40;20m[48;2;248;248;244m▀[38;2;72;40;24m[48;2;244;240;236m▀[38;2;88;56;28m[48;2;240;240;236m▀[38;2;144;100;48m[48;2;244;240;236m▀[38;2;140;96;48m[48;2;244;244;236m▀[38;2;144;100;48m▀[38;2;144;96;44m[48;2;248;244;236m▀[38;2;144;100;48m▀▀[48;2;248;248;236m▀[48;2;248;244;236m▀[48;2;244;244;236m▀[48;2;244;244;232m▀[38;2;140;100;48m[48;2;244;244;236m▀[38;2;140;100;44m▀[38;2;140;120;96m[48;2;244;240;236m▀[0m
[38;2;255;255;255m[48;2;255;255;255m▀▀▀▀▀[48;2;252;252;252m▀[48;2;252;255;255m▀[38;2;240;240;240m[48;2;168;168;172m▀[38;2;240;244;244m[48;2;184;184;188m▀[38;2;244;244;240m[48;2;208;208;208m▀[38;2;236;236;236m[48;2;160;160;164m▀[38;2;244;244;244m[48;2;140;140;144m▀[38;2;255;255;255m[48;2;232;232;236m▀[48;2;252;255;255m▀[48;2;252;252;255m▀[38;2;240;240;236m[48;2;220;220;220m▀[38;2;188;188;188m[48;2;164;164;168m▀[38;2;180;180;184m[48;2;140;140;148m▀[38;2;236;236;236m[48;2;168;168;172m▀[38;2;252;255;255m[48;2;255;255;255m▀[38;2;252;252;252m[48;2;255;255;252m▀[38;2;255;255;255m[48;2;220;232;240m▀[38;2;244;248;248m[48;2;140;184;220m▀[38;2;156;192;224m[48;2;96;164;220m▀[38;2;96;164;224m[48;2;108;172;228m▀[38;2;104;172;228m[48;2;104;172;228m▀[48;2;104;168;224m▀[48;2;104;172;228m▀▀[38;2;100;172;228m[48;2;100;168;228m▀[38;2;108;172;232m[48;2;108;172;228m▀[38;2;116;176;232m[48;2;116;176;232m▀[38;2;104;168;224m[48;2;104;168;224m▀[38;2;104;172;228m▀[48;2;104;172;224m▀▀[48;2;104;172;228m▀[48;2;104;172;224m▀[48;2;104;168;224m▀[38;2;108;172;232m[48;2;104;164;216m▀[38;2;116;180;232m[48;2;112;168;216m▀[38;2;100;172;228m[48;2;104;164;216m▀[38;2;104;172;228m[48;2;104;172;228m▀▀▀▀▀[38;2;104;168;228m[48;2;104;168;228m▀[38;2;112;172;228m[48;2;112;172;228m▀[38;2;124;180;228m[48;2;124;180;228m▀[38;2;100;168;228m[48;2;100;168;224m▀[38;2;104;172;228m[48;2;104;172;224m▀▀▀[48;2;104;168;224m▀[38;2;96;168;228m[48;2;104;172;228m▀[38;2;132;180;220m[48;2;100;168;228m▀[38;2;228;240;244m[48;2;116;172;220m▀[38;2;255;255;252m[48;2;188;212;232m▀[48;2;240;248;248m▀[38;2;252;252;252m[48;2;255;255;255m▀[38;2;255;255;255m▀[38;2;244;244;248m[48;2;228;228;228m▀[38;2;192;192;192m[48;2;164;164;164m▀[38;2;184;184;188m[48;2;148;148;152m▀[38;2;232;232;236m[48;2;160;160;164m▀[38;2;255;255;255m[48;2;252;252;252m▀▀[48;2;252;255;252m▀[48;2;244;244;244m▀[38;2;236;236;240m[48;2;144;144;148m▀[38;2;252;252;252m[48;2;216;216;216m▀[38;2;240;240;240m[48;2;184;184;184m▀[48;2;144;144;148m▀[38;2;252;252;252m[48;2;164;164;168m▀[38;2;255;255;255m[48;2;252;252;252m▀[48;2;255;255;255m▀▀▀▀[0m
[38;2;255;255;255m[48;2;255;255;255m▀▀▀▀[38;2;255;255;252m[48;2;228;236;240m▀[48;2;192;216;236m▀[38;2;255;255;255m[48;2;200;220;240m▀[38;2;204;200;200m[48;2;200;224;244m▀[38;2;200;196;196m[48;2;200;220;240m▀[38;2;232;228;228m▀▀[38;2;184;180;180m[48;2;200;224;248m▀[38;2;228;228;224m[48;2;200;220;236m▀[38;2;255;255;255m[48;2;200;224;236m▀[48;2;196;216;236m▀[38;2;240;236;232m[48;2;196;224;244m▀[38;2;236;232;228m[48;2;188;216;240m▀[38;2;252;248;244m[48;2;160;200;232m▀[38;2;224;228;228m[48;2;132;184;228m▀[38;2;212;232;240m[48;2;100;164;220m▀[38;2;156;196;224m[48;2;92;164;228m▀[38;2;112;168;216m[48;2;104;172;228m▀[38;2;108;168;220m[48;2;116;172;228m▀[38;2;104;168;220m[48;2;100;168;224m▀▀[38;2;100;168;220m[48;2;100;168;228m▀[38;2;104;168;220m▀[48;2;104;168;228m▀[38;2;104;168;224m[48;2;100;168;228m▀[38;2;100;168;224m▀[38;2;104;168;220m[48;2;104;172;228m▀[38;2;116;172;224m[48;2;112;176;228m▀[38;2;100;168;220m[48;2;100;168;228m▀[38;2;104;168;224m[48;2;100;172;228m▀[38;2;100;168;224m[48;2;100;168;228m▀[38;2;100;168;220m[48;2;100;168;224m▀▀[38;2;104;168;224m[48;2;100;168;228m▀[38;2;104;168;220m▀[38;2;100;152;192m[48;2;104;168;220m▀[38;2;112;156;196m[48;2;116;176;224m▀[38;2;96;152;196m[48;2;100;164;224m▀[38;2;104;164;220m[48;2;100;168;228m▀[38;2;104;168;224m▀[38;2;104;168;220m▀[38;2;100;168;220m[48;2;100;168;224m▀[38;2;100;168;224m[48;2;100;168;228m▀▀[38;2;108;168;224m[48;2;108;172;228m▀[38;2;124;176;224m[48;2;120;176;228m▀[38;2;100;164;224m[48;2;100;164;224m▀[38;2;104;168;224m[48;2;104;168;228m▀[38;2;104;168;220m[48;2;100;172;228m▀[48;2;100;168;228m▀[48;2;104;168;228m▀[38;2;100;168;220m[48;2;100;168;228m▀[38;2;104;168;224m▀[48;2;104;172;224m▀[38;2;108;168;224m[48;2;116;176;232m▀[38;2;124;176;216m[48;2;96;168;224m▀[38;2;176;208;228m[48;2;92;164;224m▀[38;2;224;236;244m[48;2;104;168;224m▀[38;2;232;232;232m[48;2;132;184;228m▀[38;2;228;228;224m[48;2;164;204;232m▀[38;2;252;252;248m[48;2;188;216;236m▀[38;2;236;236;232m[48;2;208;228;244m▀[38;2;255;255;252m[48;2;212;232;240m▀[48;2;220;232;244m▀[38;2;255;255;255m[48;2;216;232;240m▀[38;2;255;255;252m[48;2;216;232;244m▀[38;2;184;180;180m[48;2;220;236;248m▀[38;2;220;216;216m[48;2;216;232;244m▀[38;2;228;224;220m[48;2;216;236;244m▀[38;2;216;216;216m[48;2;220;236;248m▀[38;2;180;176;176m[48;2;220;240;248m▀[38;2;252;252;248m[48;2;216;232;240m▀[38;2;255;255;255m[48;2;248;252;252m▀[38;2;252;255;255m[48;2;255;255;255m▀[38;2;255;255;255m▀▀[0m
[38;2;255;255;255m[48;2;255;255;255m▀▀[38;2;252;255;255m▀[38;2;255;255;255m▀[38;2;192;216;228m[48;2;244;252;248m▀[38;2;104;164;212m[48;2;236;244;244m▀[38;2;112;168;224m[48;2;240;248;248m▀[38;2;112;168;220m[48;2;244;252;252m▀▀[38;2;116;168;220m▀[38;2;112;168;220m[48;2;240;248;248m▀[38;2;108;168;216m[48;2;236;248;248m▀[38;2;116;172;220m[48;2;224;224;228m▀[38;2;132;184;220m[48;2;228;224;224m▀[38;2;112;168;220m[48;2;228;232;232m▀[38;2;112;168;216m[48;2;240;248;252m▀[38;2;108;168;216m[48;2;244;248;248m▀[38;2;108;168;220m[48;2;240;248;248m▀[38;2;112;172;220m▀[38;2;116;176;224m▀[38;2;116;172;224m[48;2;236;244;248m▀[38;2;124;180;228m[48;2;220;224;224m▀[38;2;128;184;232m[48;2;220;216;216m▀[38;2;116;176;220m[48;2;228;232;232m▀[38;2;120;176;220m[48;2;240;248;248m▀[38;2;120;176;224m▀▀▀▀[38;2;116;172;220m▀[38;2;124;176;228m[48;2;224;228;232m▀[38;2;132;184;228m[48;2;220;220;216m▀[38;2;116;176;224m[48;2;224;228;228m▀[38;2;116;172;224m[48;2;240;248;248m▀[38;2;116;176;224m[48;2;236;248;248m▀[38;2;120;176;224m[48;2;240;248;248m▀▀[38;2;116;176;224m▀[48;2;232;236;236m▀[38;2;124;180;224m[48;2;224;228;224m▀[38;2;136;188;228m[48;2;224;224;224m▀[38;2;116;176;228m[48;2;220;220;224m▀[38;2;116;176;224m[48;2;232;232;236m▀[38;2;116;172;220m[48;2;240;248;248m▀[38;2;120;176;224m▀[38;2;120;176;220m▀[38;2;116;172;220m▀[38;2;116;176;224m[48;2;232;240;240m▀[38;2;124;180;224m[48;2;228;228;228m▀[38;2;136;184;224m[48;2;228;228;232m▀[38;2;116;176;224m[48;2;224;220;220m▀[48;2;232;236;240m▀[38;2;120;176;224m[48;2;240;248;248m▀▀▀[38;2;116;176;224m▀[38;2;116;172;224m[48;2;232;240;240m▀[38;2;120;176;224m[48;2;224;224;228m▀[38;2;132;184;228m[48;2;224;224;224m▀[38;2;120;176;228m[48;2;220;220;224m▀[48;2;228;232;232m▀[38;2;120;176;224m[48;2;244;248;248m▀[38;2;112;172;224m[48;2;240;248;248m▀[38;2;108;168;220m▀[38;2;108;168;216m▀[38;2;112;168;216m[48;2;236;244;244m▀[38;2;120;176;216m[48;2;224;228;228m▀[38;2;128;180;220m[48;2;232;240;236m▀[38;2;120;176;224m[48;2;216;220;216m▀[38;2;116;172;220m[48;2;228;236;236m▀[38;2;116;172;216m[48;2;236;248;248m▀▀[48;2;240;248;248m▀▀[48;2;236;248;248m▀[38;2;128;172;212m[48;2;236;244;248m▀[38;2;236;244;248m[48;2;252;252;252m▀[38;2;255;255;255m[48;2;255;255;252m▀[48;2;255;255;255m▀▀[0m
[38;2;255;255;255m[48;2;255;255;255m▀▀▀▀[38;2;252;252;248m[48;2;252;252;252m▀[38;2;220;200;200m[48;2;236;228;228m▀[38;2;224;212;212m▀[38;2;224;216;216m[48;2;236;232;232m▀[38;2;224;208;208m[48;2;232;228;228m▀[48;2;236;228;232m▀[38;2;252;252;252m[48;2;252;252;248m▀[38;2;255;255;252m[48;2;252;255;255m▀[38;2;216;196;188m[48;2;220;208;204m▀[38;2;212;184;176m[48;2;216;196;192m▀[38;2;224;208;200m[48;2;224;208;200m▀[38;2;255;255;255m[48;2;252;255;255m▀[48;2;255;255;255m▀▀▀▀[48;2;252;252;252m▀[38;2;220;204;200m[48;2;228;220;220m▀[38;2;196;160;152m[48;2;220;200;196m▀[38;2;224;200;196m[48;2;224;208;208m▀[38;2;255;255;255m[48;2;255;255;255m▀[38;2;255;255;252m▀[38;2;255;255;255m▀▀[38;2;255;255;252m▀[38;2;255;255;255m[48;2;252;255;255m▀[38;2;208;180;168m[48;2;212;192;188m▀[38;2;200;160;148m[48;2;212;188;180m▀[38;2;216;200;196m[48;2;216;204;200m▀[38;2;255;255;255m[48;2;252;252;252m▀[48;2;255;255;255m▀▀▀▀[38;2;248;240;236m[48;2;252;248;248m▀[38;2;208;184;172m[48;2;224;212;208m▀[38;2;208;172;164m[48;2;216;192;192m▀[38;2;196;156;144m[48;2;208;180;176m▀[38;2;228;208;204m[48;2;232;220;216m▀[38;2;255;255;255m[48;2;255;255;255m▀[38;2;255;255;252m[48;2;255;252;255m▀[38;2;255;255;255m[48;2;255;255;255m▀▀[38;2;244;236;236m[48;2;248;244;244m▀[38;2;216;196;184m[48;2;228;220;212m▀[38;2;224;204;200m[48;2;236;228;220m▀[38;2;212;184;180m[48;2;216;204;200m▀[38;2;232;220;216m[48;2;232;220;216m▀[38;2;255;255;255m[48;2;255;255;255m▀[38;2;255;255;252m[48;2;252;255;255m▀[38;2;255;255;255m[48;2;255;255;255m▀▀[38;2;244;236;236m[48;2;248;248;244m▀[38;2;220;200;192m[48;2;224;216;212m▀[38;2;216;196;192m[48;2;220;204;200m▀[38;2;200;160;148m[48;2;208;180;176m▀[38;2;224;204;196m[48;2;228;216;216m▀[38;2;255;255;255m[48;2;255;255;255m▀[38;2;255;255;252m[48;2;255;252;255m▀[38;2;255;255;255m[48;2;255;255;255m▀[48;2;252;255;255m▀[38;2;252;248;248m[48;2;252;252;252m▀[38;2;216;192;188m[48;2;228;216;212m▀[38;2;212;176;168m[48;2;224;204;200m▀[38;2;200;164;152m[48;2;212;188;184m▀[38;2;228;212;212m[48;2;224;212;212m▀[38;2;255;255;255m[48;2;255;255;255m▀▀▀▀▀▀▀▀▀▀[0m

     * Слева: ls -R. Справа: find -maxdepth. В центре: «а можно глазами?» *

ART
