#!/bin/sh
# pipes: meme «Flex Tape». Regenerate: meme.py render "Flex Tape" --label "800 строк@0.72,0.30" --label "| grep@0.70,0.68"
cat <<'ART'
[38;2;92;80;88m[48;2;68;56;52m▀[38;2;88;84;88m[48;2;76;64;68m▀[38;2;92;88;88m[48;2;80;72;80m▀[38;2;88;84;80m[48;2;84;76;80m▀[38;2;80;72;72m[48;2;88;76;80m▀[38;2;80;64;72m▀[38;2;72;60;68m[48;2;92;80;84m▀[38;2;72;64;64m[48;2;92;88;88m▀[38;2;68;60;64m▀[48;2;92;92;92m▀[38;2;64;56;60m▀[38;2;56;52;56m[48;2;92;88;88m▀[38;2;48;48;48m[48;2;88;84;84m▀[38;2;48;44;48m[48;2;80;80;80m▀[48;2;80;76;80m▀[38;2;48;44;44m[48;2;80;80;80m▀[38;2;48;40;40m[48;2;84;76;80m▀[38;2;44;36;40m[48;2;84;76;76m▀[38;2;44;32;36m[48;2;80;68;72m▀[38;2;52;40;40m[48;2;68;60;60m▀[38;2;68;64;60m[48;2;56;48;48m▀[38;2;72;64;56m[48;2;64;52;48m▀[38;2;44;36;24m[48;2;72;56;52m▀[38;2;36;28;28m[48;2;68;52;48m▀[38;2;72;68;76m[48;2;64;52;52m▀[38;2;64;60;68m[48;2;56;44;52m▀[38;2;96;84;92m[48;2;72;64;72m▀[38;2;124;104;112m[48;2;128;116;124m▀[38;2;136;112;124m[48;2;156;140;148m▀[38;2;176;148;160m[48;2;196;180;188m▀[38;2;168;140;152m[48;2;204;184;192m▀[38;2;212;192;204m[48;2;216;200;208m▀[38;2;212;200;200m[48;2;224;212;216m▀[38;2;196;184;188m[48;2;200;192;192m▀[38;2;192;180;188m[48;2;208;200;200m▀[38;2;172;164;168m[48;2;192;184;180m▀[38;2;140;136;136m[48;2;200;192;188m▀[38;2;92;84;88m[48;2;196;188;188m▀[38;2;60;48;52m[48;2;176;168;172m▀[38;2;84;68;80m[48;2;180;168;180m▀[38;2;52;36;44m[48;2;80;68;76m▀[38;2;24;16;20m[48;2;8;4;8m▀[38;2;16;8;12m▀[38;2;140;128;132m[48;2;160;148;156m▀[38;2;132;116;128m[48;2;172;156;164m▀[38;2;96;84;92m[48;2;96;84;96m▀[38;2;92;76;88m[48;2;84;68;80m▀[38;2;112;100;108m[48;2;72;60;68m▀[38;2;136;124;128m[48;2;124;108;112m▀[38;2;132;120;120m[48;2;136;124;124m▀[38;2;156;148;140m[48;2;156;148;144m▀[38;2;180;172;164m[48;2;180;172;164m▀[38;2;176;172;164m[48;2;176;172;164m▀[38;2;168;164;156m[48;2;168;164;152m▀[38;2;192;192;180m[48;2;196;196;180m▀[38;2;196;200;188m[48;2;200;200;188m▀[38;2;192;196;184m[48;2;196;196;184m▀[38;2;200;204;188m[48;2;204;204;188m▀[38;2;176;176;164m[48;2;176;176;168m▀[38;2;128;128;128m[48;2;116;112;112m▀[38;2;120;116;116m[48;2;136;136;136m▀[38;2;168;156;156m[48;2;180;176;176m▀[38;2;216;204;196m[48;2;212;204;196m▀[38;2;220;208;200m[48;2;220;208;196m▀[38;2;232;220;212m[48;2;232;224;212m▀[38;2;236;228;216m[48;2;236;224;216m▀[38;2;228;220;208m[48;2;228;220;208m▀[38;2;232;220;208m[48;2;232;220;208m▀[38;2;224;216;204m[48;2;224;216;204m▀[48;2;224;212;204m▀[38;2;220;212;200m[48;2;220;208;200m▀[0m
[38;2;100;88;84m[48;2;152;136;136m▀[38;2;72;56;56m[48;2;136;120;120m▀[38;2;52;40;48m[48;2;120;108;112m▀[38;2;48;36;44m[48;2;112;100;104m▀[38;2;48;36;40m[48;2;104;92;96m▀[38;2;48;36;36m[48;2;108;92;92m▀[48;2;96;84;84m▀[38;2;48;40;40m[48;2;88;76;76m▀[38;2;48;40;44m[48;2;88;72;72m▀[38;2;48;44;48m[48;2;84;64;68m▀[38;2;52;44;52m[48;2;72;52;60m▀[38;2;56;48;52m[48;2;68;52;56m▀[38;2;60;52;56m[48;2;64;44;52m▀[38;2;52;44;48m[48;2;56;40;44m▀▀[38;2;56;48;52m[48;2;52;36;40m▀[38;2;60;48;56m[48;2;48;32;36m▀[38;2;64;52;60m[48;2;40;24;28m▀[38;2;52;36;40m[48;2;20;8;8m▀[38;2;32;20;24m[48;2;28;12;16m▀[38;2;48;32;32m[48;2;48;36;32m▀[38;2;76;52;52m[48;2;76;52;48m▀[38;2;128;92;92m[48;2;152;100;100m▀[38;2;120;84;80m[48;2;196;128;132m▀[38;2;72;48;36m[48;2;188;116;112m▀[38;2;68;48;48m[48;2;168;108;112m▀[38;2;44;32;44m[48;2;56;36;44m▀[38;2;84;72;76m[48;2;56;40;44m▀[38;2;144;128;132m[48;2;84;68;72m▀[38;2;140;124;132m[48;2;72;52;60m▀[38;2;148;136;144m[48;2;72;60;64m▀[38;2;176;168;172m[48;2;172;160;164m▀[38;2;188;176;180m[48;2;192;180;184m▀[38;2;188;176;176m[48;2;128;120;120m▀[38;2;196;188;188m[48;2;184;176;176m▀[38;2;184;176;176m[48;2;188;176;176m▀[38;2;164;156;152m[48;2;132;120;124m▀[38;2;180;172;176m[48;2;92;80;84m▀[38;2;200;192;192m[48;2;168;156;164m▀[38;2;204;192;196m[48;2;176;164;172m▀[38;2;168;160;168m[48;2;160;144;156m▀[38;2;72;60;72m[48;2;136;120;132m▀[38;2;52;44;52m[48;2;40;32;40m▀[38;2;156;148;152m[48;2;152;140;144m▀[38;2;188;176;180m[48;2;184;168;176m▀[38;2;124;108;120m[48;2;124;108;120m▀[38;2;96;84;96m[48;2;84;68;80m▀[38;2;92;80;88m[48;2;84;72;80m▀[38;2;124;112;112m[48;2;100;88;88m▀[38;2;124;116;112m[48;2;120;108;104m▀[38;2;156;152;144m[48;2;156;152;144m▀[38;2;172;168;160m[48;2;168;164;156m▀[38;2;172;164;156m[48;2;172;164;160m▀[38;2;164;164;156m[48;2;160;160;152m▀[38;2;192;196;180m[48;2;188;192;176m▀[38;2;200;200;184m[48;2;200;200;184m▀[38;2;192;196;180m[48;2;184;188;172m▀[38;2;200;200;188m[48;2;192;196;180m▀[38;2;168;172;160m[48;2;168;168;156m▀[38;2;116;116;112m[48;2;112;116;108m▀[38;2;160;160;164m[48;2;156;156;152m▀[38;2;172;172;168m[48;2;160;156;152m▀[38;2;208;200;192m[48;2;208;200;188m▀[38;2;216;204;192m▀[38;2;228;220;208m[48;2;220;212;200m▀[38;2;228;216;208m[48;2;224;212;200m▀[38;2;224;216;204m[48;2;216;208;196m▀[38;2;224;220;208m[48;2;216;212;200m▀[38;2;220;212;200m[48;2;212;208;192m▀[38;2;216;212;200m[48;2;212;208;196m▀[38;2;216;212;196m[48;2;208;204;192m▀[0m
[38;2;188;164;104m[48;2;224;192;8m▀[38;2;180;156;100m[48;2;220;184;4m▀[38;2;176;156;112m[48;2;216;184;8m▀[38;2;172;152;116m[48;2;216;180;8m▀[38;2;168;148;116m[48;2;212;184;12m▀[38;2;172;148;120m[48;2;212;184;16m▀[38;2;168;148;128m[48;2;212;184;20m▀[38;2;164;144;132m[48;2;208;184;28m▀[48;2;208;180;32m▀[38;2;164;136;140m[48;2;208;180;40m▀[38;2;156;132;136m[48;2;204;176;44m▀[38;2;140;120;124m[48;2;180;160;44m▀[38;2;124;108;112m[48;2;168;144;44m▀[38;2;120;104;108m[48;2;164;144;56m▀[38;2;120;100;112m[48;2;160;140;60m▀[38;2;116;100;108m[48;2;152;132;64m▀[48;2;160;144;72m▀[38;2;76;60;64m[48;2;116;96;60m▀[38;2;12;0;0m[48;2;12;0;0m▀[38;2;28;12;12m[48;2;88;48;48m▀[38;2;56;40;40m[48;2;104;60;60m▀[38;2;76;52;52m[48;2;76;44;36m▀[38;2;136;88;84m[48;2;124;72;68m▀[38;2;208;132;136m[48;2;188;116;112m▀[38;2;224;132;132m[48;2;196;116;108m▀[38;2;204;124;124m[48;2;172;104;96m▀[38;2;80;64;64m[48;2;80;56;52m▀[38;2;44;36;32m[48;2;40;20;20m▀[38;2;24;12;16m[48;2;28;12;20m▀[38;2;24;8;20m[48;2;24;12;24m▀[38;2;20;4;16m[48;2;20;4;16m▀[38;2;108;96;104m[48;2;24;8;20m▀[38;2;172;160;164m[48;2;56;40;48m▀[38;2;168;160;160m[48;2;60;48;52m▀[38;2;184;176;176m[48;2;36;24;28m▀[38;2;176;168;172m[48;2;28;12;24m▀[38;2;80;68;80m[48;2;44;28;44m▀[38;2;68;56;68m[48;2;60;44;60m▀[38;2;92;80;92m[48;2;68;56;72m▀[38;2;96;84;96m[48;2;76;60;80m▀[38;2;68;56;68m[48;2;56;44;60m▀[38;2;40;28;44m[48;2;40;24;40m▀[38;2;28;16;24m[48;2;32;20;20m▀[38;2;156;140;136m[48;2;144;128;92m▀[38;2;136;120;124m[48;2;132;112;108m▀[38;2;100;88;100m[48;2;96;88;100m▀[38;2;72;64;72m[48;2;76;68;68m▀[38;2;72;60;64m[48;2;84;72;72m▀[38;2;88;76;76m[48;2;96;84;84m▀[38;2;116;108;104m[48;2;120;108;108m▀[38;2;156;152;144m[48;2;160;152;144m▀[38;2;168;160;152m[48;2;172;164;156m▀[38;2;168;164;156m[48;2;168;160;156m▀[38;2;160;156;148m[48;2;156;152;148m▀[38;2;188;188;176m[48;2;188;188;176m▀[38;2;204;208;192m[48;2;208;212;196m▀[38;2;188;188;172m[48;2;192;192;176m▀[38;2;192;192;176m[48;2;188;192;172m▀[38;2;164;168;152m[48;2;160;160;144m▀[38;2;100;96;92m[48;2;108;96;96m▀[38;2;128;128;124m[48;2;104;100;96m▀[38;2;172;168;156m[48;2;180;180;124m▀[38;2;208;196;192m[48;2;216;204;180m▀[38;2;212;200;192m[48;2;212;200;192m▀[38;2;220;212;200m[48;2;216;208;196m▀[38;2;224;212;204m▀[38;2;216;208;196m[48;2;216;204;196m▀[38;2;220;212;200m[48;2;220;212;200m▀[38;2;216;208;196m[48;2;220;208;196m▀[48;2;220;212;196m▀[38;2;212;204;192m[48;2;216;208;196m▀[0m
[38;2;92;76;40m[48;2;20;28;72m▀[38;2;96;84;44m▀[38;2;104;92;36m[48;2;20;32;76m▀[38;2;112;100;32m▀[38;2;124;108;36m[48;2;24;36;76m▀[38;2;128;112;28m▀[38;2;136;124;20m[48;2;28;36;76m▀[38;2;148;132;16m[48;2;28;40;68m▀[38;2;160;144;16m[48;2;32;40;68m▀[38;2;168;148;12m[48;2;36;40;68m▀[38;2;176;160;12m[48;2;40;44;64m▀[38;2;176;160;8m[48;2;44;48;60m▀[38;2;172;152;4m[48;2;48;48;52m▀[38;2;172;156;0m[48;2;52;52;48m▀[38;2;176;164;0m[48;2;56;56;40m▀[38;2;180;164;0m[48;2;76;68;36m▀[38;2;180;164;4m[48;2;68;56;28m▀[38;2;72;60;12m[48;2;28;16;16m▀[38;2;12;0;0m[48;2;92;52;44m▀[38;2;136;72;68m[48;2;136;68;56m▀[38;2;160;92;88m[48;2;172;96;84m▀[38;2;116;64;48m[48;2;168;100;88m▀[38;2;160;104;96m[48;2;176;108;96m▀[38;2;180;112;100m[48;2;200;128;116m▀[38;2;144;80;64m[48;2;180;112;96m▀[38;2;172;104;92m[48;2;188;112;116m▀[38;2;108;60;60m[48;2;144;92;100m▀[38;2;132;80;88m[48;2;132;68;76m▀[38;2;48;20;32m[48;2;144;32;40m▀[38;2;56;48;56m[48;2;140;28;44m▀[38;2;168;156;164m[48;2;172;76;92m▀[38;2;156;148;156m[48;2;196;112;112m▀[38;2;164;164;168m[48;2;212;148;152m▀[38;2;156;148;148m[48;2;188;136;152m▀[38;2;144;140;144m[48;2;212;156;168m▀[38;2;112;104;112m[48;2;216;156;160m▀[38;2;104;96;108m[48;2;208;156;156m▀[38;2;124;120;132m[48;2;236;192;188m▀[38;2;136;128;144m[48;2;232;192;196m▀[38;2;80;72;88m[48;2;152;108;112m▀[38;2;36;24;40m[48;2;100;52;64m▀[38;2;24;12;32m[48;2;88;44;56m▀[38;2;24;16;20m[48;2;84;36;48m▀[38;2;164;156;108m[48;2;168;140;136m▀[38;2;140;124;108m[48;2;156;144;132m▀[38;2;84;68;72m[48;2;100;88;80m▀[38;2;76;68;68m[48;2;120;108;104m▀[38;2;88;76;76m[48;2;116;108;104m▀[38;2;96;84;84m[48;2;120;112;104m▀[38;2;124;112;112m[48;2;132;128;116m▀[38;2;152;152;144m[48;2;156;160;148m▀[38;2;164;160;152m[48;2;168;168;156m▀[38;2;164;156;152m[48;2;156;156;144m▀[38;2;188;188;180m[48;2;200;200;184m▀[38;2;208;212;196m[48;2;196;196;184m▀[38;2;212;216;200m[48;2;208;208;196m▀[38;2;188;192;172m[48;2;184;184;168m▀[48;2;176;176;160m▀[38;2;156;160;140m[48;2;160;164;148m▀[38;2;100;96;96m[48;2;108;104;96m▀[38;2;120;112;108m[48;2;180;168;160m▀[38;2;192;188;128m[48;2;192;180;164m▀[38;2;220;208;176m[48;2;204;192;176m▀[38;2;212;200;188m[48;2;200;192;184m▀[38;2;228;220;208m[48;2;220;216;204m▀[38;2;236;228;216m[48;2;228;224;212m▀[38;2;220;212;200m[48;2;224;220;208m▀[38;2;224;216;204m[48;2;228;224;208m▀[38;2;216;208;196m[48;2;216;212;196m▀[38;2;220;208;196m[48;2;220;208;196m▀[48;2;220;212;196m▀[0m
[38;2;28;44;72m[48;2;24;40;76m▀[38;2;28;44;68m[48;2;28;44;72m▀[38;2;28;44;72m[48;2;24;44;72m▀[38;2;32;44;76m[48;2;28;44;72m▀[38;2;32;48;72m▀[38;2;28;48;76m[48;2;28;40;72m▀[48;2;24;44;72m▀[48;2;28;44;76m▀[48;2;28;44;72m▀[48;2;28;44;76m▀[38;2;28;44;76m[48;2;32;44;76m▀[38;2;24;44;76m[48;2;28;44;72m▀[38;2;20;32;72m[48;2;20;32;64m▀[38;2;20;32;68m[48;2;32;36;64m▀[38;2;24;36;64m[48;2;44;48;56m▀[38;2;40;40;72m[48;2;48;44;52m▀[38;2;32;20;36m[48;2;28;12;24m▀[38;2;120;84;76m[48;2;72;32;44m▀[38;2;172;112;96m[48;2;164;108;96m▀[38;2;148;84;64m[48;2;164;100;84m▀[38;2;148;80;68m[48;2;140;76;64m▀[38;2;156;88;76m[48;2;132;68;56m▀[38;2;164;96;80m[48;2;132;76;56m▀[38;2;152;84;76m[48;2;148;88;76m▀[38;2;148;80;76m[48;2;160;96;96m▀[38;2;112;60;64m[48;2;88;52;56m▀[38;2;68;36;48m[48;2;44;20;32m▀[38;2;60;24;32m[48;2;44;24;32m▀[38;2;108;4;12m[48;2;48;32;32m▀[38;2;152;44;20m[48;2;136;112;52m▀[38;2;144;60;16m[48;2;200;188;56m▀[38;2;152;12;0m[48;2;152;48;16m▀[38;2;172;8;8m[48;2;152;0;8m▀[38;2;176;112;36m[48;2;240;240;48m▀[38;2;168;88;24m[48;2;228;220;40m▀[38;2;156;48;20m[48;2;196;176;44m▀[38;2;152;24;16m[48;2;124;84;40m▀[38;2;168;4;16m[48;2;196;140;44m▀[38;2;200;16;36m[48;2;160;28;24m▀[38;2;208;24;40m[48;2;180;36;28m▀[38;2;200;20;24m[48;2;164;0;0m▀[38;2;184;20;20m[48;2;180;0;0m▀[38;2;164;16;20m[48;2;164;0;8m▀[38;2;148;96;96m[48;2;156;108;68m▀[38;2;184;176;164m[48;2;212;208;44m▀[38;2;176;172;160m[48;2;216;212;52m▀[38;2;168;172;168m[48;2;208;208;76m▀[38;2;172;172;172m[48;2;208;204;92m▀[38;2;168;160;160m[48;2;200;192;104m▀[38;2;168;168;156m[48;2;200;200;136m▀[38;2;224;228;212m[48;2;208;212;180m▀[38;2;212;220;200m[48;2;184;192;164m▀[38;2;200;204;188m[48;2;192;196;168m▀[48;2;236;236;212m▀[38;2;192;192;180m[48;2;216;212;192m▀[38;2;204;204;188m[48;2;232;228;212m▀[38;2;204;208;184m[48;2;212;212;196m▀[38;2;176;180;144m[48;2;192;200;172m▀[38;2;192;192;152m[48;2;204;208;180m▀[38;2;156;148;120m[48;2;180;180;160m▀[38;2;156;136;132m[48;2;172;168;156m▀[38;2;196;184;172m[48;2;236;232;220m▀[38;2;204;200;188m[48;2;236;240;224m▀[38;2;208;204;192m[48;2;244;252;228m▀[38;2;240;236;228m[48;2;255;255;255m▀[38;2;244;240;236m▀[38;2;228;224;208m[48;2;248;252;240m▀[38;2;240;240;220m[48;2;248;248;232m▀[38;2;216;212;192m[48;2;224;216;192m▀[38;2;216;208;192m[48;2;204;200;172m▀[38;2;220;212;192m[48;2;196;192;176m▀[0m
[38;2;20;40;68m[48;2;48;56;68m▀[38;2;16;36;64m[48;2;88;84;104m▀[38;2;28;40;72m[48;2;16;36;68m▀[38;2;28;44;72m[48;2;20;40;72m▀[48;2;24;40;72m▀[48;2;32;44;76m▀[48;2;28;44;72m▀[48;2;28;40;72m▀[38;2;24;40;72m[48;2;28;44;72m▀[38;2;24;44;72m[48;2;28;44;76m▀[38;2;28;44;76m[48;2;28;40;68m▀[38;2;24;40;68m[48;2;40;44;64m▀[38;2;32;40;64m[48;2;60;52;68m▀[38;2;56;48;68m[48;2;56;40;52m▀[38;2;52;40;44m[48;2;48;32;40m▀[38;2;40;20;36m[48;2;44;28;36m▀[38;2;28;16;28m[48;2;40;24;36m▀[38;2;28;8;12m[48;2;32;16;28m▀[38;2;100;52;52m[48;2;28;4;20m▀[38;2;168;104;104m[48;2;68;36;44m▀[38;2;160;92;80m[48;2;132;76;72m▀[38;2;128;68;52m[48;2;164;96;92m▀[38;2;112;56;40m[48;2;152;92;84m▀[38;2;112;56;52m[48;2;48;16;12m▀[38;2;112;68;68m[48;2;12;0;4m▀[38;2;56;28;40m[48;2;20;4;12m▀[38;2;32;12;28m[48;2;56;32;24m▀[38;2;36;16;28m[48;2;44;28;20m▀[38;2;32;16;20m[48;2;40;16;32m▀[38;2;40;12;28m[48;2;48;16;28m▀[38;2;180;164;32m[48;2;168;132;44m▀[38;2;196;148;28m[48;2;188;168;40m▀[38;2;180;116;36m[48;2;148;120;32m▀[38;2;240;236;36m[48;2;160;132;36m▀[38;2;220;204;32m[48;2;192;172;44m▀[38;2;184;160;40m[48;2;172;144;44m▀[38;2;84;44;24m[48;2;152;124;52m▀[38;2;236;232;36m[48;2;160;140;24m▀[38;2;244;244;28m[48;2;176;160;28m▀[38;2;188;164;44m[48;2;164;128;36m▀[38;2;128;12;12m[48;2;136;0;4m▀[38;2;176;0;0m[48;2;184;0;0m▀[38;2;168;12;16m[48;2;172;12;12m▀[38;2;148;108;68m[48;2;124;100;84m▀[38;2;156;156;40m[48;2;84;92;100m▀[38;2;180;176;52m[48;2;92;96;112m▀[38;2;192;196;36m[48;2;88;96;112m▀[38;2;196;196;32m[48;2;92;104;108m▀[48;2;96;104;108m▀[38;2;192;196;68m[48;2;148;160;152m▀[38;2;196;208;160m[48;2;204;216;192m▀[38;2;192;196;164m[48;2;184;196;168m▀[38;2;176;184;132m[48;2;172;176;152m▀[38;2;188;192;132m[48;2;176;176;160m▀[38;2;184;184;124m[48;2;152;156;140m▀[38;2;180;180;132m[48;2;148;156;140m▀[38;2;168;172;128m▀[38;2;148;160;120m[48;2;108;116;104m▀[38;2;156;164;132m▀[38;2;172;180;136m[48;2;120;132;120m▀[38;2;140;136;112m[48;2;104;100;88m▀[38;2;180;168;152m[48;2;156;132;108m▀[38;2;152;156;140m[48;2;100;108;96m▀[38;2;136;148;124m[48;2;72;88;76m▀[38;2;180;164;144m[48;2;124;80;72m▀[38;2;168;116;112m[48;2;136;20;28m▀[38;2;188;124;128m[48;2;156;28;48m▀[38;2;200;164;116m[48;2;204;164;60m▀[38;2;192;188;76m[48;2;212;212;32m▀[38;2;132;132;68m[48;2;128;132;48m▀[38;2;92;96;92m[48;2;76;84;92m▀[0m
[38;2;116;108;112m[48;2;144;128;132m▀[38;2;144;100;108m[48;2;136;88;96m▀[38;2;156;120;132m[48;2;255;208;196m▀[38;2;32;44;72m[48;2;184;148;152m▀[38;2;20;36;68m[48;2;28;32;60m▀[38;2;28;44;76m[48;2;24;40;72m▀[38;2;28;44;72m[48;2;24;44;68m▀[38;2;24;40;72m[48;2;24;44;72m▀[38;2;28;44;76m[48;2;28;40;72m▀[38;2;32;44;76m[48;2;32;44;68m▀[38;2;40;44;64m[48;2;44;36;56m▀[38;2;48;40;52m[48;2;32;20;32m▀[38;2;52;32;44m[48;2;40;20;32m▀[38;2;40;24;32m[48;2;40;20;28m▀[38;2;44;28;36m[48;2;36;20;28m▀[38;2;40;24;36m▀[38;2;36;20;32m[48;2;32;16;24m▀[38;2;28;16;24m[48;2;28;12;24m▀[38;2;16;4;12m[48;2;32;16;24m▀[38;2;12;0;8m[48;2;24;12;24m▀[38;2;24;4;4m[48;2;16;4;12m▀[38;2;76;32;40m[48;2;16;0;8m▀[38;2;132;76;84m[48;2;24;4;12m▀[38;2;40;12;16m[48;2;24;8;16m▀[38;2;16;0;16m[48;2;20;4;20m▀[38;2;112;88;32m[48;2;96;80;28m▀[38;2;208;192;40m[48;2;124;112;24m▀[38;2;104;104;36m[48;2;72;84;96m▀[38;2;16;0;24m[48;2;64;40;56m▀[38;2;64;28;40m[48;2;100;48;40m▀[38;2;140;88;60m[48;2;140;72;56m▀[38;2;216;184;52m[48;2;204;172;40m▀[38;2;124;60;20m[48;2;220;204;36m▀[38;2;168;120;28m[48;2;192;168;28m▀[38;2;208;192;40m[48;2;216;208;40m▀[48;2;176;164;28m▀[38;2;192;172;52m[48;2;172;156;36m▀[38;2;192;172;36m[48;2;255;255;40m▀[38;2;192;176;40m[48;2;244;236;48m▀[38;2;192;164;56m[48;2;176;164;48m▀[38;2;132;8;4m[48;2;144;44;56m▀[38;2;184;0;0m[48;2;184;0;0m▀[38;2;172;12;12m[48;2;172;20;16m▀[38;2;116;96;80m[48;2;120;100;88m▀[38;2;88;100;96m[48;2;84;96;96m▀[38;2;96;104;104m[48;2;92;100;104m▀[38;2;92;104;112m[48;2;92;104;108m▀[38;2;92;108;112m▀[38;2;96;108;112m[48;2;96;112;116m▀[38;2;168;184;172m[48;2;172;184;172m▀[38;2;212;224;196m[48;2;212;224;196m▀[38;2;192;204;172m[48;2;192;204;172m▀[38;2;172;180;152m[48;2;164;176;152m▀[38;2;152;164;140m[48;2;108;120;112m▀[38;2;152;160;144m[48;2;116;128;124m▀[38;2;152;164;144m[48;2;144;160;152m▀[38;2;144;156;144m[48;2;128;144;136m▀[38;2;124;136;128m[48;2;112;124;120m▀[38;2;116;128;120m[48;2;108;124;120m▀[38;2;112;132;128m[48;2;108;128;128m▀[38;2;108;104;104m[48;2;104;100;88m▀[38;2;148;120;96m[48;2;152;132;92m▀[38;2;88;104;100m[48;2;76;100;88m▀[38;2;84;100;100m[48;2;76;100;92m▀[38;2;140;92;96m[48;2;128;80;88m▀[38;2;148;32;40m[48;2;148;28;40m▀[38;2;164;40;44m[48;2;168;40;48m▀[38;2;176;136;48m[48;2;204;176;44m▀[38;2;172;164;36m[48;2;220;220;28m▀[38;2;104;96;56m[48;2;112;104;56m▀[38;2;80;92;100m[48;2;76;88;100m▀[0m
[38;2;84;68;68m[48;2;132;96;104m▀[38;2;168;128;128m[48;2;232;172;176m▀[38;2;244;180;164m[48;2;255;192;184m▀[38;2;255;192;184m[48;2;248;168;156m▀[38;2;88;68;88m[48;2;136;104;112m▀[38;2;16;32;64m[48;2;24;28;56m▀[38;2;24;44;68m[48;2;28;44;72m▀[38;2;24;44;72m[48;2;24;44;72m▀[48;2;28;44;72m▀[38;2;28;36;64m[48;2;24;20;44m▀[38;2;36;20;40m[48;2;20;4;20m▀[38;2;32;12;28m[48;2;20;8;20m▀[38;2;32;8;24m[48;2;24;4;20m▀[38;2;32;12;24m[48;2;28;8;20m▀[38;2;32;16;24m[48;2;32;12;20m▀[38;2;36;16;24m[48;2;32;12;24m▀[38;2;32;20;24m[48;2;32;16;24m▀[38;2;32;16;28m[48;2;32;16;28m▀[38;2;32;20;28m▀[38;2;32;16;28m[48;2;36;20;32m▀▀[38;2;28;12;24m[48;2;28;12;24m▀[38;2;20;4;16m[48;2;24;8;20m▀[38;2;24;8;20m[48;2;28;12;24m▀[38;2;28;16;28m[48;2;32;16;24m▀[38;2;28;16;24m[48;2;28;16;24m▀[38;2;28;12;24m[48;2;32;20;28m▀[38;2;32;20;48m[48;2;36;12;36m▀[38;2;80;48;56m[48;2;84;64;60m▀[38;2;104;56;48m[48;2;112;84;44m▀[38;2;128;68;52m[48;2;108;60;36m▀[38;2;152;104;52m[48;2;136;80;64m▀[38;2;172;156;40m[48;2;140;108;104m▀[38;2;148;132;36m[48;2;152;132;136m▀[38;2;116;96;52m[48;2;180;164;172m▀[38;2;124;100;124m[48;2;212;200;208m▀[38;2;100;80;72m[48;2;192;184;188m▀[38;2;148;144;36m[48;2;164;156;168m▀[38;2;172;168;44m[48;2;164;160;176m▀[38;2;124;132;40m[48;2;48;112;144m▀[38;2;104;88;104m[48;2;44;124;152m▀[38;2;184;16;20m[48;2;168;44;52m▀[38;2;168;16;16m[48;2;164;8;4m▀[38;2;116;100;88m[48;2;116;100;88m▀[38;2;84;96;96m[48;2;88;96;96m▀[38;2;92;104;108m[48;2;96;104;112m▀[48;2;92;108;112m▀[38;2;92;104;112m[48;2;92;104;112m▀[38;2;96;108;116m[48;2;96;108;112m▀[38;2;152;164;156m[48;2;136;148;144m▀[38;2;200;212;188m[48;2;176;188;168m▀[38;2;160;168;144m[48;2;124;136;124m▀[38;2;116;128;116m[48;2;88;100;108m▀[38;2;96;108;112m[48;2;96;108;112m▀[38;2;92;104;112m[48;2;112;124;124m▀[38;2;104;116;124m[48;2;104;120;116m▀[38;2;92;112;112m[48;2;88;104;108m▀[38;2;92;100;100m[48;2;88;100;108m▀[38;2;100;112;112m[48;2;100;116;116m▀[38;2;96;116;116m[48;2;92;116;112m▀[38;2;104;96;80m[48;2;108;100;92m▀[38;2;148;132;92m[48;2;144;124;108m▀[38;2;76;96;84m[48;2;76;96;92m▀[38;2;76;92;88m[48;2;72;88;88m▀[38;2;120;64;76m[48;2;120;60;76m▀[38;2;148;28;40m[48;2;152;24;40m▀[38;2;168;60;56m[48;2;172;76;76m▀[38;2;200;188;44m[48;2;152;144;88m▀[38;2;204;200;28m[48;2;148;140;80m▀[38;2;120;116;56m[48;2;92;100;68m▀[38;2;76;88;100m[48;2;80;92;100m▀[0m
[38;2;92;72;96m[48;2;16;32;64m▀[38;2;176;124;136m[48;2;32;28;60m▀[38;2;224;152;148m[48;2;92;52;68m▀[38;2;224;152;136m[48;2;172;108;104m▀[38;2;216;160;152m[48;2;212;148;136m▀[38;2;112;80;96m[48;2;216;152;136m▀[38;2;36;28;64m[48;2;184;128;124m▀[38;2;24;32;68m[48;2;108;76;80m▀[38;2;36;40;72m[48;2;40;16;32m▀[38;2;36;20;40m[48;2;36;16;28m▀[38;2;28;8;20m[48;2;28;8;20m▀[38;2;28;8;16m[48;2;28;8;16m▀[38;2;24;4;16m[48;2;28;12;16m▀[38;2;24;8;16m[48;2;28;8;16m▀[38;2;28;12;20m[48;2;24;4;16m▀[38;2;28;8;20m[48;2;28;8;20m▀[38;2;28;12;24m[48;2;24;8;20m▀[38;2;32;16;28m[48;2;28;12;24m▀[48;2;28;16;24m▀[38;2;36;20;32m[48;2;28;16;28m▀[38;2;32;20;28m[48;2;32;16;28m▀[38;2;28;16;28m[48;2;28;16;24m▀[38;2;24;8;20m[48;2;28;12;24m▀[38;2;28;16;28m▀▀▀[38;2;24;8;20m[48;2;24;8;20m▀[38;2;36;16;36m[48;2;28;8;24m▀[38;2;80;64;72m[48;2;8;8;8m▀[38;2;76;60;44m[48;2;48;40;44m▀[38;2;108;68;52m[48;2;116;80;72m▀[38;2;136;80;56m[48;2;132;72;56m▀[38;2;180;148;140m[48;2;124;84;72m▀[38;2;176;164;164m[48;2;36;20;20m▀[38;2;184;172;172m[48;2;108;96;96m▀[38;2;164;156;160m[48;2;164;156;168m▀[38;2;88;112;140m[48;2;20;76;116m▀[38;2;104;180;208m[48;2;16;160;208m▀[38;2;84;172;204m[48;2;28;176;220m▀[38;2;32;160;208m[48;2;96;192;224m▀[38;2;36;136;172m[48;2;44;96;124m▀[38;2;148;112;136m[48;2;140;144;156m▀[38;2;152;72;84m[48;2;140;136;144m▀[38;2;104;100;96m[48;2;96;104;100m▀[38;2;92;96;100m[48;2;84;96;100m▀[38;2;96;104;108m[48;2;92;100;108m▀[38;2;92;108;112m[48;2;96;104;112m▀[48;2;92;104;112m▀[38;2;92;104;112m[48;2;96;108;112m▀[38;2;132;144;140m[48;2;116;128;128m▀[38;2;152;164;144m[48;2;112;124;124m▀[38;2;108;120;116m[48;2;96;108;112m▀[38;2;108;120;120m[48;2;156;164;156m▀[38;2;148;160;152m[48;2;176;184;168m▀[38;2;168;176;164m[48;2;144;152;144m▀[38;2;116;128;120m[48;2;92;104;108m▀[38;2;92;108;112m[48;2;88;100;108m▀[38;2;88;104;108m[48;2;84;100;104m▀[38;2;96;112;116m[48;2;96;112;116m▀[38;2;92;112;112m[48;2;96;108;112m▀[38;2;108;100;104m[48;2;112;100;112m▀[38;2;144;136;132m[48;2;124;128;128m▀[38;2;76;96;96m[48;2;72;92;96m▀[38;2;76;88;92m[48;2;76;92;92m▀[38;2;120;60;76m[48;2;116;52;72m▀[38;2;152;24;44m[48;2;144;48;68m▀[38;2;148;88;108m[48;2;136;136;152m▀[38;2;144;168;172m[48;2;96;152;160m▀[38;2;176;176;168m[48;2;136;148;140m▀[38;2;80;92;84m[48;2;84;92;88m▀[38;2;80;92;96m[48;2;80;92;96m▀[0m
[38;2;20;36;76m[48;2;20;36;76m▀[38;2;20;40;76m[48;2;20;36;68m▀[38;2;24;36;60m[48;2;16;40;68m▀[38;2;108;68;80m[48;2;44;32;64m▀[38;2;176;116;108m[48;2;132;84;88m▀[38;2;208;148;124m[48;2;188;128;120m▀[38;2;244;172;152m[48;2;216;148;136m▀[38;2;236;172;156m[48;2;244;172;160m▀[38;2;80;36;36m[48;2;176;120;116m▀[38;2;12;0;4m[48;2;12;0;0m▀[48;2;4;0;0m▀[38;2;8;0;0m[48;2;0;0;0m▀[38;2;8;4;4m[48;2;8;8;24m▀[38;2;12;4;8m[48;2;12;8;28m▀[38;2;12;0;8m[48;2;0;0;0m▀[38;2;12;0;12m▀[38;2;16;4;12m[48;2;4;0;4m▀[38;2;20;4;16m[48;2;8;0;8m▀[38;2;24;8;20m[48;2;16;0;12m▀[38;2;24;12;24m[48;2;20;4;16m▀[48;2;24;8;20m▀[38;2;24;12;20m▀[38;2;28;12;24m[48;2;28;12;24m▀▀▀▀[38;2;24;8;20m▀[38;2;28;8;24m[48;2;36;16;32m▀[38;2;12;4;12m[48;2;20;12;20m▀[38;2;16;16;16m[48;2;0;0;0m▀[38;2;64;28;24m[48;2;84;48;44m▀[38;2;120;68;52m[48;2;148;92;80m▀[38;2;168;116;104m[48;2;204;140;128m▀[38;2;72;44;40m[48;2;196;144;136m▀[38;2;8;4;8m[48;2;16;12;12m▀[38;2;148;140;148m[48;2;60;52;60m▀[38;2;76;96;124m[48;2;172;172;184m▀[38;2;8;76;124m[48;2;96;96;128m▀[38;2;52;124;168m[48;2;68;72;108m▀[38;2;44;76;116m[48;2;100;96;132m▀[38;2;76;88;112m[48;2;156;148;168m▀[38;2;156;148;160m[48;2;140;128;144m▀[38;2;136;124;132m[48;2;124;116;128m▀[38;2;88;100;92m[48;2;88;100;92m▀[38;2;80;92;96m[48;2;80;88;92m▀[38;2;88;104;108m[48;2;84;100;108m▀[38;2;92;104;112m[48;2;88;104;108m▀[38;2;92;104;108m[48;2;92;104;108m▀[38;2;96;108;112m[48;2;92;104;112m▀[38;2;96;112;116m[48;2;96;108;112m▀[38;2;88;100;108m[48;2;92;108;112m▀[38;2;112;124;124m[48;2;152;164;164m▀[38;2;196;204;192m[48;2;200;212;204m▀[38;2;188;196;172m[48;2;192;200;192m▀[38;2;100;112;104m[48;2;92;104;104m▀[38;2;84;92;100m[48;2;84;100;104m▀[38;2;80;92;100m[48;2;80;92;100m▀[38;2;84;96;104m[48;2;80;96;100m▀[38;2;96;116;116m[48;2;96;116;116m▀[38;2;92;108;112m[48;2;96;112;112m▀[38;2;112;108;116m[48;2;116;116;124m▀[38;2;116;124;128m[48;2;120;124;128m▀[38;2;72;96;96m[48;2;80;92;96m▀[38;2;80;88;92m[48;2;80;84;88m▀[38;2;116;60;80m[48;2;116;92;104m▀[38;2;144;104;108m[48;2;140;132;132m▀[38;2;136;156;160m[48;2;128;132;132m▀[38;2;108;148;160m[48;2;92;108;120m▀[38;2;84;96;92m[48;2;76;84;84m▀[38;2;72;80;76m[48;2;68;76;76m▀[38;2;84;96;96m[48;2;88;100;100m▀[0m
[38;2;20;36;68m[48;2;16;24;52m▀[48;2;16;24;56m▀[48;2;20;28;60m▀[38;2;20;32;68m[48;2;20;32;68m▀[38;2;56;44;72m[48;2;16;28;64m▀[38;2;136;88;96m[48;2;48;36;68m▀[38;2;184;116;120m[48;2;116;72;92m▀[38;2;200;132;124m[48;2;156;100;100m▀[38;2;208;136;132m[48;2;176;108;108m▀[38;2;116;76;80m[48;2;164;116;120m▀[38;2;8;0;0m[48;2;60;40;52m▀[38;2;4;4;8m[48;2;12;20;40m▀[38;2;24;28;60m[48;2;16;32;68m▀[38;2;20;28;60m[48;2;20;28;64m▀[38;2;0;0;8m[48;2;8;4;20m▀[38;2;0;0;0m[48;2;4;0;0m▀[48;2;0;0;4m▀[38;2;4;0;4m[48;2;8;0;8m▀[38;2;12;0;8m[48;2;16;0;16m▀[38;2;16;0;16m▀[38;2;20;4;16m[48;2;20;8;20m▀[38;2;24;12;20m[48;2;28;12;24m▀[38;2;28;12;24m▀▀[38;2;28;16;28m▀[38;2;28;16;24m▀[38;2;32;16;28m[48;2;28;12;28m▀[38;2;40;20;36m[48;2;40;16;36m▀[38;2;8;4;12m[48;2;4;0;8m▀[38;2;48;32;40m[48;2;84;60;68m▀[38;2;156;112;104m[48;2;108;64;64m▀[38;2;176;116;104m[48;2;108;64;60m▀[38;2;220;152;140m[48;2;164;112;108m▀[38;2;212;156;148m[48;2;92;52;52m▀[38;2;48;36;32m[48;2;8;4;0m▀[38;2;0;0;0m[48;2;36;24;28m▀[38;2;132;108;124m[48;2;160;124;140m▀[38;2;172;152;172m[48;2;152;128;144m▀[38;2;168;152;172m[48;2;184;172;188m▀[38;2;168;144;168m[48;2;148;116;140m▀[38;2;164;136;156m[48;2;148;112;136m▀[38;2;140;124;144m[48;2;152;132;152m▀[38;2;124;112;124m[48;2;124;116;124m▀[38;2;88;96;96m[48;2;84;96;92m▀[38;2;80;92;92m[48;2;80;96;96m▀[38;2;80;100;104m[48;2;80;100;104m▀[38;2;88;100;108m[48;2;88;100;108m▀[48;2;88;104;108m▀[38;2;88;104;108m[48;2;88;104;112m▀[38;2;88;100;108m[48;2;80;96;100m▀[38;2;108;116;124m[48;2;128;140;144m▀[38;2;192;204;204m[48;2;196;204;200m▀[38;2;204;216;204m[48;2;224;232;224m▀[38;2;140;148;144m[48;2;120;128;128m▀[38;2;84;100;104m[48;2;84;100;100m▀[38;2;88;104;112m[48;2;88;108;112m▀[38;2;76;96;100m[48;2;76;96;100m▀[48;2;76;100;96m▀[38;2;96;120;120m[48;2;96;120;116m▀[38;2;96;116;116m[48;2;100;120;112m▀[38;2;124;128;132m[48;2;128;136;136m▀[38;2;124;128;128m[48;2;112;124;124m▀[38;2;76;88;88m[48;2;76;88;88m▀[38;2;80;84;92m[48;2;80;88;92m▀[38;2;112;112;116m[48;2;112;116;116m▀[38;2;132;132;132m[48;2;128;128;128m▀[38;2;144;140;140m[48;2;152;148;148m▀[38;2;124;124;124m[48;2;132;132;128m▀[38;2;64;76;68m[48;2;60;64;60m▀[38;2;68;84;80m[48;2;72;88;84m▀[38;2;92;108;100m[48;2;96;112;104m▀[0m
[38;2;24;24;36m[48;2;68;68;64m▀[38;2;24;20;32m[48;2;68;64;64m▀[38;2;16;16;28m[48;2;64;60;60m▀[38;2;16;12;28m[48;2;60;60;60m▀[38;2;8;12;28m[48;2;56;56;56m▀[38;2;4;8;32m[48;2;52;48;52m▀[38;2;20;12;32m[48;2;40;40;48m▀[38;2;60;36;48m[48;2;36;28;36m▀[38;2;72;44;44m[48;2;32;24;28m▀[38;2;44;24;36m[48;2;24;20;28m▀[38;2;28;24;48m[48;2;16;16;28m▀[38;2;16;28;56m[48;2;12;12;28m▀[38;2;12;24;60m▀[38;2;20;28;60m[48;2;8;8;28m▀[38;2;12;4;20m[48;2;12;4;16m▀[38;2;12;0;8m[48;2;12;0;12m▀[38;2;12;0;12m[48;2;20;4;16m▀[38;2;12;0;16m[48;2;20;8;16m▀[38;2;20;4;16m[48;2;24;8;20m▀[38;2;20;8;20m▀[38;2;24;8;20m[48;2;24;12;24m▀[38;2;28;12;24m[48;2;28;12;24m▀▀▀▀[38;2;24;8;20m[48;2;24;12;20m▀[38;2;24;12;24m[48;2;20;8;20m▀[38;2;28;12;28m[48;2;24;12;24m▀[38;2;12;4;20m[48;2;20;12;24m▀[38;2;44;28;36m[48;2;8;0;12m▀[38;2;32;16;20m[48;2;4;0;4m▀[38;2;36;16;16m[48;2;4;0;0m▀[38;2;44;28;24m▀[38;2;4;0;0m[48;2;4;0;4m▀[38;2;0;0;0m[48;2;0;0;4m▀[38;2;52;36;40m[48;2;0;0;0m▀[38;2;180;148;160m[48;2;28;12;20m▀[38;2;148;132;148m[48;2;92;76;88m▀[38;2;184;172;184m[48;2;172;152;164m▀[38;2;148;112;132m[48;2;152;120;140m▀[38;2;148;112;136m[48;2;156;124;144m▀[38;2;156;136;156m[48;2;140;120;140m▀[38;2;124;120;128m[48;2;120;108;116m▀[38;2;84;92;88m[48;2;84;96;84m▀[38;2;80;92;96m[48;2;76;92;92m▀[38;2;84;100;104m[48;2;80;100;104m▀[38;2;84;104;108m[48;2;80;104;108m▀▀[38;2;88;104;112m[48;2;88;100;108m▀[38;2;92;104;108m[48;2;100;112;116m▀[38;2;148;160;160m[48;2;164;176;176m▀[38;2;180;188;188m[48;2;188;200;196m▀[38;2;200;208;204m[48;2;200;204;204m▀[38;2;104;116;120m[48;2;84;100;104m▀[38;2;80;100;104m[48;2;80;100;108m▀[38;2;84;100;108m[48;2;80;100;104m▀[38;2;76;96;104m[48;2;76;96;100m▀[38;2;80;100;104m[48;2;84;108;108m▀[38;2;96;120;112m[48;2;96;124;112m▀[38;2;96;120;108m[48;2;96;120;112m▀[38;2;120;136;132m[48;2;116;132;128m▀[38;2;112;132;128m[48;2;108;124;116m▀[38;2;80;96;92m[48;2;80;96;92m▀[38;2;80;92;92m▀[38;2;112;120;120m[48;2;104;120;116m▀[38;2;132;128;132m[48;2;128;132;132m▀[38;2;152;140;144m[48;2;156;144;148m▀[38;2;140;128;132m[48;2;136;124;124m▀[38;2;64;64;60m[48;2;56;60;56m▀[38;2;76;88;84m[48;2;80;96;92m▀[38;2;100;112;108m[48;2;104;120;116m▀[0m
[38;2;68;68;68m[48;2;76;76;76m▀[48;2;76;72;72m▀[48;2;76;72;76m▀[48;2;76;76;76m▀[38;2;72;68;72m[48;2;76;72;76m▀▀[38;2;72;68;76m[48;2;76;76;76m▀[38;2;76;72;76m▀[38;2;76;72;80m▀[48;2;80;76;80m▀[38;2;72;68;76m[48;2;76;76;80m▀[38;2;68;64;72m[48;2;80;76;80m▀[38;2;64;60;72m[48;2;76;76;76m▀[38;2;60;60;64m[48;2;80;80;80m▀[38;2;28;20;32m[48;2;44;36;48m▀[38;2;16;0;16m[48;2;12;0;12m▀[38;2;24;8;20m[48;2;12;0;8m▀[48;2;8;0;8m▀[48;2;16;0;12m▀[48;2;16;4;16m▀[38;2;28;12;24m[48;2;20;8;20m▀[48;2;24;8;20m▀▀▀▀[38;2;24;12;20m[48;2;20;4;16m▀[38;2;20;8;20m[48;2;16;4;16m▀[38;2;20;4;24m[48;2;16;4;24m▀[38;2;44;36;48m[48;2;84;72;92m▀[38;2;100;84;92m[48;2;164;140;160m▀[38;2;84;68;76m[48;2;136;104;124m▀[38;2;4;0;4m[48;2;40;24;32m▀[38;2;12;4;12m[48;2;0;0;0m▀[38;2;8;4;8m▀[38;2;4;4;4m▀▀[38;2;4;4;8m[48;2;12;8;12m▀[38;2;12;0;8m[48;2;32;16;28m▀[38;2;116;84;100m[48;2;172;128;148m▀[38;2;152;120;140m[48;2;132;104;124m▀[38;2;192;172;188m[48;2;156;156;164m▀[38;2;176;156;172m[48;2;168;152;160m▀[38;2;104;88;96m[48;2;120;104;108m▀[38;2;84;96;84m[48;2;104;116;104m▀[38;2;76;92;96m[48;2;76;96;100m▀[38;2;80;96;104m[48;2;80;100;108m▀[1;97;40m 800 строк [0m[38;2;88;112;112m[48;2;92;116;120m▀[38;2;100;128;120m[48;2;108;132;124m▀[38;2;100;124;116m[48;2;104;128;120m▀[38;2;116;132;124m[48;2;116;132;124m▀[38;2;96;116;104m[48;2;100;116;108m▀[38;2;72;92;84m[48;2;68;92;84m▀[38;2;80;96;96m[48;2;80;100;96m▀[38;2;104;120;116m[48;2;108;112;116m▀[38;2;132;136;132m[48;2;136;136;136m▀[38;2;148;140;144m[48;2;156;144;148m▀[38;2;88;84;84m[48;2;68;64;64m▀[38;2;60;68;64m[48;2;80;92;84m▀[38;2;100;112;108m[48;2;116;124;116m▀[38;2;112;128;120m[48;2;116;132;124m▀[0m
[38;2;80;80;80m[48;2;92;88;88m▀[48;2;88;88;88m▀[48;2;88;88;84m▀[38;2;84;80;80m[48;2;92;88;88m▀[38;2;84;80;84m▀[38;2;84;84;84m▀▀[48;2;92;92;88m▀[48;2;92;88;88m▀[48;2;92;92;88m▀[48;2;92;88;88m▀[38;2;84;84;80m[48;2;92;92;88m▀[48;2;92;88;88m▀[38;2;84;84;84m[48;2;92;92;88m▀[38;2;68;60;68m[48;2;80;80;84m▀[38;2;28;16;28m[48;2;32;28;48m▀[38;2;36;28;40m[48;2;40;32;56m▀[38;2;32;20;32m[48;2;48;36;64m▀[38;2;12;0;12m[48;2;36;24;44m▀[38;2;8;0;8m[48;2;28;12;32m▀[38;2;16;0;12m[48;2;12;0;12m▀[38;2;20;4;12m▀[38;2;20;4;16m[48;2;16;0;16m▀[38;2;16;4;16m▀▀[38;2;16;0;16m[48;2;16;0;12m▀[38;2;16;4;12m[48;2;12;0;8m▀[38;2;20;8;28m[48;2;36;32;56m▀[38;2;84;84;112m[48;2;88;96;132m▀[38;2;120;104;132m[48;2;112;116;152m▀[38;2;128;96;116m[48;2;148;128;148m▀[38;2;108;88;100m[48;2;180;168;176m▀[38;2;68;60;64m[48;2;192;180;184m▀[38;2;60;56;60m[48;2;172;160;160m▀[38;2;48;44;48m[48;2;180;172;172m▀[38;2;20;20;20m[48;2;136;132;132m▀[38;2;0;0;0m[48;2;76;76;76m▀[38;2;20;8;16m[48;2;32;28;28m▀[38;2;76;44;60m[48;2;4;0;0m▀[38;2;112;84;104m[48;2;16;0;4m▀[38;2;180;168;180m[48;2;16;8;12m▀[38;2;152;136;144m[48;2;0;0;0m▀[38;2;104;92;92m[48;2;64;64;60m▀[38;2;124;136;124m[48;2;128;132;124m▀[38;2;84;100;108m[48;2;80;96;100m▀[38;2;80;100;108m[48;2;80;100;104m▀[38;2;76;100;104m▀[48;2;76;96;104m▀[38;2;84;100;104m[48;2;96;112;116m▀[38;2;152;160;160m[48;2;164;176;172m▀[38;2;184;196;188m[48;2;192;204;196m▀[38;2;212;220;212m[48;2;192;196;192m▀[38;2;100;112;112m[48;2;84;96;100m▀[38;2;84;100;104m[48;2;88;104;112m▀[38;2;84;104;108m[48;2;84;104;108m▀▀[38;2;80;100;104m[48;2;80;100;104m▀[38;2;96;120;120m[48;2;100;120;120m▀[38;2;112;136;128m[48;2;112;132;128m▀[38;2;108;128;120m[48;2;104;124;116m▀[38;2;116;132;124m[48;2;120;136;128m▀[38;2;100;120;112m[48;2;108;132;120m▀[38;2;64;84;76m[48;2;60;84;76m▀[38;2;84;100;96m[48;2;84;104;96m▀[38;2;112;116;116m[48;2;92;104;100m▀[38;2;132;132;132m[48;2;116;116;116m▀[38;2;152;144;144m[48;2;124;124;116m▀[38;2;72;68;68m[48;2;88;92;80m▀[38;2;80;92;88m[48;2;120;132;124m▀[38;2;116;124;116m[48;2;112;124;112m▀[38;2;120;136;124m[48;2;128;136;128m▀[0m
[38;2;96;96;92m[48;2;108;104;100m▀▀[48;2;104;104;100m▀[48;2;104;104;96m▀[38;2;96;96;96m[48;2;108;100;100m▀[48;2;108;104;100m▀[48;2;104;104;100m▀▀▀[38;2;100;96;96m▀[48;2;108;108;100m▀[38;2;100;100;96m[48;2;104;104;100m▀[38;2;100;96;96m▀[38;2;100;100;96m[48;2;108;104;100m▀[38;2;84;88;96m[48;2;92;92;104m▀[38;2;52;56;84m[48;2;56;68;104m▀[38;2;48;48;80m[48;2;60;72;104m▀[38;2;32;32;60m[48;2;64;72;108m▀[38;2;12;12;36m[48;2;52;56;88m▀[38;2;12;8;28m[48;2;28;36;60m▀[38;2;28;16;36m[48;2;32;40;64m▀[38;2;20;12;28m[48;2;16;20;44m▀[38;2;8;0;12m[48;2;4;8;24m▀[38;2;12;0;12m[48;2;8;4;24m▀[48;2;20;20;40m▀[38;2;20;12;24m[48;2;40;40;72m▀[38;2;12;16;32m[48;2;40;52;96m▀[38;2;52;64;100m[48;2;60;76;124m▀[38;2;72;88;128m[48;2;72;88;128m▀[38;2;96;116;152m[48;2;68;88;128m▀[38;2;148;148;176m[48;2;108;116;148m▀[38;2;188;176;180m[48;2;144;136;144m▀[38;2;184;172;176m[48;2;156;144;144m▀[38;2;160;148;148m[48;2;152;140;140m▀[38;2;180;172;172m[48;2;172;160;160m▀[38;2;168;160;160m[48;2;164;156;152m▀[38;2;188;180;180m[48;2;148;136;136m▀[38;2;160;152;152m[48;2;172;160;164m▀[38;2;136;124;128m[48;2;184;172;172m▀[38;2;116;108;116m[48;2;176;168;172m▀[38;2;20;20;24m[48;2;124;120;124m▀[38;2;0;0;0m[48;2;44;44;44m▀[38;2;68;68;60m[48;2;120;120;116m▀[38;2;128;132;124m[48;2;152;156;144m▀[38;2;84;100;104m[48;2;80;96;92m▀[38;2;84;104;108m[48;2;80;100;104m▀▀[38;2;76;96;108m[48;2;80;92;100m▀[38;2;112;124;128m[48;2;116;128;132m▀[38;2;160;172;168m[48;2;144;160;152m▀[38;2;192;200;192m[48;2;208;220;212m▀[38;2;160;164;160m[48;2;144;152;148m▀[38;2;88;96;100m[48;2;84;100;100m▀[38;2;92;108;116m[48;2;84;104;104m▀[38;2;84;108;112m[48;2;80;100;100m▀▀[38;2;84;104;108m[48;2;80;100;96m▀[38;2;104;128;128m[48;2;104;128;120m▀[38;2;112;136;132m[48;2;112;136;124m▀[38;2;104;124;116m[48;2;112;132;120m▀[38;2;116;132;124m[48;2;136;148;136m▀[38;2;116;136;128m[48;2;120;136;128m▀[38;2;56;80;72m[48;2;80;96;88m▀[38;2;76;96;88m[48;2;84;96;92m▀[38;2;64;76;72m[48;2;60;72;64m▀[38;2;60;72;68m[48;2;64;80;68m▀[38;2;64;72;64m[48;2;128;144;132m▀[38;2;140;152;140m[48;2;168;180;168m▀[38;2;144;156;140m[48;2;132;144;128m▀[38;2;116;128;116m[48;2;128;140;124m▀[38;2;132;144;128m[48;2;136;152;136m▀[0m
[38;2;112;108;104m[48;2;120;108;108m▀▀[48;2;120;112;108m▀[38;2;112;104;100m[48;2;120;108;108m▀▀[38;2;108;104;100m▀[38;2;108;108;100m[48;2;116;108;108m▀▀▀▀▀▀[38;2;104;108;100m▀[38;2;108;108;104m[48;2;120;112;112m▀[38;2;96;92;108m[48;2;92;92;104m▀[38;2;56;68;108m[48;2;44;60;100m▀[38;2;52;68;108m[48;2;52;68;112m▀[48;2;60;76;124m▀[38;2;56;64;108m[48;2;68;84;132m▀[38;2;52;64;104m[48;2;64;80;124m▀[38;2;40;60;96m[48;2;64;80;120m▀[38;2;36;56;88m[48;2;56;68;108m▀[38;2;36;44;84m[48;2;48;64;108m▀[48;2;44;60;100m▀[38;2;48;60;100m[48;2;44;60;96m▀[38;2;36;52;92m[48;2;44;52;88m▀[38;2;48;60;108m[48;2;48;56;100m▀[38;2;56;72;116m[48;2;60;76;116m▀[38;2;60;76;116m[48;2;88;104;144m▀[38;2;80;100;140m[48;2;100;116;152m▀[38;2;100;120;156m[48;2;100;120;160m▀[38;2;152;152;168m[48;2;120;128;160m▀[38;2;156;148;148m[48;2;104;92;100m▀[38;2;92;80;80m[48;2;116;104;104m▀[38;2;164;152;156m[48;2;140;128;132m▀[38;2;168;156;156m[48;2;140;128;128m▀[38;2;112;100;100m[48;2;48;36;40m▀[38;2;80;68;72m[48;2;36;24;28m▀[38;2;152;140;140m[48;2;44;32;36m▀[38;2;136;124;128m[48;2;36;24;32m▀[38;2;136;128;132m[48;2;32;16;32m▀[38;2;72;68;72m[48;2;0;0;0m▀[38;2;88;84;80m[48;2;116;108;108m▀[38;2;148;152;136m[48;2;172;176;168m▀[38;2;92;108;100m[48;2;136;152;136m▀[38;2;80;100;88m[48;2;136;148;132m▀[48;2;132;144;128m▀[38;2;76;92;80m[48;2;128;140;124m▀[38;2;120;136;124m[48;2;140;156;140m▀[38;2;152;164;156m[48;2;152;164;144m▀[38;2;212;216;208m[48;2;228;232;216m▀[38;2;132;144;132m[48;2;180;192;168m▀[38;2;88;104;96m[48;2;128;148;128m▀[38;2;92;108;100m[48;2;132;148;128m▀[38;2;92;112;100m▀▀[48;2;160;176;156m▀[38;2;112;136;120m[48;2;192;212;192m▀[38;2;120;148;132m[48;2;196;216;196m▀[38;2;132;156;136m[48;2;188;208;188m▀[38;2;148;164;148m[48;2;164;180;164m▀[38;2;120;136;124m[48;2;124;140;124m▀[38;2;88;104;96m[48;2;96;112;96m▀[38;2;96;108;100m[48;2;104;120;104m▀[38;2;72;88;76m[48;2;68;84;72m▀[38;2;92;108;96m[48;2;104;120;108m▀[38;2;152;164;156m[48;2;132;144;132m▀[38;2;148;160;144m[48;2;140;152;136m▀[38;2;116;124;112m[48;2;116;128;112m▀[38;2;132;144;128m[48;2;136;148;132m▀[38;2;160;172;160m[48;2;156;172;152m▀[0m
[38;2;124;112;112m[48;2;124;116;112m▀[38;2;128;116;112m[48;2;128;116;116m▀[38;2;128;116;116m[48;2;132;120;116m▀[48;2;132;120;120m▀▀[38;2;124;112;112m[48;2;132;120;116m▀▀[48;2;132;120;120m▀▀▀▀[38;2;124;112;116m▀[48;2;128;116;120m▀[38;2;124;116;116m[48;2;128;120;120m▀[38;2;88;92;104m[48;2;96;96;112m▀[38;2;48;64;100m[48;2;72;84;124m▀[38;2;60;76;116m[48;2;84;100;140m▀[38;2;52;68;116m[48;2;84;100;148m▀[38;2;60;76;120m[48;2;92;108;152m▀[38;2;68;84;128m▀[48;2;84;100;140m▀[38;2;68;84;124m[48;2;76;92;132m▀[38;2;56;68;116m[48;2;52;68;112m▀[38;2;48;64;104m[48;2;24;40;84m▀[38;2;40;56;88m[48;2;16;36;72m▀[38;2;32;44;80m[48;2;20;40;72m▀[38;2;48;60;104m[48;2;40;56;96m▀[38;2;72;88;128m[48;2;68;84;124m▀[38;2;92;108;148m[48;2;88;104;148m▀[38;2;104;120;156m[48;2;104;120;156m▀[38;2;108;128;164m[48;2;112;132;172m▀[38;2;104;116;152m[48;2;104;120;160m▀[38;2;92;80;92m[48;2;128;128;140m▀[38;2;80;68;68m[48;2;144;128;132m▀[38;2;72;64;64m[48;2;140;128;128m▀[38;2;76;64;68m[48;2;140;128;132m▀[38;2;80;68;72m▀[38;2;80;68;76m[48;2;140;128;136m▀[38;2;76;64;72m▀[38;2;80;68;72m[48;2;136;124;132m▀[38;2;80;64;76m[48;2;148;136;140m▀[38;2;88;72;80m[48;2;172;164;164m▀[38;2;152;144;144m[48;2;176;172;160m▀[38;2;160;168;156m[48;2;116;120;100m▀[38;2;152;164;148m[48;2;108;120;96m▀[38;2;144;156;136m[48;2;116;124;100m▀[38;2;148;156;140m[48;2;112;124;96m▀[38;2;152;164;144m[48;2;124;136;112m▀[38;2;148;160;144m[48;2;156;168;144m▀[38;2;184;196;176m[48;2;220;228;212m▀[38;2;244;248;236m[48;2;216;220;204m▀[38;2;200;208;184m[48;2;156;160;136m▀[38;2;152;164;140m[48;2;128;136;116m▀[38;2;152;168;152m[48;2;120;136;116m▀[38;2;164;180;160m[48;2;132;148;124m▀[38;2;180;200;180m[48;2;148;168;144m▀[38;2;200;220;196m[48;2;148;168;148m▀[38;2;192;212;192m[48;2;144;164;144m▀[38;2;196;212;192m[48;2;140;160;140m▀[38;2;160;176;156m[48;2;128;148;128m▀[38;2;152;164;152m[48;2;140;152;136m▀[38;2;144;156;144m▀[38;2;128;140;128m[48;2;132;144;128m▀[38;2;128;144;132m[48;2;132;148;132m▀[38;2;88;104;88m[48;2;112;124;112m▀[38;2;88;108;92m[48;2;108;120;108m▀[38;2;96;112;100m[48;2;104;116;104m▀[38;2;124;136;124m[48;2;108;124;108m▀[38;2;148;160;144m[48;2;136;148;132m▀[38;2;160;164;148m[48;2;140;148;132m▀[38;2;164;172;156m▀[0m
[38;2;128;116;116m[48;2;132;120;116m▀[38;2;132;120;116m[48;2;132;120;120m▀[38;2;132;120;120m[48;2;132;124;120m▀[48;2;136;124;124m▀[38;2;136;124;124m▀▀▀[48;2;136;128;124m▀[38;2;136;124;120m[48;2;136;124;124m▀[48;2;136;128;124m▀[38;2;136;124;124m[48;2;140;128;128m▀[38;2;136;124;120m▀[38;2;132;120;120m[48;2;140;128;124m▀[38;2;136;124;128m[48;2;140;128;132m▀[38;2;88;88;112m[48;2;80;84;104m▀[38;2;64;76;116m[48;2;68;80;120m▀[38;2;92;108;148m[48;2;100;116;156m▀[38;2;116;132;172m[48;2;112;128;168m▀[38;2;116;132;176m[48;2;104;124;160m▀[38;2;104;120;164m[48;2;84;104;140m▀[38;2;92;116;148m[48;2;68;88;120m▀[38;2;68;84;120m[48;2;40;60;92m▀[38;2;44;60;88m[48;2;104;108;120m▀[38;2;60;64;88m[48;2;140;136;128m▀[38;2;0;16;44m[48;2;64;72;84m▀[38;2;12;28;64m[48;2;12;24;48m▀[38;2;32;48;88m[48;2;24;36;76m▀[38;2;72;88;132m[48;2;44;64;100m▀[38;2;96;112;152m[48;2;80;96;136m▀[38;2;112;128;164m[48;2;104;120;160m▀[38;2;120;136;180m[48;2;120;136;180m▀[38;2;100;116;164m[48;2;112;132;176m▀[38;2;112;116;136m[48;2;112;120;148m▀[38;2;136;124;128m[48;2;140;132;132m▀[38;2;128;124;124m▀[38;2;132;124;124m[48;2;140;128;132m▀[38;2;132;120;124m[48;2;140;124;128m▀[38;2;136;120;128m[48;2;140;128;132m▀[38;2;132;120;124m[48;2;148;136;136m▀[38;2;148;136;136m[48;2;148;140;132m▀[38;2;168;168;156m[48;2;128;128;120m▀[38;2;140;140;124m▀[38;2;200;200;180m[48;2;172;176;156m▀[38;2;192;200;172m[48;2;204;212;188m▀[38;2;184;192;164m[48;2;224;232;204m▀[38;2;204;212;180m[48;2;224;232;196m▀[38;2;204;212;176m[48;2;232;240;204m▀[38;2;196;204;176m[48;2;228;236;204m▀[38;2;168;176;148m[48;2;192;200;172m▀[38;2;224;236;212m[48;2;244;252;232m▀[38;2;196;204;184m[48;2;255;255;252m▀[38;2;164;172;144m[48;2;255;255;232m▀[38;2;172;180;156m[48;2;252;255;228m▀[38;2;172;184;160m[48;2;255;255;232m▀[38;2;180;188;164m[48;2;255;255;236m▀[38;2;172;188;160m[48;2;252;255;236m▀[38;2;160;180;152m[48;2;252;255;232m▀▀[38;2;156;172;152m[48;2;255;255;236m▀[48;2;252;255;232m▀[38;2;152;164;144m[48;2;255;255;244m▀[38;2;144;156;132m[48;2;252;255;236m▀[38;2;132;144;120m[48;2;244;252;224m▀[38;2;124;136;112m[48;2;236;248;220m▀[38;2;100;112;92m[48;2;184;196;172m▀[38;2;100;112;96m[48;2;164;176;156m▀[38;2;116;128;112m[48;2;204;220;196m▀[38;2;144;156;136m[48;2;255;255;255m▀[38;2;148;160;132m[48;2;255;255;252m▀[38;2;124;144;112m[48;2;248;255;220m▀[38;2;128;140;108m[48;2;236;244;208m▀[0m
[38;2;136;124;120m[48;2;136;124;124m▀[38;2;132;124;120m▀[38;2;136;124;124m▀▀[38;2;132;124;124m[48;2;140;132;128m▀[38;2;136;128;128m[48;2;136;136;128m▀[38;2;132;128;128m▀[38;2;132;132;128m▀[38;2;140;128;128m[48;2;140;132;128m▀[38;2;140;136;132m[48;2;140;136;132m▀[38;2;140;132;132m[48;2;140;132;132m▀[38;2;144;132;132m[48;2;144;132;132m▀▀[38;2;136;132;128m[48;2;136;132;128m▀[38;2;72;76;104m[48;2;72;76;104m▀[38;2;76;88;132m[48;2;76;88;132m▀[38;2;100;116;156m[48;2;100;116;156m▀[38;2;104;124;164m[48;2;104;120;160m▀[38;2;92;112;148m[48;2;92;112;148m▀[38;2;76;96;132m[48;2;76;96;132m▀[38;2;52;72;108m[48;2;76;92;120m▀[38;2;92;96;120m[48;2;136;132;136m▀[38;2;136;132;132m[48;2;136;132;128m▀[38;2;132;132;116m[48;2;132;132;128m▀[38;2;140;140;140m[48;2;136;132;124m▀[38;2;76;80;96m[48;2;144;140;140m▀[38;2;16;24;56m[48;2;52;56;80m▀[38;2;36;60;88m[48;2;12;28;56m▀[38;2;68;92;124m[48;2;48;68;96m▀[38;2;88;108;144m[48;2;72;92;124m▀[38;2;108;124;164m[48;2;84;100;136m▀[38;2;108;124;168m[48;2;80;104;140m▀[38;2;112;124;156m[48;2;92;104;144m▀[38;2;140;132;132m[48;2;132;132;136m▀[48;2;140;140;132m▀[38;2;140;132;128m[48;2;144;144;136m▀[48;2;156;156;144m▀[38;2;152;148;144m[48;2;144;144;136m▀[38;2;136;136;128m[48;2;136;136;128m▀[38;2;124;120;116m[48;2;140;140;128m▀[38;2;132;132;124m[48;2;152;152;140m▀[38;2;152;152;144m[48;2;128;132;120m▀[38;2;132;132;120m[48;2;164;168;152m▀[38;2;104;108;88m[48;2;112;116;96m▀[38;2;184;188;164m[48;2;72;76;56m▀[38;2;228;232;204m[48;2;100;104;84m▀[38;2;236;244;212m[48;2;156;160;140m▀[38;2;224;232;204m[48;2;204;208;188m▀[38;2;212;216;192m[48;2;200;208;180m▀[38;2;244;248;228m[48;2;228;232;212m▀[38;2;252;252;248m[48;2;255;255;255m▀[38;2;244;252;224m[48;2;255;255;244m▀[38;2;236;252;220m[48;2;255;255;236m▀[38;2;240;252;220m[48;2;255;255;232m▀[38;2;240;248;220m[48;2;255;255;236m▀[38;2;232;244;220m[48;2;252;255;236m▀[38;2;232;248;216m[48;2;248;255;232m▀[38;2;236;248;220m[48;2;252;255;236m▀[38;2;232;244;216m[48;2;255;255;240m▀[38;2;236;248;220m[48;2;252;255;236m▀[38;2;252;252;248m[48;2;255;255;255m▀[38;2;248;252;236m[48;2;252;252;236m▀[38;2;240;252;216m[48;2;240;248;216m▀[38;2;244;255;224m[48;2;228;240;212m▀[38;2;200;216;188m[48;2;196;208;184m▀[38;2;188;200;176m[48;2;216;224;200m▀[38;2;208;224;196m[48;2;236;248;220m▀[38;2;244;252;236m[48;2;248;255;236m▀[38;2;255;255;240m[48;2;232;236;216m▀[38;2;255;255;232m[48;2;156;156;140m▀[38;2;232;236;208m[48;2;128;132;112m▀[0m
[38;2;136;132;128m[48;2;132;136;124m▀[38;2;140;136;128m[48;2;128;132;120m▀[38;2;140;132;132m[48;2;136;132;128m▀[48;2;136;128;124m▀[38;2;140;132;128m[48;2;140;132;132m▀[38;2;140;136;124m[48;2;144;136;136m▀[38;2;140;136;132m[48;2;136;128;128m▀[48;2;132;124;124m▀[38;2;140;132;128m[48;2;136;128;124m▀[38;2;136;136;128m[48;2;136;132;124m▀[48;2;136;136;124m▀[38;2;140;132;124m[48;2;136;132;124m▀[38;2;140;132;132m[48;2;136;128;132m▀[38;2;136;136;132m[48;2;120;116;124m▀[38;2;80;84;112m[48;2;56;60;92m▀[38;2;88;100;140m[48;2;88;100;140m▀[38;2;108;124;160m[48;2;108;128;168m▀[38;2;104;124;164m[48;2;104;124;164m▀[38;2;100;116;160m[48;2;84;100;144m▀[38;2;64;84;124m[48;2;52;68;108m▀[38;2;100;108;124m[48;2;120;120;132m▀[38;2;144;140;132m[48;2;136;136;124m▀[38;2;136;136;128m[48;2;132;132;124m▀▀[38;2;136;136;124m▀[38;2;144;144;136m[48;2;136;132;124m▀[38;2;100;100;116m[48;2;132;128;132m▀[38;2;8;20;52m[48;2;36;40;72m▀[38;2;32;52;80m[48;2;4;20;56m▀[38;2;64;80;108m[48;2;36;56;84m▀[38;2;68;88;120m[48;2;52;76;104m▀[48;2;56;76;116m▀[38;2;68;84;120m[48;2;48;68;108m▀[38;2;112;120;136m[48;2;84;92;120m▀[38;2;156;148;144m[48;2;160;152;152m▀[38;2;164;164;156m[48;2;168;164;152m▀[38;2;152;156;140m[48;2;144;144;132m▀[38;2;148;152;136m[48;2;164;164;148m▀[38;2;148;152;140m[48;2;164;164;156m▀[38;2;152;152;144m▀[38;2;152;148;140m[48;2;180;172;168m▀[38;2;124;124;116m[48;2;156;148;144m▀[38;2;160;164;152m[48;2;168;168;160m▀[38;2;152;156;140m[48;2;156;164;148m▀[38;2;144;148;132m[48;2;160;164;148m▀[38;2;116;124;104m[48;2;168;172;156m▀[38;2;92;96;80m▀[38;2;136;140;120m[48;2;168;172;152m▀[38;2;196;204;176m[48;2;188;196;168m▀[38;2;148;152;132m[48;2;172;176;152m▀[38;2;136;140;124m[48;2;164;168;140m▀[38;2;156;164;136m[48;2;120;128;100m▀[38;2;168;172;156m[48;2;108;112;92m▀[38;2;184;192;172m[48;2;96;100;88m▀[38;2;204;208;188m[48;2;100;104;88m▀[38;2;208;216;196m[48;2;108;112;100m▀[38;2;212;216;196m[48;2;104;108;100m▀[38;2;224;232;208m[48;2;104;108;96m▀[38;2;236;236;220m[48;2;112;112;100m▀[38;2;216;224;204m[48;2;116;116;108m▀[38;2;232;236;228m[48;2;140;140;136m▀[38;2;208;212;200m[48;2;108;108;104m▀[38;2;180;184;164m[48;2;88;92;76m▀[38;2;164;168;144m[48;2;84;88;68m▀[38;2;144;148;132m[48;2;80;88;72m▀[48;2;76;84;68m▀[38;2;136;144;128m[48;2;92;100;84m▀[38;2;104;112;92m[48;2;112;120;104m▀[38;2;72;80;64m[48;2;144;152;132m▀[38;2;76;84;68m[48;2;172;176;160m▀[38;2;144;148;132m[48;2;176;180;164m▀[0m
[38;2;148;156;152m[48;2;216;220;224m▀[38;2;204;204;204m[48;2;244;248;248m▀[38;2;164;168;168m[48;2;228;232;232m▀[38;2;176;176;180m[48;2;248;252;255m▀[38;2;116;112;116m[48;2;200;200;204m▀[38;2;88;84;88m[48;2;108;108;108m▀[38;2;124;124;128m[48;2;156;156;160m▀[38;2;156;156;160m[48;2;216;220;224m▀[38;2;168;176;164m[48;2;180;196;184m▀[38;2;172;176;164m[48;2;184;196;180m▀[38;2;136;148;136m[48;2;136;152;140m▀[38;2;172;176;156m[48;2;184;196;172m▀[38;2;192;196;184m[48;2;216;224;208m▀[38;2;192;200;188m[48;2;224;232;212m▀[38;2;172;184;176m[48;2;224;236;212m▀[38;2;176;184;184m[48;2;216;224;204m▀[38;2;184;196;192m[48;2;208;220;196m▀[48;2;212;220;200m▀[38;2;176;188;184m[48;2;216;224;204m▀[38;2;172;184;176m▀[38;2;188;192;184m[48;2;208;220;200m▀[38;2;180;188;172m[48;2;204;216;196m▀[38;2;180;192;176m[48;2;200;212;196m▀[38;2;188;196;180m[48;2;208;220;200m▀[38;2;184;192;176m▀[38;2;188;196;180m▀[38;2;192;200;184m[48;2;212;224;204m▀[38;2;172;184;176m[48;2;216;228;208m▀[38;2;152;164;160m[48;2;220;236;212m▀[38;2;160;172;172m[48;2;220;232;216m▀[38;2;172;184;184m▀[38;2;176;192;192m[48;2;228;240;224m▀[38;2;172;184;188m[48;2;232;244;228m▀[38;2;180;192;192m▀[38;2;204;208;200m[48;2;220;232;216m▀[38;2;208;216;204m[48;2;220;228;216m▀[38;2;196;204;192m[48;2;216;228;212m▀[38;2;200;208;192m[48;2;216;224;212m▀[38;2;200;208;196m[48;2;204;220;204m▀[38;2;196;204;192m[48;2;212;228;216m▀[38;2;204;208;192m▀[38;2;180;188;172m[48;2;200;220;196m▀[38;2;184;196;180m[48;2;200;216;196m▀[38;2;184;192;176m[48;2;192;204;184m▀[48;2;196;208;192m▀[38;2;188;200;184m▀[38;2;184;196;176m[48;2;192;204;184m▀[38;2;188;200;180m[48;2;188;200;184m▀[38;2;188;196;176m▀[38;2;196;204;184m[48;2;184;196;180m▀[38;2;208;216;196m[48;2;184;196;176m▀[38;2;192;200;180m[48;2;180;192;172m▀[38;2;188;196;180m▀[38;2;184;196;176m[48;2;180;188;168m▀[38;2;184;192;172m[48;2;184;196;176m▀[38;2;180;188;168m[48;2;180;188;168m▀[38;2;176;184;168m[48;2;172;180;164m▀[38;2;172;180;160m[48;2;172;184;164m▀[38;2;168;176;160m▀[48;2;168;180;160m▀[38;2;180;188;176m[48;2;164;176;152m▀[38;2;164;172;156m[48;2;164;176;156m▀[38;2;156;164;144m▀[38;2;160;168;148m[48;2;160;172;152m▀[38;2;148;156;140m[48;2;164;172;152m▀[38;2;152;160;144m[48;2;160;172;152m▀[38;2;156;164;148m[48;2;160;168;152m▀[38;2;144;156;136m[48;2;136;148;128m▀[38;2;148;160;140m[48;2;132;144;124m▀[38;2;148;156;140m[48;2;128;136;120m▀[38;2;144;148;136m[48;2;124;128;116m▀[0m
[38;2;148;156;156m[48;2;236;240;240m▀[38;2;164;172;172m[48;2;240;240;240m▀[38;2;164;168;168m[48;2;108;108;112m▀[38;2;124;124;124m[48;2;56;48;64m▀[38;2;148;144;148m[48;2;72;64;76m▀[38;2;96;96;100m[48;2;76;72;80m▀[38;2;84;80;84m[48;2;76;68;76m▀[38;2;136;140;144m[48;2;112;112;120m▀[38;2;180;192;184m[48;2;188;200;192m▀[38;2;180;188;172m[48;2;180;188;172m▀[38;2;136;156;144m[48;2;136;156;144m▀[38;2;180;192;168m[48;2;176;188;164m▀[38;2;204;216;196m[48;2;208;216;200m▀[38;2;212;224;208m[48;2;216;224;208m▀[38;2;212;224;204m▀[38;2;204;216;196m[48;2;204;216;196m▀[38;2;200;212;196m[48;2;204;212;196m▀[38;2;192;204;188m[48;2;204;216;196m▀[38;2;192;204;184m[48;2;204;212;196m▀[38;2;200;212;192m[48;2;208;216;196m▀[38;2;196;208;192m▀[38;2;196;208;188m[48;2;204;216;196m▀[38;2;196;208;192m[48;2;200;212;196m▀[38;2;208;220;200m[48;2;204;216;196m▀[38;2;200;216;196m[48;2;212;224;204m▀[38;2;196;208;188m[48;2;204;220;200m▀[38;2;200;212;192m▀[38;2;208;220;200m[48;2;208;220;204m▀[38;2;204;216;200m[48;2;208;220;200m▀▀[38;2;204;216;204m[48;2;204;216;200m▀[38;2;212;224;212m[48;2;212;224;204m▀[38;2;220;232;216m[48;2;216;228;212m▀[38;2;216;228;216m[48;2;216;228;208m▀[38;2;208;220;204m[48;2;212;224;208m▀[38;2;204;216;204m[48;2;208;220;208m▀[38;2;212;224;208m[48;2;208;220;204m▀[38;2;204;216;200m[48;2;204;220;200m▀[38;2;224;220;204m[48;2;228;184;160m▀[38;2;236;228;212m[48;2;240;168;148m▀[38;2;208;224;208m[48;2;212;200;180m▀[38;2;200;216;196m[48;2;188;208;188m▀[38;2;196;212;192m[48;2;192;204;188m▀[38;2;188;200;184m[48;2;192;204;184m▀[38;2;188;204;184m[48;2;188;204;180m▀[38;2;192;204;184m▀[38;2;188;200;184m▀[38;2;184;196;180m[48;2;188;200;184m▀[38;2;184;200;180m[48;2;188;200;180m▀[38;2;184;196;180m▀[38;2;180;192;176m▀[38;2;180;192;172m[48;2;184;196;180m▀[38;2;176;188;168m[48;2;180;192;176m▀[38;2;172;184;164m[48;2;176;188;168m▀[38;2;168;180;160m[48;2;172;184;164m▀[38;2;172;184;164m[48;2;176;188;168m▀▀[38;2;168;176;156m[48;2;172;184;164m▀[38;2;164;172;156m[48;2;168;180;160m▀[38;2;164;176;156m▀[38;2;164;172;152m▀[48;2;168;176;156m▀[38;2;164;172;156m[48;2;164;176;156m▀[38;2;160;168;148m[48;2;164;172;152m▀[38;2;156;168;148m[48;2;160;172;152m▀[38;2;156;164;144m▀[38;2;156;164;148m[48;2;152;160;144m▀[38;2;140;152;132m[48;2;140;148;128m▀[38;2;132;144;124m[48;2;136;148;128m▀[38;2;124;136;116m[48;2;128;140;120m▀[38;2;112;120;108m[48;2;112;120;108m▀[0m
[38;2;232;232;232m[48;2;88;88;88m▀[38;2;244;248;244m[48;2;144;144;144m▀[38;2;132;132;136m[48;2;152;152;152m▀[38;2;60;56;64m[48;2;72;72;76m▀[38;2;72;64;76m[48;2;84;76;84m▀[38;2;84;76;84m[48;2;104;96;104m▀[38;2;76;68;80m[48;2;100;96;104m▀[38;2;112;116;120m[48;2;128;124;132m▀[38;2;188;200;192m[48;2;184;196;192m▀[38;2;180;188;176m[48;2;184;192;184m▀[38;2;140;156;148m[48;2;140;156;148m▀[38;2;184;196;172m[48;2;188;196;176m▀[38;2;212;220;204m[48;2;212;224;204m▀[38;2;220;228;212m[48;2;220;228;212m▀[38;2;220;232;212m[48;2;220;232;212m▀[38;2;208;220;204m[48;2;208;220;204m▀[38;2;208;220;200m[48;2;204;220;200m▀[38;2;208;220;204m[48;2;204;216;196m▀[38;2;212;224;204m[48;2;208;220;200m▀[38;2;212;220;200m[48;2;212;224;204m▀[38;2;208;216;200m[48;2;212;220;204m▀[38;2;212;220;204m[48;2;204;216;196m▀[38;2;208;216;200m[48;2;208;220;200m▀[38;2;208;220;200m[48;2;204;216;200m▀[38;2;212;224;204m[48;2;204;216;196m▀[48;2;212;224;204m▀▀[48;2;208;224;204m▀[38;2;208;224;204m▀[38;2;208;220;204m[48;2;208;220;204m▀[38;2;208;220;208m[48;2;212;224;208m▀[38;2;212;224;212m[48;2;212;224;212m▀[38;2;216;228;212m[48;2;216;228;216m▀[48;2;212;224;212m▀[38;2;212;224;208m[48;2;204;216;200m▀[48;2;200;220;204m▀[38;2;208;224;208m[48;2;208;220;200m▀[38;2;220;224;200m[48;2;224;184;156m▀[38;2;212;160;136m[48;2;208;144;112m▀[38;2;196;112;92m[48;2;188;108;80m▀[38;2;204;160;140m[48;2;188;136;120m▀[38;2;200;220;200m[48;2;204;228;208m▀[38;2;200;208;192m[48;2;200;212;192m▀[38;2;196;208;192m[48;2;196;208;192m▀[38;2;196;208;188m[48;2;192;208;188m▀[38;2;196;208;184m[48;2;196;208;188m▀[38;2;192;204;184m[48;2;196;212;192m▀[38;2;196;208;192m[48;2;196;208;188m▀[38;2;188;200;184m[48;2;188;200;184m▀[38;2;184;200;180m[48;2;188;200;180m▀[38;2;188;204;184m[48;2;184;196;180m▀[38;2;184;196;180m[48;2;184;196;176m▀▀[38;2;180;192;172m[48;2;180;192;172m▀[38;2;176;188;168m[48;2;176;188;168m▀[38;2;176;192;172m[48;2;180;192;172m▀[38;2;180;192;172m[48;2;176;192;172m▀[38;2;176;184;168m[48;2;176;184;168m▀[38;2;176;184;164m[48;2;172;184;164m▀[38;2;172;184;164m[48;2;172;180;164m▀[38;2;172;180;164m[48;2;168;180;160m▀[38;2;168;176;160m[48;2;168;176;160m▀▀[48;2;168;176;156m▀[38;2;164;176;156m[48;2;164;172;156m▀▀[38;2;160;172;152m[48;2;160;172;152m▀[38;2;144;152;136m[48;2;144;152;136m▀[38;2;140;148;128m[48;2;136;148;128m▀[38;2;128;136;120m[48;2;128;136;120m▀[38;2;112;120;108m[48;2;108;120;108m▀[0m
[38;2;56;52;60m[48;2;84;84;88m▀[38;2;56;52;56m[48;2;64;60;68m▀[38;2;72;68;72m[48;2;48;44;48m▀[38;2;80;76;84m[48;2;92;88;96m▀[38;2;80;76;80m[48;2;76;72;80m▀[38;2;88;88;92m[48;2;68;64;72m▀[38;2;92;92;96m[48;2;76;72;80m▀[38;2;112;116;120m[48;2;100;104;104m▀[38;2;180;192;184m[48;2;172;188;180m▀[38;2;184;196;180m[48;2;184;196;180m▀[38;2;140;156;148m[48;2;144;160;148m▀[38;2;188;196;176m[48;2;188;196;172m▀[38;2;212;224;204m[48;2;216;224;204m▀[38;2;220;228;212m[48;2;220;228;212m▀[38;2;220;232;212m[48;2;216;228;208m▀[38;2;212;224;204m[48;2;208;220;200m▀[38;2;208;220;200m[48;2;208;220;204m▀[38;2;200;212;196m[48;2;204;220;204m▀[38;2;200;216;196m[48;2;208;224;204m▀[38;2;204;216;196m[48;2;204;216;200m▀[38;2;208;220;204m[48;2;208;220;200m▀[38;2;208;220;200m[48;2;204;220;200m▀[48;2;204;216;200m▀[38;2;204;220;200m[48;2;208;220;200m▀[38;2;204;216;200m[48;2;212;224;204m▀[38;2;208;220;200m▀[38;2;212;224;204m[48;2;208;224;204m▀[38;2;208;224;204m[48;2;212;224;204m▀[38;2;212;224;204m▀[48;2;212;224;208m▀[48;2;216;228;208m▀[38;2;220;232;216m[48;2;220;232;220m▀[38;2;224;236;224m[48;2;220;232;216m▀[38;2;216;232;216m[48;2;216;236;220m▀[38;2;212;228;216m[48;2;216;228;212m▀[38;2;208;224;204m[48;2;248;216;184m▀[38;2;236;208;184m[48;2;240;184;152m▀[38;2;224;164;132m[48;2;204;148;120m▀[38;2;188;120;84m[48;2;184;108;84m▀[38;2;172;96;72m[48;2;176;148;124m▀[38;2;180;172;156m[48;2;196;216;200m▀[38;2;196;216;196m[48;2;196;208;192m▀[38;2;200;212;196m[48;2;192;208;188m▀[38;2;196;212;192m[48;2;192;212;192m▀[38;2;192;208;188m[48;2;196;208;188m▀[38;2;196;208;188m▀▀[48;2;192;208;188m▀[38;2;192;204;184m[48;2;192;204;184m▀[38;2;188;200;180m[48;2;188;200;180m▀[38;2;184;200;180m[48;2;184;196;180m▀[38;2;184;196;176m[48;2;184;196;176m▀[38;2;180;192;176m▀[48;2;176;192;172m▀[38;2;176;188;168m[48;2;172;184;164m▀[38;2;176;192;172m[48;2;180;192;172m▀[38;2;180;188;168m[48;2;176;188;168m▀[38;2;176;188;168m[48;2;172;184;168m▀[38;2;172;184;164m[48;2;172;184;164m▀[38;2;168;180;164m[48;2;168;180;160m▀[38;2;168;180;160m[48;2;172;184;164m▀[38;2;164;176;160m[48;2;176;184;168m▀[38;2;168;180;160m[48;2;168;176;160m▀[38;2;164;176;156m[48;2;164;176;156m▀[38;2;168;176;156m▀[38;2;164;176;156m[48;2;164;172;152m▀[38;2;156;168;148m[48;2;156;164;148m▀[38;2;140;156;136m[48;2;140;152;132m▀[38;2;136;148;128m[48;2;136;148;128m▀[38;2;124;136;120m[48;2;124;136;120m▀[38;2;108;120;108m[48;2;108;120;108m▀[0m
[38;2;80;80;84m[48;2;52;48;56m▀[38;2;84;80;88m▀[38;2;56;48;56m▀[38;2;64;60;68m[48;2;84;80;88m▀[38;2;84;80;88m[48;2;60;56;64m▀[48;2;64;60;64m▀[38;2;76;72;80m[48;2;108;104;112m▀[38;2;100;100;104m[48;2;112;116;120m▀[38;2;180;192;184m[48;2;172;188;176m▀[38;2;188;200;184m[48;2;176;188;172m▀[38;2;144;160;148m[48;2;144;160;148m▀[38;2;188;196;176m[48;2;188;200;176m▀[38;2;216;224;204m[48;2;216;224;204m▀[38;2;220;228;212m[48;2;220;228;212m▀[48;2;224;232;216m▀[38;2;208;220;200m[48;2;208;216;200m▀[38;2;200;212;192m[48;2;204;212;196m▀[48;2;196;208;188m▀[38;2;212;220;200m[48;2;208;220;196m▀[38;2;212;224;204m[48;2;216;228;208m▀[48;2;216;224;208m▀[48;2;216;228;208m▀[48;2;212;228;208m▀[48;2;212;224;204m▀[48;2;208;224;204m▀[48;2;212;224;204m▀▀▀[38;2;208;224;204m[48;2;216;228;208m▀[38;2;212;224;208m[48;2;212;224;208m▀[38;2;216;228;208m[48;2;216;228;208m▀[38;2;220;232;220m[48;2;220;236;220m▀[38;2;224;240;224m▀[38;2;220;232;212m[48;2;232;208;176m▀[38;2;244;212;184m[48;2;244;192;160m▀[38;2;255;200;168m[48;2;236;184;160m▀[38;2;228;176;148m[48;2;240;184;160m▀[38;2;212;144;120m[48;2;236;180;156m▀[38;2;184;120;100m[48;2;220;168;144m▀[38;2;196;204;192m[48;2;208;208;184m▀[38;2;196;216;196m[48;2;184;196;180m▀[38;2;196;212;192m[48;2;172;192;172m▀[48;2;188;200;184m▀[38;2;192;208;188m[48;2;200;212;192m▀[38;2;192;204;188m[48;2;204;220;196m▀[38;2;192;204;184m[48;2;208;220;196m▀[48;2;208;220;200m▀▀[38;2;188;200;180m[48;2;204;220;200m▀[38;2;192;204;184m[48;2;204;216;196m▀[38;2;188;204;184m[48;2;200;212;192m▀[38;2;184;196;180m[48;2;192;204;188m▀[38;2;184;196;176m[48;2;188;204;184m▀[38;2;180;192;172m[48;2;180;196;176m▀[38;2;172;184;164m[48;2;176;188;168m▀[38;2;176;192;172m[48;2;176;188;172m▀[38;2;176;188;168m[48;2;172;184;168m▀[38;2;172;184;164m[48;2;172;184;164m▀[38;2;168;184;164m▀[38;2;168;180;160m[48;2;168;184;164m▀[48;2;168;180;160m▀[38;2;168;176;160m[48;2;164;176;156m▀[38;2;164;176;156m▀[48;2;160;172;152m▀[38;2;160;172;152m[48;2;164;172;156m▀[38;2;164;172;152m[48;2;160;172;152m▀[38;2;152;164;144m[48;2;152;164;144m▀[38;2;140;152;132m[48;2;140;152;136m▀[38;2;136;148;132m[48;2;132;144;132m▀[38;2;124;136;120m[48;2;124;136;124m▀[38;2;108;120;108m[48;2;112;124;112m▀[0m
[38;2;100;108;108m[48;2;248;252;252m▀[38;2;104;104;108m[48;2;240;240;240m▀[38;2;80;84;88m[48;2;156;168;160m▀[38;2;168;172;180m[48;2;248;252;252m▀[38;2;100;104;108m[48;2;212;220;220m▀[38;2;104;104;108m[48;2;244;244;248m▀[38;2;116;116;124m[48;2;224;224;228m▀[38;2;136;140;144m[48;2;228;232;232m▀[38;2;184;196;188m[48;2;188;200;192m▀[38;2;172;180;168m[48;2;172;184;168m▀[38;2;144;160;144m[48;2;144;160;144m▀[38;2;188;200;176m[48;2;188;196;172m▀[38;2;216;224;208m[48;2;216;224;204m▀[38;2;224;232;216m[48;2;216;224;208m▀[38;2;220;228;212m[48;2;212;224;204m▀[38;2;208;220;200m[48;2;204;216;192m▀[38;2;204;216;196m[48;2;200;212;188m▀[38;2;204;216;188m[48;2;208;220;188m▀[38;2;212;224;196m[48;2;216;228;204m▀[38;2;216;224;208m[48;2;216;228;208m▀[38;2;212;224;208m[48;2;212;228;208m▀[48;2;212;224;208m▀[38;2;216;228;208m[48;2;212;224;204m▀[38;2;212;224;204m▀[38;2;208;220;204m[48;2;208;220;200m▀[38;2;212;224;204m[48;2;212;224;204m▀[48;2;216;228;208m▀[48;2;212;228;208m▀[38;2;212;224;208m▀[38;2;216;224;208m▀[38;2;220;232;212m[48;2;208;224;200m▀[38;2;220;236;216m[48;2;216;196;168m▀[38;2;228;204;176m[48;2;244;188;156m▀[38;2;236;176;148m[48;2;244;196;164m▀[38;2;224;172;144m[48;2;228;180;148m▀[38;2;228;176;148m[48;2;228;176;148m▀[38;2;240;188;160m[48;2;236;184;156m▀[38;2;252;204;176m[48;2;236;188;160m▀[38;2;255;212;180m[48;2;244;196;172m▀[38;2;252;212;180m[48;2;252;208;180m▀[38;2;220;188;164m[48;2;255;212;184m▀[38;2;156;132;116m[48;2;255;216;188m▀[38;2;120;104;92m[48;2;252;204;176m▀[38;2;92;88;76m[48;2;228;184;160m▀[38;2;76;80;68m[48;2;204;172;148m▀[38;2;100;104;80m[48;2;196;168;152m▀[38;2;120;124;112m[48;2;200;168;152m▀[38;2;124;128;112m[48;2;192;160;140m▀[38;2;124;132;116m[48;2;176;152;124m▀[38;2;128;140;124m[48;2;152;132;112m▀[38;2;144;156;136m[48;2;156;136;120m▀[38;2;152;164;144m[48;2;152;136;120m▀[38;2;156;168;148m[48;2;132;116;100m▀[38;2;164;176;148m[48;2;124;116;92m▀[38;2;168;180;152m[48;2;108;100;80m▀[38;2;184;196;172m[48;2;72;72;60m▀[38;2;188;200;180m[48;2;72;80;72m▀[38;2;180;188;168m[48;2;152;160;144m▀[38;2;172;184;164m[48;2;176;188;168m▀[38;2;168;180;160m[48;2;168;180;160m▀[48;2;164;176;160m▀[38;2;168;176;160m[48;2;164;176;156m▀[38;2;168;176;156m[48;2;168;176;156m▀[38;2;164;176;152m[48;2;164;176;152m▀[38;2;168;180;160m[48;2;160;172;148m▀[38;2;164;172;152m[48;2;160;168;148m▀[38;2;152;160;140m[48;2;152;164;144m▀[38;2;140;148;136m[48;2;140;152;132m▀[38;2;132;144;128m[48;2;132;144;124m▀[38;2;124;140;120m[48;2;128;140;120m▀[38;2;112;124;108m[48;2;120;124;108m▀[0m
[38;2;252;248;248m[48;2;176;188;188m▀[38;2;248;248;248m[48;2;184;196;196m▀[38;2;152;164;156m[48;2;132;144;136m▀[38;2;236;236;240m[48;2;188;196;196m▀[38;2;244;248;248m[48;2;184;196;192m▀[38;2;255;255;255m[48;2;196;204;200m▀[48;2;180;192;188m▀[38;2;248;252;248m[48;2;196;204;200m▀[38;2;192;200;192m[48;2;192;200;192m▀[38;2;168;176;164m[48;2;168;176;160m▀[38;2;140;156;140m[48;2;140;156;144m▀[38;2;188;196;172m[48;2;192;200;176m▀[38;2;212;220;204m[48;2;212;220;200m▀[38;2;216;224;208m▀[38;2;208;220;200m[48;2;212;220;204m▀[38;2;204;212;188m[48;2;204;208;192m▀[38;2;212;224;196m[48;2;212;220;192m▀[38;2;212;224;200m[48;2;216;228;204m▀[38;2;216;228;208m[48;2;216;228;208m▀[48;2;212;228;208m▀[38;2;212;228;208m[48;2;208;220;204m▀[38;2;216;228;208m[48;2;204;220;200m▀[48;2;208;212;196m▀[38;2;212;228;208m[48;2;204;208;188m▀[38;2;208;224;204m[48;2;204;200;172m▀[48;2;204;192;160m▀[38;2;208;224;200m[48;2;220;200;164m▀[38;2;204;216;192m[48;2;232;200;164m▀[38;2;204;208;184m[48;2;240;196;160m▀[38;2;204;196;172m[48;2;244;192;156m▀[38;2;220;192;164m[48;2;248;196;160m▀[38;2;232;184;148m[48;2;244;192;160m▀[38;2;244;192;156m[48;2;228;168;136m▀[38;2;236;180;152m[48;2;212;152;120m▀[38;2;224;168;140m[48;2;220;160;132m▀[38;2;220;164;140m[48;2;224;168;140m▀[38;2;216;160;132m[48;2;220;160;136m▀[38;2;224;164;144m[48;2;224;168;144m▀[38;2;228;172;148m[48;2;228;172;148m▀[38;2;228;168;144m[48;2;248;192;168m▀[38;2;228;164;148m[48;2;255;204;180m▀[38;2;240;184;164m[48;2;255;196;176m▀[38;2;252;192;172m[48;2;240;184;160m▀[38;2;252;196;172m[48;2;232;176;152m▀[38;2;255;208;180m[48;2;228;168;144m▀[38;2;252;200;180m[48;2;212;156;128m▀[38;2;252;200;176m[48;2;208;152;124m▀[38;2;252;204;176m[48;2;204;152;120m▀[38;2;248;196;168m[48;2;192;132;100m▀[38;2;255;200;172m[48;2;184;120;92m▀[38;2;255;216;188m[48;2;192;128;96m▀[38;2;255;224;200m[48;2;196;132;100m▀[38;2;255;208;188m[48;2;184;116;88m▀[38;2;252;196;180m[48;2;180;112;92m▀[38;2;252;208;200m[48;2;212;156;148m▀[38;2;216;180;168m[48;2;228;168;152m▀[38;2;36;20;16m[48;2;56;32;24m▀[38;2;124;132;116m[48;2;132;144;124m▀[38;2;180;192;172m[48;2;184;192;168m▀[38;2;168;180;160m[48;2;168;180;160m▀[38;2;164;180;156m[48;2;168;176;156m▀[38;2;164;176;156m▀[48;2;164;176;152m▀[38;2;164;172;152m[48;2;164;172;152m▀[38;2;160;168;144m[48;2;160;172;148m▀[38;2;160;168;148m[48;2;160;168;140m▀[38;2;152;160;140m[48;2;152;160;136m▀[38;2;140;148;128m[48;2;140;148;128m▀[38;2;132;144;124m[48;2;132;140;124m▀[48;2;136;144;124m▀[38;2;136;140;124m[48;2;132;136;116m▀[0m
[38;2;240;180;180m[48;2;244;124;100m▀[38;2;240;184;188m[48;2;240;140;116m▀[38;2;236;188;192m[48;2;232;152;124m▀[38;2;232;180;184m[48;2;240;156;128m▀[38;2;228;180;184m[48;2;248;172;144m▀[38;2;228;184;188m[48;2;248;180;156m▀[38;2;228;184;192m[48;2;244;180;152m▀[38;2;216;180;184m[48;2;244;188;156m▀[38;2;184;180;160m[48;2;232;196;156m▀[38;2;160;168;148m[48;2;228;192;160m▀[38;2;132;144;128m[48;2;220;188;160m▀[38;2;176;184;156m[48;2;228;196;164m▀[38;2;200;208;188m[48;2;224;196;164m▀[38;2;208;212;196m[48;2;224;200;172m▀[38;2;216;224;208m[48;2;224;196;168m▀[38;2;204;208;192m[48;2;220;196;164m▀[38;2;196;204;180m[48;2;224;200;168m▀[38;2;200;208;188m[48;2;228;192;156m▀[38;2;200;204;188m[48;2;228;188;156m▀[38;2;200;200;176m[48;2;240;192;160m▀[38;2;204;192;168m[48;2;244;192;156m▀[38;2;212;188;156m[48;2;244;188;152m▀[38;2;224;192;156m[48;2;236;176;140m▀[38;2;228;184;144m[48;2;232;176;140m▀[38;2;236;188;148m[48;2;236;180;144m▀[38;2;248;196;156m[48;2;228;172;136m▀[38;2;248;196;152m[48;2;228;168;136m▀[48;2;228;168;132m▀[38;2;244;188;152m[48;2;220;164;128m▀[38;2;240;180;148m[48;2;216;156;124m▀[38;2;236;180;148m[48;2;208;148;116m▀[38;2;224;164;136m[48;2;220;156;124m▀[38;2;220;160;128m[48;2;224;160;128m▀[48;2;212;148;120m▀[38;2;220;160;132m[48;2;216;152;124m▀[38;2;228;168;136m[48;2;216;156;132m▀[38;2;228;168;140m[48;2;220;160;132m▀[38;2;232;172;148m[48;2;220;160;136m▀[38;2;224;164;140m[48;2;224;164;140m▀[38;2;212;156;132m[48;2;220;160;136m▀[38;2;228;172;148m[48;2;216;152;128m▀[38;2;240;184;160m[48;2;212;144;124m▀[38;2;244;192;168m[48;2;212;148;128m▀[38;2;240;188;164m[48;2;224;164;140m▀[38;2;236;184;160m[48;2;236;176;156m▀[38;2;224;172;144m[48;2;232;180;160m▀[1;97;40m | grep [0m[38;2;168;112;100m[48;2;236;176;152m▀[38;2;144;104;96m[48;2;244;184;168m▀[38;2;80;64;60m[48;2;255;220;212m▀[38;2;164;168;148m[48;2;232;204;184m▀[38;2;184;192;172m[48;2;176;184;156m▀[38;2;176;184;160m[48;2;176;188;164m▀[38;2;168;176;152m[48;2;168;180;156m▀[38;2;168;176;156m[48;2;164;176;156m▀[38;2;164;176;152m[48;2;164;172;160m▀[38;2;160;172;148m[48;2;160;172;156m▀[38;2;160;168;152m[48;2;160;168;152m▀[38;2;160;168;148m[48;2;160;168;144m▀[38;2;160;164;144m[48;2;156;160;136m▀[38;2;140;148;128m[48;2;140;148;128m▀[38;2;136;144;120m[48;2;132;140;116m▀[38;2;132;136;112m[48;2;132;140;108m▀[38;2;128;128;108m[48;2;132;120;100m▀[0m
[38;2;252;208;168m[48;2;244;188;144m▀[38;2;248;200;160m▀[38;2;244;196;152m[48;2;240;180;140m▀[38;2;248;208;164m[48;2;244;188;144m▀[38;2;252;212;172m[48;2;236;184;140m▀[38;2;248;204;160m[48;2;236;184;144m▀[38;2;248;200;160m[48;2;240;184;148m▀[38;2;252;208;164m[48;2;244;188;148m▀[38;2;252;200;160m[48;2;244;188;152m▀[38;2;248;196;152m[48;2;240;184;144m▀[38;2;252;200;156m[48;2;240;188;152m▀[38;2;252;200;160m[48;2;244;192;152m▀[38;2;248;196;156m[48;2;244;192;148m▀[38;2;244;192;152m[48;2;240;192;148m▀[38;2;248;192;156m[48;2;240;188;148m▀[38;2;252;200;160m[48;2;232;176;140m▀▀[38;2;248;196;156m[48;2;228;176;140m▀[38;2;244;188;156m[48;2;228;168;136m▀[38;2;240;184;152m[48;2;212;152;120m▀[38;2;236;176;144m[48;2;216;156;124m▀[38;2;228;172;140m[48;2;220;156;128m▀[38;2;228;168;140m[48;2;216;152;120m▀[38;2;224;168;132m[48;2;208;148;112m▀[38;2;220;164;132m[48;2;200;140;108m▀[38;2;216;156;132m[48;2;196;136;100m▀[38;2;212;148;120m[48;2;196;132;104m▀[38;2;204;136;108m[48;2;192;128;96m▀[38;2;208;140;108m[48;2;196;132;96m▀[38;2;196;132;96m[48;2;188;128;92m▀[38;2;180;116;80m[48;2;184;124;84m▀[38;2;188;124;88m[48;2;188;124;92m▀[38;2;208;140;112m[48;2;184;120;92m▀[38;2;212;148;120m[48;2;192;128;100m▀[38;2;216;152;124m[48;2;196;136;100m▀[38;2;224;164;136m[48;2;200;136;104m▀[38;2;228;168;144m[48;2;196;136;108m▀[38;2;224;164;140m[48;2;200;140;112m▀[38;2;216;156;132m[48;2;200;140;116m▀[48;2;208;152;128m▀[38;2;220;160;136m[48;2;220;168;140m▀[38;2;220;156;136m[48;2;228;172;148m▀[38;2;228;156;140m[48;2;220;164;140m▀[38;2;224;156;140m▀[38;2;220;160;140m[48;2;212;160;136m▀[38;2;208;152;128m[48;2;212;156;136m▀[38;2;196;140;116m[48;2;216;160;140m▀[38;2;192;136;112m[48;2;212;160;136m▀[38;2;192;136;108m[48;2;200;148;120m▀[38;2;180;124;96m[48;2;208;160;132m▀[38;2;176;112;80m[48;2;228;176;152m▀[38;2;180;116;88m[48;2;212;160;136m▀[38;2;180;124;96m[48;2;204;148;124m▀[38;2;176;116;92m[48;2;204;148;128m▀[38;2;164;100;72m[48;2;204;152;136m▀[38;2;172;104;96m[48;2;204;148;136m▀[38;2;208;148;144m[48;2;128;100;84m▀[38;2;212;168;144m[48;2;160;164;116m▀[38;2;176;180;156m[48;2;160;168;116m▀[38;2;172;180;160m[48;2;180;180;80m▀[38;2;168;176;152m[48;2;172;172;92m▀[38;2;172;176;140m[48;2;172;172;116m▀[38;2;172;180;132m[48;2;176;180;108m▀[38;2;160;172;144m[48;2;168;176;116m▀[38;2;164;172;152m[48;2;168;172;120m▀[38;2;160;168;152m[48;2;164;172;116m▀[38;2;152;160;136m[48;2;160;164;116m▀[38;2;136;144;120m[48;2;140;144;116m▀[38;2;128;140;116m[48;2;128;140;100m▀[38;2;132;136;108m[48;2;132;136;92m▀[38;2;136;128;100m[48;2;144;120;88m▀[0m
[38;2;244;180;140m[48;2;248;188;152m▀[38;2;248;184;144m[48;2;252;192;156m▀[38;2;244;188;148m[48;2;248;188;152m▀[38;2;248;188;148m[48;2;244;184;148m▀[38;2;244;188;148m[48;2;236;176;140m▀[48;2;220;160;124m▀[38;2;248;192;156m[48;2;224;168;132m▀[38;2;248;188;152m▀[38;2;244;184;148m[48;2;220;160;124m▀[38;2;228;172;136m▀[38;2;232;176;136m[48;2;216;160;120m▀[48;2;212;152;112m▀[38;2;228;180;136m[48;2;216;156;116m▀[38;2;232;180;140m[48;2;212;160;120m▀[38;2;228;168;132m[48;2;216;156;120m▀[38;2;224;168;128m[48;2;212;152;116m▀[38;2;220;160;124m[48;2;196;136;100m▀[38;2;204;144;108m[48;2;196;136;96m▀[38;2;200;140;108m[48;2;192;132;96m▀[38;2;200;140;104m▀[38;2;196;140;104m[48;2;192;128;92m▀[38;2;204;144;112m[48;2;200;140;108m▀[38;2;196;136;104m[48;2;200;144;112m▀[38;2;188;128;92m[48;2;196;132;96m▀[48;2;188;124;92m▀[38;2;184;124;92m[48;2;188;124;96m▀[38;2;188;124;92m[48;2;180;116;88m▀▀[38;2;180;116;80m[48;2;168;104;76m▀[38;2;176;116;80m[48;2;168;100;72m▀[38;2;184;120;92m[48;2;176;116;88m▀[38;2;188;128;96m[48;2;180;120;88m▀[38;2;164;104;76m[48;2;168;108;76m▀[38;2;180;120;92m[48;2;168;108;80m▀[38;2;180;120;88m[48;2;172;112;84m▀[38;2;168;108;80m[48;2;188;128;100m▀[38;2;180;120;88m[48;2;196;140;112m▀[38;2;188;128;96m▀[38;2;200;136;112m[48;2;200;144;120m▀[38;2;208;152;128m[48;2;196;140;116m▀[38;2;192;132;112m[48;2;208;152;128m▀[38;2;184;124;100m[48;2;220;164;144m▀[38;2;184;124;104m[48;2;216;160;140m▀[38;2;196;140;116m[48;2;200;144;124m▀[38;2;208;156;128m[48;2;176;120;96m▀[38;2;208;156;132m[48;2;156;100;72m▀[38;2;212;160;136m▀[38;2;204;152;128m[48;2;164;108;76m▀[38;2;204;152;124m[48;2;164;104;76m▀[38;2;220;168;140m[48;2;164;104;72m▀[38;2;228;180;156m[48;2;172;112;84m▀[38;2;232;188;164m[48;2;168;112;88m▀[38;2;228;172;152m[48;2;140;96;76m▀[38;2;228;168;148m[48;2;100;64;48m▀[38;2;248;192;180m[48;2;96;64;52m▀[38;2;252;192;180m[48;2;68;40;44m▀[38;2;164;140;108m[48;2;112;108;48m▀[38;2;168;188;140m[48;2;200;200;92m▀[38;2;168;172;136m[48;2;188;184;84m▀[38;2;176;176;120m[48;2;188;188;64m▀[38;2;172;176;108m[48;2;188;184;72m▀[38;2;176;180;88m[48;2;192;192;36m▀[38;2;180;184;76m[48;2;188;184;28m▀[38;2;180;180;76m▀[38;2;180;176;76m▀[38;2;180;176;72m[48;2;184;176;48m▀[38;2;168;168;72m[48;2;172;164;56m▀[38;2;148;148;64m[48;2;156;152;44m▀[38;2;140;144;64m[48;2;144;144;52m▀[38;2;140;136;72m[48;2;144;136;68m▀[38;2;148;120;80m[48;2;152;124;72m▀[0m
[38;2;236;176;136m[48;2;212;148;112m▀[38;2;232;168;136m[48;2;204;136;104m▀[38;2;224;160;132m[48;2;196;128;100m▀[38;2;212;152;116m[48;2;192;128;92m▀[38;2;204;144;108m[48;2;200;136;104m▀[38;2;208;148;112m[48;2;208;144;108m▀[48;2;204;144;108m▀[38;2;212;152;116m[48;2;200;140;104m▀[38;2;208;144;108m[48;2;196;132;92m▀[38;2;212;152;112m[48;2;192;128;88m▀[38;2;204;144;104m[48;2;192;132;92m▀[38;2;204;140;104m[48;2;204;144;104m▀[38;2;200;136;96m[48;2;208;144;108m▀[38;2;196;136;96m[48;2;208;148;112m▀[38;2;200;140;104m[48;2;204;144;108m▀[48;2;204;140;108m▀[38;2;192;132;96m[48;2;196;136;100m▀[38;2;196;136;100m[48;2;188;124;88m▀[38;2;204;140;104m[48;2;188;128;92m▀[38;2;200;136;104m[48;2;184;124;88m▀[38;2;192;128;100m[48;2;176;116;84m▀[38;2;184;120;88m[48;2;160;96;64m▀[38;2;176;116;80m[48;2;164;100;64m▀[38;2;176;112;76m[48;2;156;96;60m▀[38;2;172;108;76m[48;2;144;88;56m▀[38;2;172;108;80m[48;2;136;80;48m▀[38;2;164;100;68m[48;2;136;84;52m▀[38;2;160;96;68m[48;2;144;88;64m▀[38;2;164;100;72m[48;2;156;100;80m▀[38;2;168;104;80m[48;2;168;124;88m▀[38;2;168;108;80m[48;2;180;140;92m▀[38;2;172;116;92m[48;2;196;176;88m▀[38;2;156;108;76m[48;2;212;204;100m▀[38;2;152;108;72m[48;2;188;176;108m▀[38;2;168;112;80m[48;2;152;128;92m▀[38;2;164;112;80m[48;2;144;108;76m▀[38;2;172;116;88m[48;2;144;100;72m▀[38;2;176;124;96m[48;2;152;100;76m▀[38;2;172;116;88m[48;2;164;108;84m▀[38;2;172;120;92m[48;2;176;120;92m▀[38;2;180;124;104m[48;2;172;116;88m▀[38;2;188;128;108m[48;2;168;112;88m▀[38;2;192;140;120m[48;2;176;124;96m▀[38;2;212;160;140m[48;2;176;124;100m▀[38;2;228;176;160m▀[38;2;216;164;144m[48;2;172;120;92m▀[38;2;216;164;140m[48;2;184;132;104m▀[38;2;228;176;152m[48;2;208;156;128m▀[38;2;220;168;144m[48;2;204;152;132m▀[38;2;220;160;144m[48;2;196;132;116m▀[38;2;220;156;148m[48;2;200;136;128m▀[38;2;224;164;148m[48;2;200;144;140m▀[38;2;72;48;40m[48;2;52;32;32m▀[38;2;0;0;0m[48;2;0;0;0m▀▀▀[38;2;104;108;52m[48;2;112;120;88m▀[38;2;184;188;96m[48;2;144;160;140m▀[38;2;188;188;80m[48;2;172;176;68m▀[38;2;184;180;84m[48;2;180;176;60m▀[38;2;184;184;80m[48;2;176;176;68m▀[38;2;188;188;28m[48;2;184;184;88m▀[38;2;192;188;28m[48;2;168;168;60m▀[38;2;188;184;36m[48;2;176;172;56m▀[38;2;184;180;44m[48;2;172;168;60m▀[38;2;184;180;32m[48;2;176;172;36m▀[38;2;176;172;24m[48;2;168;164;40m▀[38;2;156;152;40m[48;2;148;144;48m▀[38;2;140;136;56m[48;2;132;136;72m▀[38;2;144;136;52m[48;2;128;124;72m▀[38;2;152;120;60m[48;2;148;120;72m▀[0m
[38;2;176;116;76m[48;2;160;100;60m▀[38;2;184;116;80m[48;2;164;104;64m▀[38;2;192;124;88m[48;2;176;112;72m▀[38;2;192;128;92m[48;2;168;108;68m▀[48;2;164;104;64m▀[38;2;188;124;88m[48;2;168;104;68m▀[38;2;180;116;84m[48;2;172;108;72m▀[38;2;188;124;92m[48;2;180;116;80m▀[38;2;196;132;96m▀[38;2;200;136;100m▀[38;2;196;136;100m[48;2;180;120;84m▀[48;2;176;116;80m▀[38;2;196;132;96m▀[38;2;192;132;96m[48;2;180;116;84m▀[38;2;188;128;92m[48;2;180;120;80m▀[38;2;184;120;84m[48;2;168;112;72m▀[38;2;180;116;80m[48;2;156;104;64m▀[38;2;172;112;76m[48;2;144;96;56m▀[38;2;164;108;68m[48;2;132;84;44m▀[38;2;148;92;56m[48;2;124;76;40m▀[38;2;144;88;56m[48;2;120;68;36m▀[38;2;136;84;48m[48;2;112;68;32m▀[38;2;132;76;48m[48;2;124;88;52m▀[38;2;120;72;40m[48;2;152;120;64m▀[38;2;112;64;40m[48;2;168;148;64m▀[38;2;132;84;56m[48;2;196;192;84m▀[38;2;148;108;64m[48;2;220;220;80m▀[38;2;184;156;80m[48;2;224;228;92m▀[38;2;212;204;84m[48;2;232;236;92m▀[38;2;224;224;84m[48;2;224;228;96m▀[38;2;232;232;92m[48;2;232;232;96m▀[38;2;244;248;96m[48;2;228;228;112m▀[38;2;248;252;108m[48;2;224;224;128m▀[38;2;248;252;124m[48;2;224;228;144m▀[38;2;232;236;140m[48;2;224;232;152m▀[38;2;212;220;140m[48;2;224;232;168m▀[38;2;196;192;144m[48;2;232;244;200m▀[38;2;172;164;128m[48;2;228;244;212m▀[38;2;164;152;124m[48;2;232;248;216m▀[38;2;172;152;116m[48;2;224;240;208m▀[38;2;168;148;108m[48;2;220;236;204m▀[38;2;164;144;104m[48;2;204;216;176m▀[38;2;156;140;112m[48;2;184;200;172m▀[38;2;164;156;120m[48;2;180;192;172m▀[38;2;168;160;108m[48;2;176;184;148m▀[38;2;172;168;112m[48;2;200;212;148m▀[38;2;184;176;104m[48;2;200;208;140m▀[38;2;172;160;112m[48;2;184;196;132m▀[38;2;184;168;96m[48;2;192;196;112m▀[38;2;156;144;80m[48;2;184;192;132m▀[38;2;132;116;76m[48;2;184;192;120m▀[38;2;96;88;52m[48;2;188;192;132m▀[38;2;52;56;32m[48;2;176;180;120m▀[38;2;44;48;28m[48;2;168;172;100m▀[38;2;52;52;48m[48;2;172;176;120m▀[38;2;48;52;48m[48;2;164;172;124m▀[38;2;136;144;100m[48;2;144;152;108m▀[38;2;172;180;124m[48;2;152;156;92m▀[38;2;168;168;84m[48;2;156;160;76m▀[38;2;164;164;72m[48;2;140;148;76m▀[38;2;160;164;72m[48;2;144;148;80m▀[38;2;176;180;100m[48;2;136;144;68m▀[38;2;144;144;80m[48;2;148;152;80m▀[38;2;140;144;80m[48;2;128;136;96m▀[38;2;136;140;80m[48;2;116;128;76m▀[38;2;160;160;72m[48;2;116;124;76m▀[38;2;152;148;88m[48;2;112;116;88m▀[38;2;128;132;76m[48;2;116;124;84m▀[38;2;136;132;88m[48;2;108;112;84m▀[38;2;136;128;96m[48;2;108;108;80m▀[38;2;132;108;76m[48;2;132;108;76m▀[0m
[38;2;144;84;48m[48;2;164;104;68m▀[38;2;156;92;56m[48;2;172;112;76m▀[38;2;160;100;60m[48;2;184;120;84m▀[38;2;164;100;60m[48;2;188;124;88m▀[38;2;168;108;68m[48;2;184;124;88m▀[38;2;168;104;68m[48;2;196;132;100m▀[48;2;188;128;92m▀[38;2;172;108;72m[48;2;176;112;80m▀[38;2;168;108;72m▀[38;2;172;112;76m[48;2;176;116;84m▀[38;2;176;112;76m[48;2;164;112;80m▀[38;2;172;112;76m[48;2;156;104;76m▀[38;2;172;116;84m[48;2;152;104;76m▀[38;2;164;108;76m[48;2;140;92;68m▀[38;2;152;100;68m[48;2;128;80;52m▀[38;2;140;92;60m[48;2;128;84;56m▀[38;2;128;80;48m▀[38;2;128;76;48m[48;2;124;92;72m▀[38;2;124;76;40m[48;2;116;108;88m▀[38;2;124;84;48m[48;2;124;132;112m▀[38;2;124;96;60m[48;2;128;148;128m▀[38;2;152;140;92m[48;2;144;164;136m▀[38;2;168;168;108m[48;2;140;156;132m▀[38;2;172;188;108m[48;2;116;140;136m▀[38;2;188;200;104m[48;2;136;156;132m▀[38;2;196;204;116m[48;2;124;148;136m▀[38;2;176;188;116m[48;2;112;140;148m▀[38;2;172;188;116m[48;2;124;148;148m▀[38;2;176;192;116m[48;2;120;140;144m▀[38;2;172;184;128m[48;2;116;140;148m▀[38;2;180;192;128m[48;2;124;148;152m▀[38;2;164;180;144m[48;2;132;160;160m▀[38;2;168;188;160m[48;2;132;164;164m▀[38;2;184;204;180m[48;2;140;164;172m▀[38;2;176;200;172m[48;2;156;180;184m▀[38;2;180;200;184m[48;2;180;208;200m▀[38;2;180;204;188m[48;2;188;212;204m▀[38;2;212;228;204m[48;2;200;220;208m▀[38;2;220;236;212m[48;2;216;236;220m▀[38;2;204;220;200m[48;2;212;232;212m▀[38;2;204;216;192m[48;2;208;220;196m▀[38;2;184;196;172m[48;2;188;200;180m▀[38;2;192;204;180m[48;2;184;196;180m▀[38;2;196;208;192m[48;2;192;204;184m▀[38;2;188;196;156m[48;2;172;188;164m▀[38;2;172;188;156m[48;2;152;172;160m▀[38;2;160;172;144m[48;2;116;136;136m▀[48;2;136;152;136m▀[38;2;136;152;132m[48;2;116;136;140m▀[38;2;148;160;132m[48;2;120;144;144m▀[38;2;152;168;128m[48;2;120;140;144m▀[38;2;148;164;132m[48;2;128;148;140m▀[38;2;128;144;120m[48;2;108;132;124m▀[38;2;132;144;108m[48;2;96;120;128m▀[38;2;124;136;112m[48;2;108;128;116m▀[38;2;116;132;104m[48;2;124;140;112m▀[38;2;120;132;100m[48;2;116;132;108m▀[38;2;120;136;100m[48;2;112;132;108m▀[38;2;112;128;96m[48;2;84;108;104m▀[38;2;120;132;92m[48;2;84;108;108m▀[38;2;116;128;92m[48;2;76;100;108m▀[38;2;120;136;100m[48;2;88;108;104m▀[38;2;124;136;88m[48;2;96;116;104m▀[38;2;128;136;100m[48;2;104;120;96m▀[38;2;124;132;92m[48;2;104;116;96m▀[38;2;132;144;84m[48;2;116;128;92m▀[38;2;108;116;88m[48;2;116;124;88m▀[38;2;96;104;80m[48;2;108;112;80m▀[38;2;76;88;76m[48;2;92;100;80m▀[38;2;104;96;76m[48;2;128;120;104m▀[38;2;132;100;80m[48;2;152;116;104m▀[0m
[38;2;196;128;100m[48;2;184;116;88m▀[38;2;192;124;92m▀[38;2;196;128;88m[48;2;176;108;88m▀[38;2;192;128;92m[48;2;164;100;84m▀[38;2;184;120;80m[48;2;156;100;84m▀[38;2;176;116;80m[48;2;152;108;84m▀[38;2;176;120;92m[48;2;152;112;88m▀[38;2;160;104;80m[48;2;152;116;84m▀[38;2;152;96;72m[48;2;136;108;88m▀[38;2;152;104;80m[48;2;124;104;84m▀[38;2;148;104;80m[48;2;112;108;92m▀[38;2;140;96;76m[48;2;104;120;108m▀[38;2;132;100;76m[48;2;116;124;124m▀[38;2;132;108;84m[48;2;120;124;128m▀[38;2;128;112;96m[48;2;112;132;136m▀[38;2;120;120;112m[48;2;108;132;140m▀[38;2;108;120;120m[48;2;140;160;148m▀[38;2;132;144;132m[48;2;172;184;148m▀[38;2;112;140;132m[48;2;156;172;128m▀[38;2;136;156;144m[48;2;128;148;132m▀[38;2;144;164;136m[48;2;120;144;140m▀[38;2;144;160;128m[48;2;128;148;136m▀[38;2;148;168;144m[48;2;128;152;136m▀[38;2;132;152;140m[48;2;144;164;140m▀[38;2;128;152;132m[48;2;128;152;136m▀[38;2;116;140;144m[48;2;120;148;148m▀[38;2;108;136;148m[48;2;116;144;152m▀[38;2;120;148;156m[48;2;116;140;148m▀[38;2;116;140;144m[48;2;112;136;148m▀[38;2;120;144;152m[48;2;112;136;152m▀[38;2;120;152;160m[48;2;132;160;164m▀[38;2;128;160;156m[48;2;136;160;160m▀[38;2;148;172;180m[48;2;144;168;168m▀[38;2;160;184;184m[48;2;140;168;168m▀[38;2;160;188;184m[48;2;144;176;176m▀[38;2;188;212;196m[48;2;184;208;196m▀[38;2;188;208;192m[48;2;176;196;188m▀[38;2;200;224;204m[48;2;188;208;200m▀[38;2;208;228;212m[48;2;204;224;208m▀[38;2;220;240;216m[48;2;200;220;200m▀[38;2;212;220;200m[48;2;204;216;192m▀[38;2;188;204;180m[48;2;172;184;164m▀[38;2;172;188;172m[48;2;164;176;168m▀[38;2;152;168;160m[48;2;156;172;164m▀[38;2;144;160;156m[48;2;140;156;148m▀[38;2;132;152;148m[48;2;120;140;136m▀[38;2;120;140;140m[48;2;120;144;144m▀[38;2;124;144;136m[48;2;112;136;140m▀[38;2;124;140;136m[48;2;108;132;136m▀[38;2;112;136;136m[48;2;108;128;132m▀[38;2;104;128;124m▀[38;2;92;116;120m[48;2;104;124;128m▀[38;2;104;128;132m▀[38;2;116;140;136m[48;2;112;132;132m▀[38;2;104;128;128m[48;2;100;128;128m▀[38;2;104;124;124m[48;2;88;112;120m▀[38;2;88;112;112m[48;2;80;108;112m▀[38;2;92;116;124m[48;2;84;112;112m▀[38;2;92;116;116m[48;2;92;116;116m▀[38;2;76;100;104m[48;2;80;104;108m▀[38;2;84;104;104m[48;2;76;100;104m▀[38;2;80;100;100m[48;2;72;96;104m▀[38;2;84;108;104m[48;2;96;116;104m▀[38;2;84;108;100m[48;2;92;112;104m▀[38;2;104;116;96m[48;2;80;104;104m▀[38;2;100;116;96m[48;2;88;108;100m▀[38;2;108;112;92m[48;2;96;108;92m▀[38;2;104;112;88m[48;2;92;100;80m▀[38;2;108;112;92m[48;2;104;100;84m▀[38;2;120;112;92m[48;2;108;100;84m▀[38;2;128;100;84m[48;2;128;100;88m▀[0m
[38;2;168;108;92m[48;2;116;84;32m▀[38;2;160;108;92m[48;2;216;208;52m▀[38;2;180;140;92m[48;2;252;255;72m▀[38;2;196;172;88m[48;2;255;255;80m▀[38;2;160;136;60m[48;2;192;188;40m▀[38;2;128;112;44m[48;2;124;120;16m▀[38;2;236;232;72m[48;2;255;255;64m▀[38;2;228;228;88m[48;2;240;240;92m▀[38;2;140;148;132m[48;2;144;156;136m▀[38;2;116;124;120m[48;2;116;128;124m▀[38;2;88;116;108m[48;2;84;108;104m▀[38;2;88;120;120m[48;2;84;112;116m▀[38;2;104;116;128m[48;2;120;132;136m▀[38;2;128;128;136m[48;2;120;128;132m▀[38;2;128;148;144m[48;2;128;140;132m▀[38;2;148;160;136m[48;2;136;148;136m▀[38;2;128;148;136m[48;2;104;128;140m▀[38;2;136;156;140m[48;2;96;124;140m▀[38;2;128;152;140m[48;2;108;132;140m▀[38;2;124;144;140m[48;2;116;140;140m▀[38;2;108;136;140m[48;2;96;128;136m▀[38;2;108;136;144m[48;2;104;132;140m▀[38;2;100;132;140m[48;2;108;136;140m▀[38;2;120;144;136m[48;2;136;156;136m▀[38;2;116;140;140m[48;2;124;148;136m▀[38;2;100;132;148m[48;2;96;124;140m▀[38;2;108;136;144m[48;2;104;128;144m▀[38;2;112;140;144m[48;2;120;148;152m▀[38;2;112;140;148m[48;2;112;136;144m▀[38;2;108;136;148m[48;2;104;132;144m▀[38;2;136;164;160m[48;2;116;144;152m▀[38;2;128;156;160m[48;2;116;148;156m▀[38;2;140;168;168m[48;2;144;168;172m▀[38;2;160;184;180m[48;2;160;184;180m▀[38;2;144;172;168m[48;2;148;176;172m▀[38;2;148;176;180m[48;2;160;184;184m▀[38;2;156;180;176m[48;2;164;184;180m▀[38;2;176;200;192m[48;2;176;200;188m▀[38;2;196;216;204m[48;2;188;208;196m▀[38;2;196;220;200m[48;2;176;196;180m▀[38;2;192;208;188m[48;2;176;188;168m▀[38;2;180;192;172m[48;2;172;184;164m▀[38;2;172;188;176m[48;2;172;188;176m▀[38;2;176;192;184m[48;2;144;164;156m▀[38;2;144;160;152m[48;2;128;148;144m▀[38;2;128;148;148m[48;2;128;148;148m▀[38;2;116;140;140m▀[38;2;108;128;132m[48;2;112;136;136m▀[38;2;108;132;136m[48;2;112;132;136m▀[38;2;104;124;132m[48;2;108;132;136m▀[38;2;96;120;128m[48;2;92;116;124m▀[38;2;96;124;124m[48;2;100;124;128m▀[38;2;108;132;136m[48;2;108;132;136m▀[38;2;104;128;132m[48;2;100;128;128m▀[38;2;88;116;120m[48;2;92;116;120m▀[38;2;88;112;116m[48;2;84;108;116m▀[38;2;80;108;112m[48;2;84;112;116m▀[38;2;84;112;116m[48;2;88;116;120m▀[38;2;88;112;116m[48;2;88;112;120m▀[38;2;76;100;108m[48;2;68;96;100m▀[48;2;80;104;112m▀[38;2;80;104;112m[48;2;88;108;116m▀[38;2;96;116;116m[48;2;88;108;112m▀[38;2;84;104;108m[48;2;76;100;104m▀[38;2;76;100;104m[48;2;72;100;104m▀[38;2;84;108;104m[48;2;68;96;104m▀[38;2;92;104;104m[48;2;80;96;100m▀[38;2;108;124;116m[48;2;100;112;112m▀[38;2;92;104;92m[48;2;96;108;104m▀[38;2;96;92;84m[48;2;104;104;96m▀[38;2;124;92;92m[48;2;128;96;92m▀[0m
[38;2;208;188;60m[48;2;255;255;88m▀[38;2;252;248;72m[48;2;255;255;92m▀[38;2;252;252;84m[48;2;255;255;80m▀[38;2;255;255;60m[48;2;252;252;92m▀[38;2;188;184;60m[48;2;92;96;48m▀[38;2;144;144;52m[48;2;152;148;64m▀[38;2;255;255;80m[48;2;255;255;108m▀[38;2;236;236;84m[48;2;236;240;84m▀[38;2;144;156;140m[48;2;148;164;144m▀[38;2;112;124;124m[48;2;116;132;128m▀[38;2;88;116;108m[48;2;84;112;104m▀[38;2;88;116;120m[48;2;100;124;124m▀[38;2;112;128;136m[48;2;124;140;140m▀[38;2;140;148;140m[48;2;132;144;140m▀[38;2;144;156;136m[48;2;128;144;144m▀[38;2;120;136;136m[48;2;116;136;136m▀[38;2;112;140;136m[48;2;108;128;140m▀[38;2;104;132;140m[48;2;104;128;140m▀[38;2;112;136;136m▀[38;2;108;132;136m[48;2;108;136;136m▀[38;2;108;136;140m[48;2;116;136;136m▀[38;2;104;132;144m[48;2;104;128;144m▀[38;2;108;136;140m[48;2;100;128;144m▀[38;2;100;128;140m[48;2;104;132;140m▀[38;2;104;132;140m[48;2;112;140;144m▀[38;2;104;132;144m[48;2;108;136;148m▀[38;2;108;132;148m[48;2;104;132;144m▀[38;2;116;140;152m▀[38;2;112;140;152m[48;2;108;132;148m▀[38;2;116;144;156m[48;2;112;140;148m▀[38;2;116;144;148m[48;2;108;136;148m▀[38;2;116;148;156m[48;2;108;140;152m▀[38;2;140;164;172m[48;2;124;152;156m▀[38;2;140;164;164m[48;2;132;164;164m▀[38;2;132;160;160m[48;2;148;180;172m▀[38;2;152;180;176m[48;2;144;172;168m▀[38;2;176;200;188m[48;2;168;192;184m▀[38;2;180;204;192m[48;2;176;196;184m▀[38;2;184;204;192m[48;2;184;204;192m▀[38;2;180;196;184m[48;2;180;200;184m▀[38;2;180;188;172m[48;2;184;196;176m▀[38;2;144;160;148m[48;2;156;168;152m▀[38;2;136;156;148m[48;2;136;156;148m▀[38;2;132;152;144m[48;2;128;148;140m▀[38;2;128;148;140m[48;2;140;160;152m▀[38;2;128;148;148m[48;2;120;140;140m▀[38;2;108;132;136m[48;2;104;132;136m▀[38;2;100;128;132m[48;2;100;132;136m▀[38;2;96;120;128m[48;2;108;132;140m▀[38;2;104;128;132m[48;2;116;140;140m▀[48;2;112;136;132m▀[38;2;104;128;128m[48;2;116;140;140m▀[38;2;92;120;120m[48;2;100;124;124m▀[38;2;92;124;124m[48;2;100;128;128m▀[38;2;88;112;116m[48;2;88;116;120m▀[38;2;80;104;112m[48;2;80;108;112m▀[38;2;80;108;116m[48;2;80;104;112m▀[38;2;76;104;108m[48;2;76;100;108m▀[38;2;72;100;104m[48;2;88;116;116m▀[38;2;72;100;108m[48;2;80;108;108m▀[38;2;76;100;108m[48;2;84;108;112m▀[38;2;80;104;108m[48;2;88;108;116m▀[38;2;80;100;108m[48;2;88;108;108m▀[38;2;80;100;104m[48;2;92;112;112m▀[38;2;76;100;108m[48;2;88;108;116m▀[38;2;76;100;104m[48;2;80;100;104m▀[38;2;80;96;100m[48;2;108;128;124m▀[38;2;64;84;84m[48;2;80;104;104m▀[38;2;84;104;100m[48;2;72;84;84m▀[38;2;100;100;100m[48;2;100;92;92m▀[38;2;128;96;96m[48;2;112;80;80m▀[0m
[38;2;204;204;72m[48;2;44;48;44m▀[38;2;200;204;48m[48;2;40;40;32m▀[38;2;164;172;16m[48;2;48;24;28m▀[38;2;108;116;40m[48;2;68;16;32m▀[38;2;28;36;28m[48;2;36;28;28m▀[38;2;168;172;36m[48;2;208;208;76m▀[38;2;252;252;84m[48;2;255;255;100m▀[38;2;236;236;84m[48;2;244;244;124m▀[38;2;160;172;148m[48;2;168;180;160m▀[38;2;120;136;128m[48;2;132;148;144m▀[38;2;88;116;104m[48;2;112;140;128m▀[38;2;116;140;136m[48;2;116;144;136m▀[38;2;100;116;124m[48;2;128;144;144m▀[38;2;116;132;136m[48;2;128;140;136m▀[38;2;108;128;128m[48;2;116;136;136m▀[38;2;124;144;140m[48;2;128;144;132m▀[38;2;120;144;140m[48;2;120;140;136m▀[38;2;104;132;136m[48;2;104;132;136m▀[38;2;96;124;140m[48;2;96;128;132m▀[38;2;96;128;144m[48;2;108;132;140m▀[38;2;92;124;140m[48;2;116;140;144m▀[38;2;100;128;144m[48;2;96;124;140m▀[38;2;100;132;144m[48;2;100;128;140m▀[38;2;100;128;140m[48;2;96;128;140m▀[38;2;120;144;140m[48;2;104;132;140m▀[38;2;116;140;148m▀[38;2;100;128;144m▀[38;2;108;136;144m[48;2;104;132;144m▀[38;2;112;140;152m[48;2;108;136;144m▀[38;2;104;132;148m[48;2;100;128;144m▀[48;2;108;136;148m▀[38;2;108;140;152m▀[38;2;120;148;156m[48;2;116;144;156m▀[38;2;124;148;160m[48;2;116;140;152m▀[38;2;136;160;164m[48;2;128;152;160m▀[38;2;144;168;168m[48;2;132;160;164m▀[38;2;156;180;180m[48;2;152;176;176m▀[38;2;176;196;188m[48;2;172;196;184m▀[38;2;184;204;196m[48;2;168;188;176m▀[38;2;188;204;192m[48;2;176;196;184m▀[38;2;188;200;180m[48;2;176;192;172m▀[38;2;172;184;168m[48;2;164;176;164m▀[38;2;132;148;144m[48;2;152;168;156m▀[38;2;124;144;140m[48;2;152;172;160m▀[38;2;132;152;148m[48;2;136;152;148m▀[38;2;116;136;132m[48;2;120;144;140m▀[38;2;108;132;132m[48;2;140;160;152m▀[38;2;112;140;136m▀[38;2;112;136;136m[48;2;116;136;132m▀[38;2;120;144;144m[48;2;112;136;140m▀[38;2;108;136;132m[48;2;104;132;132m▀[38;2;120;148;144m[48;2;104;128;136m▀[38;2;108;132;132m[48;2;100;124;128m▀[38;2;96;120;128m[48;2;92;116;124m▀[38;2;88;112;120m[48;2;88;116;120m▀[38;2;88;116;120m[48;2;84;112;116m▀[38;2;92;120;124m[48;2;96;120;128m▀[38;2;80;108;112m[48;2;84;112;116m▀[48;2;72;100;104m▀[38;2;72;100;104m[48;2;76;104;108m▀[38;2;80;104;108m[48;2;80;104;112m▀[48;2;80;104;108m▀[48;2;76;100;108m▀[38;2;92;116;120m[48;2;80;104;112m▀[38;2;84;112;116m[48;2;92;116;120m▀[38;2;76;104;104m[48;2;104;124;128m▀[38;2;76;104;100m[48;2;80;100;100m▀[38;2;108;128;128m▀[38;2;100;112;116m[48;2;92;104;100m▀[38;2;104;100;100m[48;2;104;104;104m▀[38;2;132;96;100m[48;2;140;108;112m▀[0m
[38;2;140;136;140m[48;2;192;192;200m▀[38;2;144;136;140m[48;2;188;188;196m▀[38;2;176;144;148m[48;2;184;184;192m▀[38;2;156;100;112m[48;2;172;176;180m▀[38;2;56;48;48m[48;2;108;108;112m▀[38;2;112;116;44m[48;2;64;64;68m▀[38;2;184;188;60m[48;2;48;52;64m▀[38;2;192;192;92m[48;2;72;76;76m▀[38;2;152;160;144m[48;2;148;160;148m▀[38;2;124;140;136m[48;2;136;152;148m▀[38;2;100;124;112m[48;2;80;108;100m▀[38;2;104;128;124m[48;2;108;132;132m▀[38;2;140;160;152m[48;2;112;128;132m▀[38;2;132;148;144m[48;2;136;152;148m▀[38;2;112;132;132m[48;2;120;140;140m▀[38;2;108;132;132m[48;2;120;140;144m▀[38;2;108;136;136m[48;2;132;152;148m▀[38;2;112;140;140m[48;2;112;136;136m▀[38;2;112;136;140m[48;2;104;132;140m▀[38;2;104;132;136m[48;2;104;128;140m▀[38;2;112;136;144m[48;2;96;124;140m▀[38;2;100;128;140m▀[38;2;96;124;136m[48;2;100;128;140m▀[38;2;100;132;144m[48;2;96;124;140m▀[38;2;120;148;148m[48;2;112;136;152m▀[38;2;108;136;144m[48;2;112;136;148m▀[38;2;108;132;144m[48;2;108;136;144m▀[38;2;108;136;148m▀[38;2;104;132;144m[48;2;104;132;144m▀[38;2;108;136;144m[48;2;100;132;144m▀[38;2;104;132;144m[48;2;104;132;144m▀[38;2;112;140;152m[48;2;120;152;160m▀[38;2;128;156;164m[48;2;132;160;164m▀[38;2;120;152;156m[48;2;128;160;160m▀[38;2;128;156;160m[48;2;132;160;164m▀[38;2;140;164;168m[48;2;140;164;168m▀[38;2;148;172;172m[48;2;148;172;172m▀[38;2;172;192;180m[48;2;152;176;172m▀[38;2;172;192;176m[48;2;164;184;176m▀[38;2;172;188;180m[48;2;168;184;176m▀[38;2;176;192;176m[48;2;168;176;164m▀[38;2;160;176;160m[48;2;156;164;156m▀[38;2;140;156;148m[48;2;124;144;144m▀[38;2;144;164;156m[48;2;116;140;140m▀[38;2;128;152;148m[48;2;112;140;140m▀[38;2;124;144;144m[48;2;120;144;148m▀[38;2;136;156;152m[48;2;112;136;136m▀[38;2;124;144;144m[48;2;100;124;128m▀[38;2;104;128;128m[48;2;108;132;136m▀[38;2;100;128;132m[48;2;112;136;140m▀[38;2;112;136;140m[48;2;100;124;128m▀[38;2;104;128;132m[48;2;88;112;120m▀[38;2;88;116;120m[48;2;92;120;124m▀[38;2;96;124;128m▀[38;2;92;120;124m[48;2;84;112;112m▀[38;2;80;104;112m[48;2;84;112;120m▀[38;2;84;108;116m[48;2;88;112;124m▀[38;2;80;104;112m[48;2;76;100;112m▀[48;2;84;112;116m▀[38;2;76;104;112m[48;2;76;100;108m▀[48;2;76;96;108m▀[38;2;80;104;112m[48;2;80;104;112m▀[38;2;84;104;112m▀[38;2;88;112;120m[48;2;88;112;116m▀[38;2;96;116;120m▀[38;2;92;112;116m[48;2;92;116;116m▀[38;2;92;112;112m[48;2;92;116;112m▀[38;2;88;104;104m[48;2;80;104;104m▀[38;2;80;92;96m[48;2;88;100;104m▀[38;2;88;88;88m[48;2;88;92;92m▀[38;2;120;92;92m[48;2;120;96;96m▀[0m
[38;2;204;204;208m[48;2;252;252;252m▀[38;2;196;196;200m[48;2;244;244;248m▀[38;2;204;204;208m[48;2;248;248;248m▀[38;2;200;200;204m[48;2;224;224;228m▀[38;2;204;204;212m[48;2;228;232;236m▀[38;2;212;216;220m[48;2;236;236;240m▀[38;2;172;176;184m[48;2;236;240;244m▀[38;2;140;144;148m[48;2;204;212;212m▀[38;2;144;164;148m[48;2;156;168;160m▀[38;2;136;156;148m[48;2;128;152;148m▀[38;2;88;112;108m[48;2;88;112;112m▀[38;2;96;124;124m[48;2;108;132;132m▀[38;2;128;140;148m[48;2;128;140;148m▀[38;2;128;140;140m[48;2;132;148;148m▀[38;2;136;160;152m[48;2;120;148;148m▀[38;2;128;148;144m[48;2;112;132;140m▀[38;2;124;144;144m[48;2;116;140;140m▀[38;2;108;136;144m[48;2;108;136;144m▀[38;2;100;128;140m[48;2;100;128;144m▀[48;2;96;124;140m▀[38;2;96;128;140m[48;2;100;132;144m▀[38;2;100;128;140m▀[38;2;104;132;144m[48;2;100;128;140m▀[38;2;108;136;140m[48;2;104;128;144m▀[38;2;104;128;144m[48;2;112;136;148m▀[38;2;108;132;148m[48;2;104;132;144m▀[38;2;108;132;144m[48;2;108;136;148m▀[38;2;112;140;148m▀[38;2;104;136;144m[48;2;104;128;140m▀[38;2;104;132;144m[48;2;108;132;148m▀[38;2;116;144;156m[48;2;120;148;156m▀[38;2;124;152;160m[48;2;128;156;160m▀[38;2;120;148;152m[48;2;120;148;156m▀[38;2;140;164;172m[48;2;136;160;164m▀[38;2;140;164;168m▀[38;2;144;168;172m[48;2;144;168;172m▀[38;2;156;180;180m[48;2;156;180;180m▀[38;2;156;180;176m[48;2;156;180;176m▀[38;2;156;176;172m[48;2;160;180;176m▀[38;2;168;188;180m[48;2;156;176;172m▀[38;2;168;180;168m[48;2;172;188;180m▀[38;2;144;160;152m[48;2;152;168;164m▀[38;2;128;148;148m[48;2;132;152;148m▀[38;2;124;144;148m[48;2;132;156;156m▀[38;2;124;148;152m[48;2;120;144;148m▀[38;2;140;164;168m[48;2;132;160;160m▀[38;2;112;136;140m[48;2;112;136;140m▀[38;2;124;148;152m[48;2;116;140;144m▀[38;2;120;144;148m[48;2;100;124;128m▀[38;2;100;124;128m▀[38;2;88;116;120m▀[38;2;96;124;128m[48;2;100;128;132m▀[38;2;92;120;124m[48;2;92;116;120m▀[38;2;92;116;120m[48;2;100;124;128m▀[48;2;100;124;132m▀[38;2;92;120;124m[48;2;84;108;112m▀[38;2;100;124;132m[48;2;80;108;112m▀[38;2;80;104;112m[48;2;84;112;120m▀[38;2;76;104;108m[48;2;84;108;116m▀[38;2;88;112;116m[48;2;80;104;108m▀[48;2;88;112;120m▀[38;2;84;104;112m[48;2;88;112;116m▀[38;2;80;104;112m[48;2;84;104;112m▀[38;2;76;100;104m[48;2;80;100;108m▀[38;2;84;108;112m[48;2;84;108;112m▀[38;2;88;108;116m[48;2;80;104;112m▀[38;2;84;104;108m[48;2;76;100;104m▀[38;2;72;92;92m[48;2;80;100;100m▀[38;2;88;100;100m[48;2;112;124;124m▀[38;2;100;104;104m[48;2;116;112;116m▀[38;2;132;112;112m[48;2;120;100;100m▀[0m
[38;2;192;196;196m[48;2;232;232;236m▀[38;2;184;188;188m[48;2;212;216;220m▀[38;2;188;192;192m[48;2;180;184;192m▀[38;2;196;196;200m[48;2;184;192;200m▀[38;2;176;184;188m[48;2;232;232;236m▀[38;2;152;164;164m[48;2;200;204;208m▀[38;2;168;180;180m[48;2;244;244;248m▀[38;2;160;176;180m[48;2;200;208;212m▀[38;2;132;152;148m[48;2;136;156;148m▀[38;2;108;132;132m[48;2;112;136;140m▀[38;2;80;108;108m[48;2;72;100;96m▀[38;2;108;132;132m[48;2;92;116;120m▀[38;2;108;120;128m[48;2;116;132;140m▀[38;2;128;144;148m[48;2;108;124;132m▀[38;2;104;128;136m[48;2;108;124;140m▀[38;2;108;128;140m[48;2;116;136;144m▀[38;2;112;136;140m[48;2;120;144;148m▀[38;2;112;136;148m[48;2;108;132;144m▀[38;2;104;128;140m[48;2;104;128;140m▀[38;2;100;128;140m[48;2;100;128;140m▀[38;2;104;128;140m▀[38;2;100;128;136m▀[38;2;100;128;140m[48;2;104;132;144m▀[38;2;104;132;144m[48;2;104;132;148m▀[38;2;108;136;148m[48;2;108;136;148m▀[38;2;104;136;144m[48;2;104;132;144m▀[48;2;104;136;148m▀[38;2;104;132;144m[48;2;112;140;152m▀[48;2;116;140;152m▀[38;2;108;132;144m▀[38;2;112;140;152m[48;2;116;140;156m▀[38;2;112;140;148m[48;2;124;148;156m▀[38;2;128;156;164m[48;2;128;156;164m▀[38;2;136;160;168m[48;2;128;156;160m▀[38;2;132;160;164m[48;2;124;152;156m▀[38;2;132;156;160m[48;2;144;168;172m▀[38;2;148;172;168m[48;2;152;176;176m▀[38;2;156;176;176m[48;2;152;176;172m▀[38;2;152;172;172m[48;2;160;180;176m▀[38;2;148;168;168m[48;2;152;172;168m▀[38;2;152;168;164m[48;2;152;168;164m▀[38;2;148;164;156m[48;2;144;160;152m▀[38;2;136;156;152m[48;2;144;164;160m▀[48;2;132;152;148m▀[38;2;112;132;132m[48;2;148;164;164m▀[38;2;132;152;152m[48;2;164;180;176m▀[38;2;124;144;144m[48;2;140;160;156m▀[38;2;104;132;132m[48;2;136;160;160m▀[38;2;112;132;140m[48;2;120;144;148m▀[38;2;104;128;132m[48;2;108;132;140m▀[48;2;96;124;128m▀[38;2;128;148;152m[48;2;100;124;132m▀[38;2;108;128;136m[48;2;108;128;136m▀[38;2;100;124;132m[48;2;88;116;120m▀[38;2;92;116;120m[48;2;108;132;136m▀[38;2;96;120;124m[48;2;112;136;140m▀[48;2;120;144;148m▀[38;2;84;112;120m[48;2;88;112;116m▀[38;2;88;112;120m▀[38;2;80;104;112m[48;2;80;104;112m▀[38;2;88;112;120m[48;2;92;116;124m▀[38;2;104;128;132m▀[38;2;88;112;116m[48;2;96;120;124m▀[38;2;80;104;108m[48;2;92;112;120m▀[38;2;80;100;108m[48;2;116;140;144m▀[38;2;92;112;120m[48;2;108;128;136m▀[38;2;88;104;112m[48;2;108;124;128m▀[38;2;96;112;112m[48;2;84;96;96m▀[38;2;124;140;140m[48;2;88;100;100m▀[38;2;100;100;96m[48;2;104;104;104m▀[38;2;124;104;100m[48;2;132;112;112m▀[0m

     * Журнал хлещет на восемьсот строк — а у тебя труба с фильтром. *

ART
