#!/bin/sh
# cd-abs: meme «Left Exit 12 Off Ramp». Regenerate: meme.py render "Left Exit 12 Off Ramp"
cat <<'ART'

[38;2;128;176;212m[48;2;124;172;208m▀[48;2;124;172;212m▀[48;2;120;172;212m▀▀[38;2;128;172;212m[48;2;124;172;212m▀[38;2;128;176;212m▀[48;2;120;172;212m▀[38;2;128;176;208m▀▀[38;2;124;172;212m[48;2;124;172;212m▀[48;2;120;172;212m▀[38;2;124;176;212m[48;2;124;172;212m▀[38;2;124;172;212m▀[38;2;124;176;212m[48;2;124;176;212m▀[38;2;128;176;212m[48;2;128;176;212m▀[38;2;132;176;212m[48;2;132;176;212m▀[38;2;132;180;212m[48;2;136;180;216m▀[38;2;136;180;216m[48;2;136;180;212m▀[38;2;136;184;220m[48;2;132;168;196m▀[38;2;140;188;220m[48;2;124;160;184m▀[38;2;136;184;220m▀[48;2;120;160;184m▀[38;2;140;188;220m▀▀[38;2;140;184;220m[48;2;120;156;180m▀[48;2;120;160;184m▀[48;2;116;160;188m▀[38;2;140;184;216m[48;2;120;156;180m▀[38;2;160;196;216m[48;2;148;176;192m▀[38;2;168;196;216m[48;2;184;204;220m▀[38;2;160;196;216m[48;2;176;204;220m▀[38;2;164;196;212m[48;2;176;200;216m▀[38;2;172;200;216m[48;2;172;200;212m▀[38;2;180;204;220m[48;2;180;208;220m▀[38;2;184;212;228m▀[38;2;176;204;216m[48;2;176;204;216m▀[48;2;176;208;220m▀[38;2;180;204;216m[48;2;180;204;220m▀[38;2;184;204;220m▀[38;2;180;204;220m▀[38;2;180;208;220m▀[38;2;176;204;220m[48;2;180;204;216m▀[48;2;176;204;216m▀[38;2;176;204;216m[48;2;172;200;216m▀[48;2;168;196;212m▀[38;2;172;200;216m▀[38;2;176;200;216m▀[38;2;180;204;220m[48;2;172;200;216m▀[38;2;188;208;224m[48;2;180;204;220m▀[38;2;196;212;224m[48;2;188;208;220m▀[38;2;200;220;228m[48;2;196;216;224m▀[38;2;208;224;232m[48;2;200;220;228m▀[38;2;212;228;232m[48;2;204;220;228m▀[48;2;208;220;228m▀[38;2;208;224;232m[48;2;208;224;228m▀[38;2;200;220;228m[48;2;200;216;224m▀[38;2;196;216;224m[48;2;196;216;224m▀[38;2;192;216;224m[48;2;188;208;220m▀[38;2;184;208;220m[48;2;180;204;220m▀[38;2;180;204;216m[48;2;176;204;216m▀[38;2;176;204;216m[48;2;172;200;212m▀[38;2;184;208;224m[48;2;172;200;216m▀[38;2;188;212;224m▀[38;2;184;204;216m[48;2;172;196;216m▀[38;2;184;204;220m[48;2;176;200;216m▀[38;2;184;208;220m[48;2;176;204;216m▀[38;2;180;208;220m[48;2;180;204;220m▀[38;2;180;204;220m[48;2;188;212;224m▀[38;2;184;204;224m▀[38;2;184;208;220m[48;2;184;212;224m▀[38;2;184;208;224m[48;2;184;208;224m▀[38;2;184;208;220m[48;2;188;208;224m▀[38;2;184;208;224m[48;2;184;208;220m▀▀[38;2;192;212;224m▀▀[38;2;184;208;224m[48;2;184;208;224m▀[38;2;172;204;220m[48;2;176;208;220m▀[38;2;168;200;216m[48;2;172;200;220m▀[38;2;168;200;220m[48;2;164;200;220m▀[0m
[38;2;124;172;212m[48;2;124;172;212m▀[38;2;124;172;208m▀[38;2;124;172;212m▀▀▀▀▀▀[38;2;120;172;212m▀[38;2;124;172;212m▀▀▀[38;2;124;176;212m▀[38;2;128;176;212m▀▀▀[38;2;132;180;212m[48;2;128;176;216m▀[38;2;132;176;208m[48;2;120;168;204m▀[38;2;88;96;76m[48;2;88;92;64m▀[38;2;100;88;36m[48;2;124;104;20m▀[38;2;104;92;40m[48;2;120;100;24m▀[38;2;100;92;40m[48;2;104;84;28m▀[38;2;100;88;40m[48;2;92;80;32m▀[38;2;96;88;44m[48;2;84;76;36m▀[38;2;92;88;48m[48;2;100;88;36m▀[38;2;96;88;48m[48;2;104;88;36m▀[38;2;104;92;44m[48;2;124;108;32m▀[38;2;104;92;36m[48;2;128;112;32m▀[38;2;88;88;52m[48;2;100;92;44m▀[38;2;164;184;196m[48;2;144;168;184m▀[38;2;176;204;220m[48;2;156;188;216m▀[38;2;164;192;208m[48;2;148;184;204m▀[38;2;164;196;208m[48;2;156;188;208m▀[38;2;172;200;216m[48;2;160;192;212m▀[38;2;168;196;212m[48;2;164;192;212m▀[48;2;168;192;212m▀[38;2;176;204;216m[48;2;164;192;208m▀[38;2;172;204;216m[48;2;160;188;208m▀[38;2;176;200;216m[48;2;156;188;204m▀▀▀[38;2;176;204;216m[48;2;156;188;208m▀[38;2;172;200;216m[48;2;152;184;204m▀[38;2;164;192;208m[48;2;148;180;204m▀[38;2;156;188;208m[48;2;144;180;204m▀[48;2;148;184;204m▀[38;2;160;188;208m[48;2;152;184;204m▀[38;2;164;192;212m[48;2;156;188;204m▀[38;2;176;204;216m[48;2;164;192;208m▀[38;2;184;208;220m[48;2;172;200;212m▀[38;2;184;208;216m[48;2;172;200;216m▀[38;2;192;212;220m[48;2;176;204;216m▀[38;2;192;216;224m[48;2;180;204;216m▀[38;2;196;216;224m[48;2;184;208;220m▀[38;2;200;216;228m[48;2;188;212;224m▀[38;2;200;220;228m[48;2;184;208;220m▀[38;2;200;220;224m[48;2;180;204;216m▀[38;2;184;208;220m[48;2;172;200;216m▀[38;2;176;200;212m[48;2;164;196;208m▀[38;2;172;200;212m[48;2;160;192;208m▀[38;2;168;200;212m[48;2;164;192;212m▀[38;2;168;196;212m▀[48;2;160;192;212m▀[48;2;156;192;208m▀[38;2;164;192;208m[48;2;156;188;208m▀[38;2;168;196;212m▀[38;2;176;200;216m▀[38;2;184;204;220m▀[38;2;184;208;220m[48;2;160;192;212m▀[38;2;192;212;224m[48;2;172;200;216m▀[48;2;184;208;220m▀[38;2;188;212;224m▀[38;2;180;208;220m[48;2;172;204;220m▀[38;2;176;204;216m[48;2;172;200;220m▀▀▀[38;2;176;204;220m▀[48;2;168;200;220m▀[38;2;168;200;220m[48;2;164;200;220m▀[48;2;168;200;220m▀[0m
[38;2;124;172;212m[48;2;124;172;208m▀[38;2;124;176;212m[48;2;124;172;212m▀[38;2;124;172;212m▀[38;2;124;172;208m▀[38;2;124;172;212m[48;2;124;176;208m▀[48;2;124;176;212m▀[48;2;128;176;212m▀▀[38;2;124;172;208m▀▀[48;2;124;176;212m▀▀[38;2;124;172;212m▀▀▀[48;2;128;172;212m▀[38;2;128;176;212m[48;2;128;172;208m▀[38;2;116;168;200m[48;2;128;176;208m▀[38;2;80;84;60m[48;2;56;88;96m▀[38;2;112;92;24m[48;2;32;60;52m▀[38;2;108;92;32m[48;2;32;64;60m▀[38;2;96;84;32m▀[38;2;96;84;36m[48;2;36;64;60m▀[38;2;100;88;36m[48;2;36;68;60m▀[38;2;108;96;32m[48;2;36;64;64m▀[38;2;108;92;32m[48;2;40;68;68m▀[38;2;108;96;32m[48;2;44;72;72m▀[38;2;112;100;32m[48;2;32;64;60m▀[38;2;92;84;48m[48;2;52;80;88m▀[38;2;128;160;188m[48;2;128;172;200m▀[38;2;140;184;212m[48;2;132;176;212m▀[38;2;136;180;204m[48;2;132;176;208m▀[38;2;136;180;208m[48;2;132;176;212m▀[38;2;140;180;208m▀[38;2;144;184;208m[48;2;132;176;208m▀[38;2;148;184;208m[48;2;132;180;208m▀[38;2;144;184;208m[48;2;132;180;204m▀[38;2;144;180;208m▀[38;2;144;180;204m[48;2;136;176;208m▀[48;2;140;180;208m▀[38;2;144;176;200m[48;2;140;180;204m▀[38;2;140;176;200m[48;2;144;180;208m▀[38;2;140;180;200m[48;2;144;180;204m▀[38;2;140;176;200m[48;2;144;180;200m▀[38;2;144;176;200m▀[38;2;144;180;200m[48;2;148;180;200m▀[48;2;144;180;204m▀[38;2;152;184;204m[48;2;148;180;204m▀[38;2;156;188;208m[48;2;152;184;204m▀[38;2;164;192;208m[48;2;156;188;204m▀[38;2;168;196;212m▀[38;2;172;200;212m▀[38;2;168;196;212m[48;2;152;184;204m▀▀[38;2;168;192;212m[48;2;148;184;204m▀[38;2;164;192;212m▀[38;2;160;192;208m[48;2;148;180;204m▀[38;2;156;188;208m▀[38;2;152;188;204m[48;2;144;180;200m▀[38;2;152;184;208m▀[38;2;152;184;204m[48;2;148;184;204m▀[38;2;156;184;208m[48;2;152;184;204m▀[38;2;152;188;208m[48;2;152;188;208m▀▀[38;2;156;188;208m[48;2;160;192;212m▀[38;2;160;192;212m[48;2;168;196;212m▀[38;2;164;192;212m[48;2;180;204;216m▀[38;2;160;192;212m[48;2;180;208;220m▀[38;2;156;192;212m[48;2;172;204;216m▀[38;2;156;192;208m[48;2;164;196;216m▀[38;2;164;196;212m[48;2;160;196;216m▀[38;2;164;200;216m▀▀[38;2;168;200;220m[48;2;160;196;220m▀[48;2;160;196;216m▀[48;2;160;196;220m▀[48;2;160;196;216m▀[48;2;156;192;220m▀[38;2;164;196;220m[48;2;152;192;216m▀[38;2;160;196;220m[48;2;148;192;216m▀[0m
[38;2;128;176;212m[48;2;132;176;212m▀[38;2;132;176;212m▀[38;2;132;180;212m[48;2;128;176;212m▀[38;2;128;176;212m[48;2;128;176;208m▀[48;2;132;176;212m▀▀[38;2;132;180;212m[48;2;128;176;212m▀[38;2;132;176;212m[48;2;128;176;208m▀[48;2;124;172;208m▀[38;2;124;172;208m[48;2;148;184;212m▀[48;2;160;196;216m▀[38;2;124;172;212m[48;2;156;192;216m▀[38;2;128;172;212m[48;2;132;176;208m▀[38;2;124;176;212m[48;2;128;176;212m▀[48;2;128;176;208m▀[48;2;128;176;212m▀▀[38;2;132;176;208m[48;2;132;176;208m▀[38;2;60;100;108m[48;2;60;96;104m▀[38;2;24;72;72m[48;2;20;64;64m▀[38;2;52;96;104m[48;2;36;80;80m▀[38;2;48;92;100m[48;2;36;76;80m▀[38;2;56;96;104m▀[38;2;28;76;80m[48;2;24;68;68m▀[38;2;32;76;80m[48;2;24;68;72m▀[38;2;56;96;104m[48;2;44;84;88m▀[38;2;68;104;116m[48;2;56;92;96m▀[38;2;28;72;76m[48;2;24;64;64m▀[38;2;52;92;104m[48;2;52;92;96m▀[38;2;132;172;200m[48;2;160;192;216m▀[38;2;124;172;208m[48;2;152;192;220m▀[38;2;128;176;208m[48;2;132;184;212m▀[48;2;140;184;220m▀▀[38;2;132;176;208m[48;2;140;184;216m▀[48;2;140;184;212m▀[38;2;128;176;208m[48;2;140;184;216m▀[38;2;128;176;204m[48;2;140;188;212m▀[38;2;132;176;204m▀[38;2;132;176;208m[48;2;140;184;216m▀[38;2;132;176;204m▀[38;2;132;180;204m[48;2;140;184;212m▀[38;2;140;180;204m[48;2;140;188;216m▀[48;2;140;184;216m▀▀[38;2;144;180;200m[48;2;144;184;216m▀[38;2;140;180;200m[48;2;148;184;216m▀[38;2;144;176;200m[48;2;148;188;216m▀[38;2;144;180;200m[48;2;148;184;216m▀[48;2;148;188;212m▀[38;2;144;176;200m[48;2;148;184;212m▀[38;2;140;176;196m[48;2;148;188;212m▀[38;2;140;176;200m[48;2;152;188;212m▀[48;2;148;188;212m▀[38;2;140;176;204m[48;2;148;188;216m▀[38;2;144;180;204m[48;2;152;192;216m▀[38;2;148;184;204m▀[38;2;148;180;204m[48;2;148;188;216m▀[38;2;144;180;204m[48;2;144;188;216m▀[38;2;144;184;208m[48;2;140;184;212m▀[38;2;148;184;208m▀[38;2;152;188;212m[48;2;144;188;212m▀[48;2;144;184;212m▀▀[38;2;156;192;212m[48;2;148;184;212m▀[38;2;164;192;212m[48;2;148;188;212m▀[38;2;164;196;212m[48;2;148;188;216m▀[38;2;168;196;216m[48;2;152;188;216m▀[38;2;164;196;216m▀[38;2;160;192;216m[48;2;148;188;216m▀[38;2;156;192;216m▀[38;2;152;188;216m[48;2;152;188;216m▀[48;2;156;192;216m▀[38;2;156;192;216m[48;2;156;192;220m▀[48;2;156;192;216m▀[38;2;156;192;220m▀[38;2;156;192;216m▀[38;2;152;192;216m[48;2;156;192;220m▀▀▀[0m
[38;2;140;184;212m[48;2;176;204;220m▀[38;2;136;180;212m[48;2;176;200;220m▀[38;2;144;184;216m[48;2;184;208;224m▀[38;2;132;176;208m[48;2;140;184;208m▀[38;2;124;176;208m[48;2;148;188;216m▀[38;2;132;180;208m[48;2;176;204;220m▀[38;2;164;196;220m[48;2;184;208;220m▀[38;2;172;200;220m[48;2;196;212;224m▀[38;2;156;192;216m[48;2;196;212;228m▀[38;2;164;196;216m[48;2;184;204;220m▀[38;2;188;212;224m[48;2;176;200;216m▀[38;2;180;204;216m[48;2;172;200;216m▀[38;2;144;184;208m▀[38;2;128;176;212m[48;2;144;180;212m▀[48;2;128;176;212m▀[48;2;128;176;208m▀[48;2;128;176;212m▀[38;2;132;172;204m[48;2;132;176;208m▀[38;2;76;108;116m[48;2;60;100;104m▀[38;2;48;84;84m[48;2;16;68;68m▀[38;2;48;88;88m[48;2;24;72;76m▀[38;2;48;84;88m▀[38;2;48;88;88m▀[38;2;52;88;92m▀[38;2;48;92;92m[48;2;20;72;76m▀[38;2;48;88;92m[48;2;24;72;76m▀[38;2;44;88;96m▀[38;2;44;88;92m▀[38;2;64;100;104m[48;2;20;72;72m▀[38;2;120;148;152m[48;2;12;64;64m▀[38;2;116;144;148m[48;2;16;64;68m▀[38;2;96;132;140m[48;2;20;64;64m▀[38;2;104;136;148m[48;2;16;64;64m▀[38;2;108;136;148m▀[38;2;100;132;144m▀[38;2;92;132;148m▀[38;2;96;132;144m▀[48;2;20;64;68m▀[38;2;96;132;140m▀▀[38;2;100;132;144m[48;2;20;68;68m▀[38;2;96;132;144m[48;2;20;64;68m▀[38;2;92;128;140m[48;2;16;64;60m▀[38;2;96;132;144m[48;2;20;64;60m▀[38;2;96;132;148m[48;2;16;64;60m▀[38;2;96;132;144m▀[38;2;100;136;144m▀▀▀[38;2;96;136;144m▀[38;2;100;136;144m▀[38;2;96;132;144m▀▀[38;2;100;132;144m[48;2;20;64;60m▀▀▀[48;2;16;64;60m▀[38;2;100;136;144m[48;2;16;60;60m▀[48;2;48;80;84m▀[38;2;132;172;192m[48;2;136;172;188m▀[38;2;144;188;212m[48;2;152;192;216m▀[38;2;140;184;208m[48;2;164;196;216m▀[38;2;152;188;212m[48;2;184;212;220m▀[38;2;176;204;220m[48;2;192;212;224m▀[38;2;176;200;220m[48;2;200;216;224m▀[38;2;148;188;212m[48;2;164;196;212m▀[38;2;148;188;216m[48;2;160;192;216m▀[48;2;156;192;216m▀[48;2;152;192;212m▀[38;2;152;188;212m[48;2;156;192;216m▀[38;2;152;192;216m▀[38;2;156;192;216m▀▀▀▀▀[38;2;160;192;216m[48;2;160;196;216m▀[48;2;164;196;216m▀[38;2;160;196;216m▀▀[0m
[38;2;192;212;224m[48;2;204;220;224m▀[38;2;200;216;224m[48;2;208;224;228m▀[38;2;188;212;220m[48;2;192;212;220m▀[38;2;164;192;212m[48;2;188;208;224m▀[38;2;172;200;220m[48;2;180;204;220m▀[38;2;184;208;220m[48;2;176;200;216m▀[38;2;180;204;216m[48;2;180;204;220m▀[38;2;184;208;220m[48;2;184;204;216m▀[38;2;188;212;224m▀[38;2;192;212;224m[48;2;184;208;220m▀[38;2;188;208;220m[48;2;180;204;216m▀[38;2;180;204;216m▀[38;2;176;200;216m[48;2;180;204;220m▀[38;2;144;184;208m[48;2;164;196;212m▀[38;2;128;176;208m[48;2;148;188;208m▀[38;2;128;176;212m[48;2;136;180;208m▀[48;2;128;176;212m▀[38;2;136;180;208m[48;2;132;176;208m▀[38;2;56;100;104m[48;2;56;100;108m▀[38;2;12;68;68m[48;2;16;68;68m▀[38;2;20;72;76m[48;2;20;72;76m▀▀▀▀▀▀▀▀▀▀[38;2;24;72;76m[48;2;20;72;72m▀[38;2;20;68;72m[48;2;20;68;72m▀[38;2;20;72;72m▀[38;2;24;72;72m[48;2;16;64;64m▀[38;2;24;68;72m[48;2;20;68;68m▀[48;2;20;68;72m▀[48;2;20;68;68m▀[38;2;20;68;72m[48;2;16;68;68m▀[38;2;24;72;72m▀[38;2;24;72;76m[48;2;20;68;72m▀▀[38;2;24;72;72m[48;2;20;72;68m▀[38;2;24;72;68m▀▀▀▀▀▀▀▀▀▀▀▀▀▀[48;2;24;72;68m▀[38;2;20;68;68m[48;2;20;68;64m▀[38;2;44;84;84m[48;2;44;80;80m▀[38;2;144;176;192m[48;2;172;192;200m▀[38;2;172;200;220m[48;2;204;220;228m▀[38;2;192;212;220m[48;2;192;212;220m▀[38;2;196;212;220m[48;2;200;216;224m▀[38;2;200;216;224m▀[38;2;208;224;224m[48;2;208;224;228m▀[38;2;204;220;224m[48;2;212;224;224m▀[38;2;200;216;228m[48;2;208;224;224m▀[38;2;188;208;220m[48;2;196;216;224m▀[38;2;156;192;212m[48;2;160;192;212m▀[38;2;156;192;216m[48;2;156;192;216m▀[38;2;160;196;216m[48;2;152;188;212m▀[38;2;156;196;216m[48;2;152;192;212m▀[38;2;160;196;216m[48;2;152;188;212m▀[48;2;160;192;216m▀[38;2;156;192;216m[48;2;164;200;220m▀[38;2;160;196;216m[48;2;152;188;212m▀[48;2;148;188;216m▀▀[38;2;160;192;216m▀[48;2;152;192;216m▀[0m
[38;2;208;220;220m[48;2;212;224;224m▀[38;2;196;212;220m[48;2;192;212;220m▀[38;2;180;204;216m[48;2;172;200;216m▀[38;2;176;204;216m[48;2;168;200;212m▀[38;2;172;200;212m[48;2;164;192;212m▀[48;2;160;192;208m▀[38;2;176;200;216m[48;2;168;196;212m▀[38;2;180;204;216m[48;2;172;200;212m▀[38;2;184;204;216m[48;2;176;200;216m▀[38;2;184;208;220m[48;2;180;204;216m▀[38;2;176;204;216m▀[48;2;176;204;216m▀[38;2;176;200;216m▀[38;2;176;200;212m[48;2;180;204;216m▀[38;2;164;192;212m[48;2;168;200;216m▀[38;2;152;188;212m[48;2;152;188;208m▀[38;2;132;176;208m[48;2;132;176;208m▀[38;2;132;180;204m[48;2;140;180;208m▀[38;2;52;96;104m[48;2;52;96;100m▀[38;2;16;68;68m[48;2;16;68;68m▀[38;2;20;72;76m[48;2;20;72;76m▀▀▀▀▀▀▀▀▀▀▀[38;2;20;68;68m[48;2;12;64;64m▀[38;2;20;68;72m[48;2;68;100;108m▀[38;2;52;92;96m[48;2;120;136;144m▀[38;2;20;68;68m[48;2;60;96;96m▀[48;2;12;64;60m▀[48;2;20;68;72m▀[48;2;20;68;68m▀▀[38;2;20;68;72m[48;2;20;68;72m▀[48;2;20;68;68m▀[38;2;20;68;68m▀[38;2;20;72;68m[48;2;20;72;68m▀▀▀▀▀▀▀▀▀▀▀▀▀▀[38;2;24;72;68m[48;2;24;72;68m▀[38;2;20;68;68m[48;2;16;68;68m▀[38;2;44;80;84m[48;2;40;80;80m▀[38;2;168;184;192m[48;2;172;192;200m▀[38;2;192;216;224m[48;2;200;216;228m▀[38;2;184;208;216m[48;2;184;208;216m▀[38;2;192;212;224m[48;2;176;204;216m▀[38;2;200;216;224m[48;2;188;212;224m▀[38;2;200;216;220m[48;2;188;208;220m▀[38;2;204;220;224m[48;2;188;212;220m▀[38;2;196;212;220m[48;2;184;208;220m▀▀[38;2;176;204;216m[48;2;180;208;220m▀[38;2;180;204;220m[48;2;168;200;216m▀[38;2;152;188;212m[48;2;148;188;212m▀[38;2;136;184;208m▀[38;2;140;184;208m[48;2;176;208;224m▀[38;2;184;208;224m[48;2;196;212;228m▀[38;2;208;220;228m[48;2;204;220;228m▀[38;2;192;216;224m[48;2;212;224;228m▀[38;2;172;200;220m[48;2;220;228;232m▀[38;2;144;188;212m[48;2;176;204;220m▀[38;2;140;188;212m[48;2;136;184;208m▀[48;2;140;188;216m▀[0m
[38;2;196;212;216m[48;2;132;148;148m▀[38;2;176;196;204m[48;2;136;152;160m▀[38;2;172;196;208m[48;2;124;144;152m▀[38;2;160;184;200m[48;2;140;160;168m▀[38;2;156;184;200m[48;2;148;168;172m▀[38;2;152;180;200m[48;2;124;144;152m▀[38;2;156;184;196m[48;2;116;136;152m▀[48;2;120;144;156m▀[38;2;156;180;196m[48;2;128;152;168m▀[38;2;160;188;200m[48;2;124;148;160m▀[38;2;164;188;200m[48;2;108;128;140m▀[48;2;116;140;152m▀[38;2;168;192;204m[48;2;116;136;152m▀[38;2;160;184;196m[48;2;140;160;172m▀[38;2;148;176;192m[48;2;144;164;176m▀[38;2;144;180;196m[48;2;124;140;156m▀[38;2;136;176;196m[48;2;120;140;152m▀[38;2;136;168;188m[48;2;140;156;164m▀[38;2;52;96;96m[48;2;56;92;100m▀[38;2;16;68;68m[48;2;12;68;72m▀[38;2;20;72;76m[48;2;20;72;76m▀▀▀▀▀▀▀▀▀▀[38;2;16;68;68m[48;2;24;72;72m▀[38;2;60;96;100m[48;2;60;96;100m▀[38;2;116;136;144m[48;2;96;116;124m▀[38;2;112;128;136m[48;2;116;132;140m▀[38;2;116;132;140m[48;2;88;116;120m▀[38;2;60;92;96m[48;2;60;96;96m▀[38;2;20;64;68m[48;2;20;68;64m▀[38;2;24;72;72m[48;2;20;64;68m▀[38;2;16;64;68m[48;2;64;100;104m▀[38;2;20;64;68m[48;2;40;76;84m▀[38;2;24;68;68m[48;2;20;64;68m▀[48;2;24;68;68m▀[38;2;20;72;68m[48;2;20;72;68m▀▀▀▀▀▀▀▀▀▀▀▀▀▀[38;2;24;72;68m[48;2;24;72;68m▀[38;2;20;68;64m[48;2;20;68;68m▀[38;2;44;80;84m[48;2;48;84;84m▀[38;2;156;176;184m[48;2;116;132;144m▀[38;2;176;196;208m[48;2;120;140;152m▀[48;2;104;124;132m▀[38;2;164;192;204m[48;2;108;128;132m▀[38;2;168;192;204m[48;2;116;132;144m▀[48;2;120;140;148m▀[38;2;168;192;200m[48;2;132;152;160m▀[38;2;168;192;204m[48;2;120;140;152m▀[38;2;172;196;208m[48;2;116;128;140m▀[38;2;180;200;212m[48;2;112;128;136m▀[38;2;164;188;204m[48;2;140;152;160m▀[38;2;164;192;208m[48;2;148;160;168m▀[38;2;180;204;216m[48;2;120;136;140m▀[38;2;184;204;212m[48;2;116;136;144m▀[38;2;184;200;208m[48;2;120;136;144m▀[38;2;188;204;212m[48;2;144;156;168m▀[38;2;192;208;216m[48;2;148;164;168m▀[38;2;204;216;220m[48;2;148;160;164m▀[38;2;200;216;220m[48;2;128;140;144m▀[38;2;164;192;212m[48;2;136;148;152m▀[38;2;172;200;212m[48;2;164;176;180m▀[0m
[38;2;172;184;188m[48;2;180;200;204m▀[38;2;188;204;208m[48;2;176;192;196m▀[38;2;152;168;176m[48;2;156;172;180m▀[48;2;132;152;164m▀[38;2;148;164;172m[48;2;120;148;160m▀[38;2;152;172;184m[48;2;136;160;172m▀[38;2;156;180;188m[48;2;144;168;180m▀[38;2;124;148;164m[48;2;132;156;168m▀[38;2;140;168;188m[48;2;108;128;144m▀[38;2;116;144;160m[48;2;136;164;176m▀[38;2;128;152;164m[48;2;144;164;176m▀[38;2;152;180;196m[48;2;164;184;196m▀[38;2;144;168;184m[48;2;160;184;196m▀[38;2;152;168;180m[48;2;136;160;172m▀[38;2;144;160;172m[48;2;136;156;168m▀[38;2;164;184;192m[48;2;148;164;172m▀[38;2;176;196;204m[48;2;168;184;192m▀[38;2;148;164;168m[48;2;144;160;164m▀[38;2;52;88;92m[48;2;48;84;88m▀[38;2;16;68;72m[48;2;16;68;72m▀[38;2;20;72;76m[48;2;20;72;76m▀▀▀▀▀▀▀▀▀▀[38;2;20;72;72m[48;2;20;72;72m▀[38;2;12;60;60m[48;2;16;64;68m▀[38;2;76;104;112m[48;2;80;108;116m▀[38;2;116;132;140m[48;2;116;132;140m▀[38;2;68;100;104m[48;2;68;100;104m▀[38;2;8;56;56m[48;2;44;84;88m▀[38;2;32;76;76m[48;2;108;128;132m▀[38;2;68;100;104m[48;2;88;112;116m▀[38;2;108;124;132m▀[38;2;112;132;140m[48;2;96;120;124m▀[38;2;56;88;96m[48;2;28;72;72m▀[38;2;16;68;64m[48;2;20;68;68m▀[38;2;24;72;68m[48;2;20;72;68m▀[38;2;20;72;68m▀▀▀▀▀▀▀▀▀▀▀▀▀[38;2;24;72;68m[48;2;24;72;68m▀[38;2;16;68;64m[48;2;16;68;64m▀[38;2;44;84;80m[48;2;44;84;80m▀[38;2;116;144;156m[48;2;104;128;140m▀[38;2;120;148;164m[48;2;116;144;156m▀[38;2;124;156;168m[48;2;140;168;184m▀[38;2;136;160;176m[48;2;128;152;164m▀[38;2;144;172;184m[48;2;144;168;176m▀[38;2;144;168;176m[48;2;160;180;188m▀[38;2;160;180;188m[48;2;124;140;148m▀[38;2;140;160;176m[48;2;144;160;172m▀[38;2;156;180;196m[48;2;160;180;188m▀[38;2;156;172;188m[48;2;148;164;176m▀[38;2;136;152;160m[48;2;112;128;140m▀[38;2;144;164;172m[48;2;136;156;168m▀[38;2;144;164;176m[48;2;168;188;200m▀[38;2;164;188;200m[48;2;168;184;196m▀[38;2;168;184;200m[48;2;180;200;204m▀[38;2;160;180;188m[48;2;188;200;208m▀[38;2;172;188;192m[48;2;132;148;156m▀[38;2;148;164;172m[48;2;148;164;168m▀[38;2;184;200;208m[48;2;184;200;204m▀[38;2;172;188;196m[48;2;160;176;184m▀[38;2;156;172;172m[48;2;148;164;168m▀[0m
[38;2;132;152;160m[48;2;128;148;160m▀[38;2;140;160;172m[48;2;124;148;160m▀[38;2;124;148;156m[48;2;104;128;140m▀[38;2;104;128;144m[48;2;116;144;160m▀[38;2;124;148;164m[48;2;116;144;156m▀[38;2;116;140;156m[48;2;124;148;160m▀[38;2;104;128;140m[48;2;124;152;164m▀[38;2;104;128;144m[48;2;128;152;164m▀[38;2;116;140;152m[48;2;124;148;164m▀[38;2;124;148;156m[48;2;124;152;164m▀[38;2;128;144;156m[48;2;120;140;152m▀[38;2;148;164;176m[48;2;124;148;160m▀[38;2;124;144;152m[48;2;120;144;160m▀[38;2;108;128;140m[48;2;124;148;164m▀[38;2;128;152;160m[48;2;116;140;156m▀[38;2;116;136;144m[48;2;128;152;164m▀[38;2;108;128;136m[48;2;132;156;168m▀[48;2;128;144;152m▀[38;2;52;88;92m[48;2;52;88;96m▀[38;2;16;68;72m[48;2;16;68;72m▀[38;2;20;72;76m[48;2;20;72;76m▀▀▀▀▀▀▀▀▀▀▀[38;2;16;68;68m[48;2;16;68;72m▀[38;2;80;108;112m[48;2;80;108;112m▀[38;2;112;128;136m[48;2;108;124;132m▀[38;2;88;112;120m[48;2;112;128;136m▀[38;2;100;124;132m[48;2;72;100;104m▀[38;2;68;96;100m[48;2;12;64;60m▀[38;2;12;60;60m[48;2;20;68;68m▀[38;2;36;80;84m▀[38;2;36;76;80m▀[38;2;16;64;64m▀[38;2;20;72;68m▀[48;2;20;72;68m▀▀▀▀▀▀▀▀▀▀▀▀▀▀[38;2;24;72;68m[48;2;24;72;68m▀[38;2;16;68;64m[48;2;16;68;64m▀[38;2;40;80;80m[48;2;44;84;84m▀[38;2;116;144;152m[48;2;120;144;156m▀[38;2;112;136;148m[48;2;124;156;172m▀[38;2;128;152;164m[48;2;124;144;160m▀[38;2;132;156;168m[48;2;120;140;152m▀[38;2;120;144;152m[48;2;116;136;148m▀[38;2;116;136;144m[48;2;136;156;164m▀[38;2;132;152;164m▀[38;2;124;140;148m[48;2;148;168;172m▀[38;2;116;132;140m[48;2;156;172;180m▀[38;2;124;144;148m[48;2;164;184;192m▀[38;2;132;148;160m[48;2;132;156;164m▀[38;2;120;140;148m[48;2;132;152;160m▀[38;2;136;156;168m[48;2;140;160;172m▀[38;2;144;164;176m[48;2;148;164;176m▀[38;2;132;148;160m[48;2;136;152;164m▀[38;2;124;140;148m[48;2;136;156;164m▀[38;2;136;152;156m[48;2;148;164;172m▀[38;2;120;136;144m[48;2;148;168;176m▀[38;2;112;128;136m[48;2;168;188;196m▀[38;2;132;144;152m[48;2;180;200;208m▀[38;2;152;168;172m[48;2;168;184;196m▀[0m
[38;2;108;136;152m[48;2;104;132;152m▀[48;2;108;136;156m▀[38;2;108;132;148m[48;2;88;112;132m▀[38;2;116;144;160m[48;2;104;132;152m▀[38;2;116;140;156m[48;2;112;136;156m▀[38;2;120;144;160m[48;2;108;136;156m▀[38;2;116;144;164m[48;2;104;136;156m▀[38;2;116;144;156m▀[48;2;112;136;152m▀[38;2;112;140;156m[48;2;104;128;144m▀[38;2;108;132;148m[48;2;92;116;132m▀[38;2;116;144;156m[48;2;112;140;152m▀[38;2;120;144;160m[48;2;108;136;152m▀[38;2;116;144;156m[48;2;108;136;156m▀[38;2;112;140;156m[48;2;108;140;156m▀[48;2;108;136;156m▀[38;2;116;136;152m[48;2;108;136;152m▀[38;2;112;132;144m[48;2;100;124;136m▀[38;2;52;92;92m[48;2;52;88;88m▀[38;2;16;68;72m[48;2;16;68;72m▀[38;2;20;72;76m[48;2;20;72;76m▀▀▀▀▀▀▀▀▀▀▀[38;2;16;68;72m[48;2;16;68;72m▀[38;2;76;108;112m[48;2;76;108;112m▀[38;2;108;124;132m[48;2;112;124;132m▀[38;2;104;124;132m[48;2;100;120;124m▀[38;2;40;76;80m[48;2;36;72;76m▀[38;2;20;68;68m[48;2;24;68;68m▀[38;2;24;68;68m[48;2;24;68;72m▀[48;2;24;68;68m▀▀[38;2;20;68;68m[48;2;20;68;68m▀[38;2;20;72;68m[48;2;20;72;68m▀▀▀▀▀▀▀▀▀▀▀▀▀▀▀[38;2;24;72;68m[48;2;24;72;68m▀[38;2;20;68;68m[48;2;20;68;68m▀[38;2;44;84;84m[48;2;44;84;84m▀[38;2;112;136;148m[48;2;116;148;160m▀[38;2;108;140;160m[48;2;116;152;172m▀[38;2;112;144;160m[48;2;120;156;176m▀[38;2;108;132;148m[48;2;116;144;164m▀[38;2;116;136;148m[48;2;120;144;160m▀[38;2;128;152;160m[48;2;132;164;172m▀[38;2;128;148;156m[48;2;136;164;176m▀[38;2;128;144;156m[48;2;144;168;180m▀[38;2;128;148;156m[48;2;144;172;184m▀[38;2;132;152;156m[48;2;148;172;188m▀[38;2;120;140;148m[48;2;148;168;180m▀[38;2;120;136;148m[48;2;140;164;176m▀[38;2;120;140;152m[48;2;136;164;180m▀[38;2;120;140;148m▀[38;2;128;144;156m[48;2;144;168;184m▀[38;2;128;148;156m[48;2;140;168;184m▀[38;2;120;140;148m[48;2;144;172;188m▀[38;2;112;128;140m[48;2;136;164;176m▀[38;2;128;144;156m[48;2;144;172;180m▀[38;2;136;152;160m[48;2;164;184;196m▀[38;2;136;152;156m▀[0m
[38;2;96;120;140m[48;2;88;116;136m▀[38;2;104;136;152m[48;2;96;132;148m▀[38;2;68;92;100m[48;2;68;88;104m▀[38;2;92;116;136m[48;2;88;112;132m▀[38;2;104;132;152m[48;2;96;128;148m▀[38;2;96;124;140m[48;2;92;124;144m▀[48;2;92;120;140m▀[38;2;100;128;148m[48;2;96;124;148m▀[38;2;104;132;148m[48;2;96;128;148m▀[38;2;96;124;136m[48;2;88;116;132m▀[38;2;68;88;100m[48;2;68;88;100m▀[38;2;96;124;136m[48;2;92;120;136m▀[38;2;100;128;144m[48;2;96;124;136m▀[38;2;108;132;148m[48;2;100;128;144m▀[38;2;108;132;144m[48;2;100;128;148m▀[38;2;104;132;148m▀[38;2;104;132;152m[48;2;96;128;152m▀[38;2;84;104;112m[48;2;80;104;116m▀[38;2;48;84;88m[48;2;52;84;88m▀[38;2;20;68;72m[48;2;16;68;72m▀[38;2;20;72;76m[48;2;20;72;76m▀▀▀▀▀[38;2;20;72;72m[48;2;20;72;72m▀▀[38;2;20;72;76m[48;2;20;72;76m▀▀▀▀[38;2;16;68;68m[48;2;16;68;68m▀[38;2;76;108;108m[48;2;76;104;108m▀[38;2;112;124;132m[48;2;112;128;136m▀[38;2;100;120;128m[48;2;104;124;128m▀[38;2;36;76;76m[48;2;36;76;76m▀[38;2;24;68;68m[48;2;24;68;68m▀[38;2;24;68;72m[48;2;20;68;68m▀[38;2;20;68;68m▀[38;2;20;68;72m[48;2;20;68;72m▀[38;2;20;68;68m[48;2;20;68;68m▀[38;2;20;72;68m▀[48;2;20;72;68m▀▀▀▀▀▀▀▀▀▀▀▀▀▀[38;2;24;72;68m[48;2;24;72;68m▀[38;2;20;68;64m[48;2;20;68;64m▀[38;2;44;84;80m[48;2;44;84;84m▀[38;2;112;132;144m[48;2;112;132;144m▀[38;2;108;132;144m[48;2;112;132;148m▀[38;2;104;136;148m[48;2;120;144;156m▀[38;2;72;92;108m[48;2;76;92;100m▀[38;2;92;116;124m[48;2;92;112;124m▀[38;2;112;140;152m[48;2;104;132;152m▀[38;2;112;136;148m[48;2;96;128;148m▀[38;2;112;136;152m[48;2;104;132;148m▀[38;2;104;128;144m[48;2;100;124;136m▀[38;2;108;132;148m[48;2;104;128;140m▀[38;2;80;96;104m[48;2;68;88;100m▀[38;2;100;120;124m[48;2;92;112;124m▀[38;2;112;136;152m[48;2;108;132;152m▀[38;2;104;128;144m[48;2;104;124;132m▀[38;2;104;128;140m[48;2;100;120;136m▀[38;2;108;136;148m[48;2;104;132;152m▀[38;2;112;132;152m[48;2;108;128;148m▀[38;2;80;96;112m[48;2;64;80;88m▀[38;2;108;128;140m[48;2;92;112;120m▀[38;2;116;140;152m[48;2;104;128;144m▀[38;2;120;144;156m▀[0m
[38;2;80;112;132m[48;2;84;100;108m▀[38;2;92;120;140m[48;2;92;108;116m▀[38;2;64;84;96m[48;2;64;76;84m▀[38;2;84;112;128m[48;2;88;100;108m▀[38;2;96;124;144m[48;2;92;112;120m▀[38;2;92;120;136m[48;2;92;108;116m▀[38;2;96;120;136m▀[38;2;104;132;144m[48;2;100;116;124m▀[38;2;104;128;148m[48;2;104;120;128m▀[38;2;92;116;124m[48;2;84;100;104m▀[38;2;68;88;92m[48;2;72;84;84m▀[38;2;92;116;128m[48;2;96;112;116m▀[38;2;92;120;132m[48;2;92;108;116m▀[38;2;96;120;136m[48;2;96;112;116m▀[38;2;92;120;132m[48;2;100;112;120m▀[38;2;92;120;136m[48;2;92;108;116m▀[38;2;92;120;140m[48;2;92;108;120m▀[38;2;80;100;112m[48;2;80;92;100m▀[38;2;48;84;88m[48;2;56;88;92m▀[38;2;16;68;72m[48;2;20;72;72m▀[38;2;20;72;76m[48;2;20;72;76m▀[48;2;20;68;72m▀▀▀[48;2;16;68;72m▀[48;2;20;68;72m▀▀▀▀▀▀[38;2;16;68;72m▀[38;2;68;100;100m[48;2;24;72;68m▀[38;2;96;116;120m▀[38;2;84;112;116m[48;2;24;68;68m▀[38;2;36;72;72m▀[38;2;24;64;68m[48;2;20;68;68m▀[38;2;24;68;68m▀[38;2;20;68;68m[48;2;20;68;64m▀[48;2;20;64;68m▀[38;2;24;68;68m[48;2;20;68;68m▀[38;2;24;68;72m▀[38;2;20;68;68m▀[38;2;20;72;68m▀[48;2;20;72;68m▀▀▀▀[48;2;20;68;68m▀▀▀[48;2;20;72;68m▀▀▀[38;2;24;72;68m[48;2;20;68;68m▀[48;2;20;72;68m▀▀[38;2;20;68;68m[48;2;16;68;64m▀[38;2;44;84;84m[48;2;44;84;88m▀[38;2;116;136;140m[48;2;108;124;128m▀[38;2;120;136;148m[48;2;108;120;128m▀[38;2;124;140;152m[48;2;112;124;132m▀[38;2;80;92;100m[48;2;72;80;88m▀[38;2;88;112;124m[48;2;88;104;104m▀[38;2;104;136;148m[48;2;108;120;132m▀[38;2;104;132;148m[48;2;96;112;124m▀[38;2;108;132;152m[48;2;100;120;128m▀[38;2;100;124;140m[48;2;92;112;120m▀[48;2;96;116;124m▀[38;2;68;88;100m[48;2;68;80;84m▀[38;2;92;112;128m[48;2;92;104;112m▀[38;2;104;132;152m[48;2;112;132;140m▀[38;2;104;128;140m[48;2;104;124;132m▀[38;2;104;124;136m[48;2;80;92;96m▀[38;2;108;128;144m[48;2;84;92;96m▀[38;2;100;120;132m[48;2;68;80;80m▀[38;2;64;80;88m[48;2;60;68;72m▀[38;2;100;116;120m[48;2;72;84;84m▀[38;2;104;124;136m[48;2;68;80;76m▀[38;2;108;128;148m[48;2;76;88;88m▀[0m
[38;2;68;76;72m[48;2;64;72;72m▀[38;2;68;76;76m[48;2;68;76;72m▀[38;2;72;80;80m[48;2;72;80;76m▀[38;2;68;76;72m[48;2;64;72;68m▀[48;2;64;72;72m▀[38;2;68;76;76m[48;2;68;72;72m▀▀[48;2;68;76;72m▀[38;2;64;76;72m▀[38;2;68;76;76m[48;2;72;76;76m▀[38;2;72;80;80m[48;2;72;80;76m▀[38;2;68;76;72m[48;2;68;72;72m▀▀[48;2;68;72;68m▀[38;2;68;76;76m[48;2;64;72;68m▀[38;2;68;72;72m[48;2;68;72;68m▀[38;2;68;72;68m[48;2;64;68;68m▀[38;2;68;80;76m[48;2;68;76;72m▀[38;2;68;92;96m[48;2;64;72;72m▀[38;2;76;100;100m[48;2;72;76;72m▀[48;2;80;80;76m▀[38;2;68;92;92m[48;2;76;80;76m▀[48;2;84;88;80m▀[48;2;76;80;72m▀[38;2;64;92;92m[48;2;68;72;68m▀[38;2;64;88;88m[48;2;68;76;72m▀[38;2;64;88;92m[48;2;64;68;68m▀[48;2;64;68;64m▀[38;2;64;88;88m▀[38;2;64;84;88m[48;2;64;68;68m▀[38;2;60;88;84m[48;2;68;68;68m▀[38;2;64;88;88m[48;2;64;68;64m▀[38;2;64;88;92m[48;2;64;68;68m▀[38;2;64;88;88m[48;2;68;72;72m▀[48;2;64;68;64m▀[38;2;64;88;92m[48;2;68;72;68m▀[38;2;64;92;92m[48;2;64;68;68m▀[38;2;64;88;88m▀▀▀[38;2;64;88;92m[48;2;68;72;72m▀[48;2;68;72;68m▀[48;2;64;68;68m▀[48;2;68;72;68m▀[38;2;68;92;92m[48;2;76;76;72m▀[38;2;64;92;92m[48;2;72;76;72m▀[48;2;68;68;68m▀▀[38;2;64;88;92m[48;2;68;72;72m▀[38;2;64;88;88m[48;2;64;68;68m▀[38;2;60;88;88m▀[48;2;64;72;68m▀[38;2;64;88;88m[48;2;68;72;72m▀▀[48;2;68;72;68m▀[38;2;64;88;92m[48;2;72;76;72m▀[48;2;68;80;72m▀[38;2;64;92;92m[48;2;72;76;72m▀[38;2;68;92;92m▀[38;2;68;80;80m[48;2;68;76;76m▀[38;2;72;80;80m[48;2;72;80;76m▀[38;2;76;84;80m[48;2;72;76;72m▀[38;2;72;80;80m[48;2;76;80;76m▀[38;2;76;84;80m[48;2;76;84;80m▀[48;2;72;80;76m▀[38;2;72;80;76m[48;2;76;80;76m▀[38;2;80;84;84m▀[38;2;80;88;84m[48;2;84;84;76m▀[38;2;76;96;96m[48;2;80;96;92m▀[38;2;64;96;96m[48;2;60;96;100m▀[38;2;68;100;104m[48;2;60;96;96m▀[38;2;68;104;104m[48;2;48;92;92m▀[38;2;64;100;100m[48;2;60;96;100m▀[38;2;48;84;88m[48;2;40;88;84m▀[38;2;64;96;96m[48;2;64;104;108m▀[38;2;68;96;96m[48;2;60;100;100m▀[38;2;64;96;100m[48;2;64;104;104m▀[38;2;68;100;100m[48;2;72;112;112m▀[38;2;64;92;92m[48;2;60;104;104m▀[38;2;72;92;92m[48;2;68;96;100m▀[0m
[38;2;40;48;44m[48;2;36;52;48m▀[38;2;40;48;48m▀[48;2;36;48;44m▀[38;2;40;48;44m▀[48;2;32;44;36m▀[38;2;44;48;48m[48;2;32;44;40m▀[38;2;40;48;48m[48;2;36;44;44m▀[48;2;32;40;40m▀[48;2;36;40;40m▀[48;2;32;40;40m▀[38;2;40;48;44m▀[48;2;32;44;40m▀[48;2;36;44;40m▀[38;2;40;48;48m▀[48;2;32;44;40m▀[38;2;40;48;44m[48;2;36;44;40m▀[48;2;32;44;40m▀[48;2;36;44;40m▀[38;2;36;48;44m[48;2;32;44;40m▀[38;2;36;44;44m[48;2;32;40;40m▀[38;2;40;48;44m[48;2;36;40;40m▀[48;2;32;36;36m▀[38;2;40;48;48m▀[38;2;36;44;44m[48;2;32;40;36m▀[38;2;40;44;44m[48;2;32;40;40m▀▀[48;2;32;36;36m▀▀▀▀▀[38;2;40;48;44m[48;2;32;40;40m▀▀[48;2;32;36;40m▀[38;2;40;48;48m[48;2;32;40;36m▀[38;2;40;48;44m[48;2;32;40;40m▀[38;2;40;44;44m[48;2;32;36;40m▀[38;2;40;44;48m▀[38;2;40;44;44m[48;2;32;36;36m▀[48;2;28;32;36m▀[38;2;44;48;48m[48;2;32;36;40m▀[38;2;40;48;48m[48;2;32;40;40m▀[48;2;32;36;40m▀[48;2;32;36;36m▀[48;2;28;32;36m▀[38;2;40;44;48m▀▀[38;2;40;48;48m[48;2;28;36;36m▀▀▀[38;2;40;44;44m[48;2;32;36;36m▀▀[48;2;28;32;32m▀▀[48;2;28;32;36m▀[38;2;40;48;48m▀[38;2;40;48;44m▀[38;2;44;52;52m[48;2;28;36;36m▀[38;2;44;48;48m[48;2;28;32;32m▀[48;2;32;36;36m▀[38;2;44;48;52m[48;2;28;36;36m▀[38;2;44;48;48m[48;2;28;32;32m▀[38;2;44;52;52m[48;2;32;32;36m▀[38;2;48;52;52m[48;2;32;36;40m▀[48;2;28;32;36m▀[48;2;28;36;36m▀[38;2;44;52;52m[48;2;32;40;40m▀[38;2;48;52;52m[48;2;28;36;36m▀[48;2;28;32;32m▀[38;2;44;52;52m▀[38;2;40;52;52m[48;2;32;32;36m▀[38;2;44;52;56m▀[38;2;48;52;56m[48;2;28;32;32m▀[38;2;52;56;60m[48;2;28;32;36m▀[38;2;48;56;56m[48;2;32;36;36m▀[38;2;44;52;52m▀[48;2;32;36;40m▀[38;2;44;56;56m[48;2;32;40;40m▀[38;2;48;56;56m▀[38;2;52;64;60m[48;2;28;40;36m▀[0m
[38;2;44;64;60m[48;2;40;56;52m▀[48;2;36;52;52m▀[38;2;44;60;56m[48;2;40;52;48m▀[38;2;44;56;56m[48;2;36;52;48m▀[38;2;40;52;48m[48;2;40;48;48m▀[38;2;40;56;48m[48;2;36;48;48m▀[38;2;40;52;52m[48;2;40;52;48m▀[38;2;36;48;44m[48;2;40;48;48m▀[38;2;40;44;44m[48;2;40;48;52m▀[38;2;36;44;44m[48;2;36;48;48m▀[38;2;36;48;44m▀[38;2;40;52;48m▀[38;2;40;52;52m[48;2;36;48;44m▀[38;2;40;48;48m▀[38;2;36;40;40m▀[48;2;36;44;40m▀[38;2;36;48;44m▀[48;2;36;44;44m▀[38;2;36;44;44m▀[38;2;36;44;40m▀[38;2;32;44;40m[48;2;32;44;40m▀[38;2;36;40;40m[48;2;36;44;44m▀[38;2;36;44;40m[48;2;36;44;40m▀[38;2;36;44;44m[48;2;36;40;40m▀[38;2;36;40;40m[48;2;32;40;36m▀▀[48;2;32;40;40m▀▀[38;2;32;40;40m[48;2;32;36;36m▀[38;2;32;36;36m▀[48;2;32;40;40m▀[38;2;32;36;40m[48;2;36;36;40m▀[48;2;32;36;40m▀▀[38;2;32;36;36m[48;2;32;40;40m▀[38;2;32;40;40m▀[38;2;36;44;44m▀[38;2;32;40;40m[48;2;32;36;36m▀[38;2;32;36;36m▀[38;2;28;32;36m▀[48;2;28;36;36m▀[38;2;32;36;36m[48;2;32;36;40m▀[48;2;36;36;40m▀[48;2;32;36;40m▀▀[38;2;28;32;36m[48;2;28;36;36m▀[48;2;32;36;40m▀▀▀[38;2;28;32;32m[48;2;32;36;36m▀[48;2;32;40;40m▀[38;2;36;40;40m[48;2;36;44;44m▀[48;2;32;44;44m▀[38;2;28;36;36m[48;2;32;40;40m▀[38;2;28;32;36m[48;2;32;36;40m▀[38;2;32;36;36m▀[38;2;32;36;40m▀▀[48;2;32;40;40m▀[48;2;32;36;40m▀[38;2;32;36;36m[48;2;32;40;40m▀[38;2;32;32;36m[48;2;32;36;40m▀[38;2;32;36;36m[48;2;36;40;40m▀▀[38;2;28;36;36m[48;2;32;40;40m▀[38;2;36;40;40m[48;2;36;44;44m▀[38;2;40;48;48m[48;2;36;48;48m▀[38;2;32;44;40m▀[38;2;36;40;36m[48;2;36;48;44m▀[38;2;32;36;40m▀[38;2;36;40;40m[48;2;40;48;44m▀▀[38;2;36;40;44m[48;2;40;48;48m▀[38;2;36;44;44m[48;2;40;52;52m▀[38;2;36;40;44m[48;2;40;48;48m▀[38;2;36;40;40m[48;2;40;44;44m▀[38;2;36;44;44m[48;2;40;48;48m▀[38;2;36;48;44m[48;2;44;56;52m▀[38;2;44;56;48m[48;2;40;56;52m▀[38;2;44;52;48m[48;2;44;56;56m▀[0m
[38;2;56;64;64m[48;2;56;64;60m▀[38;2;36;40;44m[48;2;28;36;32m▀[38;2;28;28;32m[48;2;12;16;16m▀[38;2;24;28;32m[48;2;8;16;16m▀[38;2;24;28;28m[48;2;8;12;12m▀[38;2;28;28;32m[48;2;8;8;12m▀[38;2;28;32;32m▀[38;2;28;32;36m[48;2;8;12;12m▀▀[38;2;24;32;32m▀[38;2;28;32;36m[48;2;8;8;12m▀[48;2;8;12;16m▀▀[48;2;8;12;12m▀[38;2;28;36;36m[48;2;8;12;16m▀[38;2;32;32;36m▀[38;2;28;36;36m[48;2;8;16;16m▀▀[38;2;32;36;36m▀[38;2;32;36;40m[48;2;8;12;16m▀[38;2;28;36;40m▀[38;2;28;32;40m[48;2;8;16;16m▀[38;2;32;32;36m[48;2;8;12;16m▀[38;2;28;32;36m[48;2;8;12;12m▀[38;2;32;36;36m[48;2;8;12;16m▀▀[38;2;28;32;36m▀[38;2;32;36;40m[48;2;8;16;16m▀[38;2;28;32;36m[48;2;16;20;24m▀[48;2;20;24;28m▀▀[48;2;20;28;32m▀[48;2;24;28;32m▀▀[48;2;24;32;32m▀[48;2;24;28;32m▀[38;2;28;32;32m▀[38;2;28;32;36m▀[38;2;28;32;32m[48;2;28;32;36m▀[48;2;28;28;36m▀[38;2;28;32;36m[48;2;28;32;32m▀[38;2;28;36;36m[48;2;28;32;36m▀[38;2;28;36;40m▀[38;2;28;32;40m▀[38;2;28;36;36m▀[38;2;28;32;36m▀▀[38;2;32;36;40m[48;2;28;28;36m▀[38;2;28;36;36m[48;2;24;32;36m▀[38;2;32;36;36m[48;2;28;32;36m▀[38;2;32;36;40m▀[38;2;28;36;36m▀[38;2;28;32;36m[48;2;28;32;40m▀[48;2;28;32;36m▀▀▀▀▀[48;2;28;36;36m▀[48;2;28;32;36m▀▀▀▀▀[38;2;28;32;32m▀[38;2;28;32;36m▀▀▀[48;2;28;36;40m▀[48;2;28;36;36m▀[48;2;28;36;40m▀[38;2;28;32;32m[48;2;28;32;36m▀[38;2;28;36;36m[48;2;28;36;40m▀[38;2;28;32;36m[48;2;28;32;36m▀[48;2;24;32;32m▀[48;2;24;32;36m▀[38;2;28;36;36m[48;2;28;32;36m▀[38;2;28;32;36m▀[38;2;28;32;32m▀[48;2;28;36;36m▀[0m
[38;2;140;144;152m[48;2;240;255;255m▀[38;2;132;136;144m[48;2;248;255;255m▀[38;2;124;132;136m[48;2;252;255;255m▀[38;2;128;132;136m[48;2;255;255;255m▀▀▀[38;2;124;132;136m▀[38;2;124;128;132m▀[38;2;124;132;132m▀[38;2;128;132;132m▀▀[38;2;128;132;136m▀▀[38;2;128;132;132m▀[38;2;128;132;136m▀▀[38;2;132;132;136m▀[38;2;132;136;136m▀[38;2;128;136;136m▀[38;2;132;136;136m▀▀▀▀[38;2;132;132;136m▀[38;2;132;136;136m▀[38;2;132;132;136m▀▀[38;2;124;128;128m▀[38;2;80;88;88m[48;2;132;140;144m▀[38;2;52;56;60m[48;2;80;88;92m▀[38;2;48;56;60m[48;2;72;88;92m▀[48;2;64;80;88m▀[38;2;36;48;52m[48;2;52;68;76m▀[38;2;36;48;48m[48;2;44;64;64m▀▀[38;2;36;44;52m[48;2;52;68;68m▀[38;2;40;52;52m[48;2;52;72;72m▀[48;2;68;88;84m▀[38;2;32;44;44m[48;2;48;68;64m▀[38;2;32;44;48m[48;2;40;60;60m▀[38;2;32;44;44m[48;2;32;52;48m▀[38;2;28;40;40m[48;2;28;44;44m▀[48;2;28;48;44m▀[38;2;28;36;36m[48;2;28;44;40m▀[38;2;24;36;36m[48;2;24;44;36m▀[38;2;28;40;40m[48;2;28;48;40m▀[38;2;32;44;40m[48;2;36;56;44m▀[38;2;32;40;40m▀[38;2;28;40;36m[48;2;36;52;40m▀[48;2;32;48;36m▀[38;2;32;40;36m[48;2;28;48;36m▀[38;2;28;36;36m[48;2;20;44;32m▀[38;2;20;32;32m[48;2;12;32;32m▀[38;2;16;28;32m[48;2;4;24;28m▀[38;2;24;32;40m[48;2;20;32;40m▀[38;2;20;20;28m[48;2;8;8;20m▀[38;2;16;20;24m[48;2;0;4;12m▀▀[38;2;16;20;28m▀[48;2;0;0;12m▀[38;2;16;16;24m[48;2;0;0;8m▀▀▀▀[38;2;16;20;24m[48;2;0;0;4m▀[38;2;16;16;24m▀▀[38;2;16;16;20m▀▀▀[38;2;16;20;24m[48;2;0;0;0m▀[48;2;0;0;4m▀[38;2;16;20;20m▀[38;2;16;16;20m[48;2;0;0;8m▀[38;2;20;20;28m[48;2;16;16;28m▀[38;2;20;24;28m[48;2;20;20;24m▀[38;2;24;28;32m[48;2;28;28;36m▀[38;2;32;32;40m[48;2;32;32;44m▀[38;2;16;20;28m[48;2;0;0;8m▀[38;2;16;20;24m[48;2;4;4;12m▀[0m
[38;2;236;248;252m[48;2;248;252;255m▀▀[38;2;240;252;252m[48;2;252;255;255m▀[38;2;244;252;252m▀▀▀▀[48;2;248;255;255m▀[48;2;252;255;255m▀[48;2;255;255;255m▀[38;2;248;252;252m▀[38;2;252;252;252m▀▀▀▀▀▀▀▀▀[48;2;252;255;255m▀[48;2;248;255;255m▀[38;2;248;252;252m[48;2;248;252;255m▀[48;2;244;252;255m▀[48;2;240;248;252m▀[48;2;244;252;255m▀[38;2;240;244;244m[48;2;200;208;212m▀[38;2;216;224;228m[48;2;144;156;160m▀[38;2;120;128;132m[48;2;112;124;128m▀[38;2;60;68;72m[48;2;60;72;76m▀[38;2;68;80;88m▀[38;2;64;80;88m[48;2;48;64;68m▀[38;2;40;56;64m[48;2;40;52;60m▀[38;2;40;52;56m[48;2;40;48;56m▀[38;2;60;72;72m[48;2;44;60;64m▀[38;2;52;64;68m[48;2;40;52;52m▀[38;2;52;68;64m[48;2;36;52;48m▀[38;2;88;108;104m[48;2;44;64;60m▀[38;2;52;72;68m[48;2;40;56;52m▀[38;2;44;60;52m[48;2;32;48;40m▀[38;2;28;48;40m[48;2;24;48;32m▀[38;2;32;52;40m[48;2;24;44;32m▀[38;2;32;48;40m[48;2;24;40;32m▀[38;2;32;48;36m[48;2;24;44;32m▀[38;2;32;44;36m[48;2;24;40;28m▀[38;2;28;48;36m▀[38;2;32;52;36m▀[38;2;32;52;40m▀[38;2;36;52;44m[48;2;28;40;28m▀[38;2;36;48;40m[48;2;28;44;32m▀[38;2;28;44;32m[48;2;24;40;28m▀[38;2;24;36;32m[48;2;16;32;28m▀[38;2;20;36;36m[48;2;16;28;28m▀[38;2;0;20;20m[48;2;4;20;20m▀[38;2;16;32;32m[48;2;16;28;28m▀[38;2;8;16;24m▀[38;2;0;4;12m[48;2;4;12;16m▀[48;2;4;8;12m▀[38;2;0;4;8m[48;2;0;4;8m▀[38;2;0;0;8m[48;2;0;0;4m▀▀▀▀[38;2;0;0;4m▀[48;2;0;0;0m▀▀[38;2;0;0;0m▀▀[38;2;0;0;4m▀[38;2;0;0;0m▀▀▀[38;2;0;0;4m[48;2;0;0;4m▀[38;2;4;4;12m[48;2;4;4;12m▀[38;2;24;24;36m[48;2;24;24;28m▀[38;2;28;28;32m[48;2;32;32;44m▀[38;2;28;28;36m[48;2;24;24;36m▀[38;2;28;28;40m[48;2;32;32;40m▀[38;2;0;0;12m[48;2;12;12;24m▀[38;2;16;16;24m[48;2;16;16;24m▀[0m
[38;2;255;255;255m[48;2;248;252;255m▀[38;2;255;252;255m[48;2;248;255;255m▀[38;2;252;252;255m[48;2;252;252;255m▀[38;2;252;255;255m▀▀▀▀▀[38;2;255;255;255m▀[48;2;248;252;255m▀▀▀[48;2;244;248;255m▀[48;2;244;252;255m▀▀[38;2;252;255;255m▀▀[48;2;248;252;255m▀[48;2;248;255;255m▀[38;2;252;252;255m[48;2;244;252;255m▀[38;2;248;252;255m[48;2;244;255;255m▀[38;2;244;252;255m▀[38;2;240;252;252m[48;2;244;252;255m▀[38;2;236;248;248m[48;2;240;248;252m▀[38;2;232;244;244m[48;2;236;244;248m▀[38;2;244;255;255m▀[38;2;172;180;184m[48;2;180;192;192m▀[38;2;92;104;108m[48;2;76;88;96m▀[38;2;104;120;120m[48;2;104;120;128m▀[38;2;64;80;84m[48;2;72;88;96m▀[38;2;48;64;64m[48;2;40;56;56m▀[38;2;40;56;60m[48;2;36;52;52m▀[38;2;36;48;56m[48;2;36;48;52m▀[38;2;40;48;56m[48;2;32;40;48m▀[38;2;36;44;52m[48;2;28;44;44m▀[38;2;32;44;44m[48;2;44;56;52m▀[38;2;44;60;56m[48;2;48;60;60m▀[38;2;40;56;52m[48;2;28;48;40m▀[38;2;24;44;36m[48;2;16;36;28m▀[38;2;16;32;24m[48;2;12;28;24m▀[38;2;12;32;24m[48;2;8;28;24m▀[38;2;12;32;20m[48;2;12;28;24m▀[38;2;16;32;24m▀[38;2;20;36;28m[48;2;16;28;24m▀[38;2;28;44;32m[48;2;20;36;28m▀[38;2;24;40;32m[48;2;28;40;32m▀[38;2;20;36;24m[48;2;24;36;24m▀[38;2;16;32;20m[48;2;16;32;20m▀[38;2;20;32;20m▀[48;2;20;28;20m▀▀[38;2;16;24;20m[48;2;16;24;20m▀[38;2;12;20;16m[48;2;4;16;8m▀[38;2;4;16;12m[48;2;0;8;0m▀[38;2;16;32;24m[48;2;12;20;16m▀[38;2;20;28;28m[48;2;16;24;20m▀[38;2;8;12;20m[48;2;0;8;16m▀[48;2;8;16;20m▀[38;2;4;8;12m[48;2;4;8;12m▀[38;2;0;0;8m[48;2;0;0;4m▀[38;2;0;0;4m[48;2;4;0;4m▀[38;2;0;0;8m[48;2;0;0;4m▀▀[38;2;0;0;4m▀[38;2;0;0;0m[48;2;0;0;0m▀▀▀▀[48;2;0;0;4m▀[48;2;0;0;0m▀▀[48;2;0;0;4m▀[38;2;4;4;8m[48;2;8;12;12m▀[38;2;16;16;24m[48;2;12;12;16m▀▀[38;2;32;32;40m[48;2;24;20;32m▀[38;2;24;24;32m[48;2;8;8;16m▀[38;2;28;28;40m[48;2;28;24;36m▀[38;2;16;16;24m[48;2;16;16;28m▀[38;2;12;12;24m[48;2;20;20;32m▀[0m
[38;2;240;244;248m[48;2;236;240;248m▀[38;2;248;252;255m▀[38;2;252;255;255m[48;2;232;244;248m▀[38;2;248;252;255m[48;2;232;244;252m▀[48;2;236;244;252m▀[38;2;244;248;255m[48;2;236;240;252m▀[38;2;236;240;248m[48;2;228;236;248m▀[38;2;232;240;244m[48;2;224;232;244m▀[38;2;228;236;244m[48;2;224;236;244m▀[48;2;228;244;252m▀[38;2;232;240;248m[48;2;232;244;252m▀[48;2;232;248;255m▀[38;2;232;244;252m[48;2;236;248;255m▀[38;2;236;244;252m▀[38;2;240;248;255m[48;2;232;244;252m▀[48;2;236;244;252m▀[38;2;244;252;255m[48;2;232;244;252m▀[48;2;232;240;248m▀[48;2;228;236;244m▀[38;2;244;252;252m▀[38;2;244;252;255m[48;2;228;240;248m▀[38;2;240;252;252m[48;2;228;240;244m▀[38;2;240;248;252m[48;2;228;236;244m▀[38;2;232;240;248m[48;2;224;236;240m▀[38;2;232;236;244m[48;2;220;232;236m▀[38;2;236;244;252m[48;2;184;192;200m▀[38;2;176;184;192m[48;2;132;140;148m▀[38;2;80;92;104m[48;2;84;96;108m▀[38;2;60;76;84m[48;2;52;68;76m▀[38;2;56;72;80m[48;2;44;60;64m▀[38;2;44;60;64m[48;2;40;56;60m▀[38;2;32;48;52m[48;2;32;48;52m▀[38;2;36;48;52m[48;2;24;40;40m▀[38;2;32;40;44m[48;2;28;36;40m▀[38;2;32;44;44m[48;2;40;52;52m▀[38;2;44;56;48m[48;2;40;52;48m▀[38;2;36;52;44m[48;2;24;36;32m▀[38;2;24;40;36m[48;2;16;32;28m▀[38;2;16;32;28m[48;2;12;24;24m▀[38;2;12;24;20m[48;2;8;20;16m▀[38;2;8;24;20m[48;2;4;16;16m▀[48;2;4;16;12m▀[38;2;12;24;24m[48;2;8;16;16m▀[38;2;8;24;20m▀[48;2;4;12;12m▀[38;2;16;24;20m[48;2;12;20;16m▀[38;2;12;24;16m[48;2;12;20;12m▀[38;2;8;20;12m[48;2;4;16;12m▀[48;2;4;16;8m▀[48;2;4;16;12m▀[38;2;12;24;16m[48;2;8;20;12m▀[38;2;16;24;20m[48;2;8;20;16m▀[38;2;4;12;8m[48;2;4;8;4m▀[38;2;0;4;4m[48;2;0;8;4m▀[38;2;8;12;8m[48;2;8;16;12m▀[38;2;16;20;20m[48;2;24;32;28m▀[38;2;0;8;8m[48;2;8;16;12m▀[38;2;8;16;20m[48;2;16;20;20m▀[38;2;4;12;12m[48;2;16;24;20m▀[38;2;12;12;16m[48;2;24;28;24m▀[38;2;12;8;12m[48;2;24;28;28m▀[38;2;4;4;8m▀[38;2;4;4;4m[48;2;20;24;24m▀[38;2;4;8;8m▀[48;2;20;28;24m▀[38;2;4;4;8m[48;2;16;24;20m▀[38;2;0;0;4m[48;2;16;20;20m▀[48;2;16;20;16m▀▀[38;2;0;0;0m▀[48;2;8;12;12m▀[38;2;0;0;4m▀[38;2;8;12;16m[48;2;12;16;16m▀[38;2;8;8;16m[48;2;8;16;16m▀[38;2;8;8;12m[48;2;8;8;12m▀[48;2;12;12;16m▀[48;2;32;32;36m▀[38;2;24;24;32m[48;2;44;44;48m▀[38;2;20;20;32m[48;2;24;24;36m▀[38;2;20;20;28m[48;2;24;24;32m▀[0m
[38;2;220;232;244m[48;2;216;232;236m▀[38;2;220;232;240m[48;2;216;232;240m▀[38;2;220;232;244m▀[48;2;216;228;244m▀[38;2;224;232;244m[48;2;220;232;244m▀[38;2;224;236;248m▀[38;2;228;236;252m▀▀[38;2;224;236;248m[48;2;208;220;232m▀[48;2;200;212;220m▀[38;2;228;240;252m[48;2;212;224;236m▀[48;2;212;228;236m▀▀[38;2;224;236;248m[48;2;216;228;236m▀[38;2;220;232;240m[48;2;216;228;240m▀[38;2;216;228;240m▀▀[48;2;216;228;236m▀[38;2;220;232;240m[48;2;212;228;236m▀[48;2;212;224;236m▀▀[38;2;216;228;240m[48;2;208;224;232m▀[38;2;216;232;240m[48;2;208;220;232m▀[38;2;220;232;240m▀[38;2;220;228;236m[48;2;220;232;240m▀[38;2;132;144;148m[48;2;140;148;156m▀[38;2;84;92;96m[48;2;64;72;80m▀[38;2;60;72;80m[48;2;52;64;68m▀[38;2;52;68;72m[48;2;40;56;60m▀[38;2;40;56;60m[48;2;32;48;52m▀[38;2;36;48;56m[48;2;28;44;48m▀[38;2;32;48;48m▀[38;2;24;36;36m[48;2;20;36;36m▀[38;2;28;40;40m[48;2;32;44;40m▀[38;2;36;48;48m[48;2;36;48;48m▀[38;2;28;40;44m[48;2;28;40;40m▀[38;2;16;28;28m[48;2;16;28;28m▀[38;2;12;24;28m▀[38;2;16;28;28m[48;2;24;36;36m▀[38;2;12;24;24m▀[38;2;4;16;16m[48;2;20;32;32m▀[38;2;12;24;24m[48;2;24;32;32m▀[38;2;12;20;20m[48;2;12;20;20m▀[38;2;4;8;8m[48;2;4;8;4m▀[38;2;12;16;12m[48;2;12;20;16m▀[38;2;16;24;20m[48;2;16;20;16m▀[38;2;16;24;16m[48;2;12;16;12m▀[38;2;4;16;8m▀[38;2;4;12;8m[48;2;8;16;12m▀[38;2;4;12;12m[48;2;0;12;8m▀[38;2;4;12;8m[48;2;4;12;8m▀[38;2;8;20;12m[48;2;8;16;12m▀[38;2;8;16;8m[48;2;12;24;12m▀[38;2;8;20;12m▀[38;2;20;28;20m[48;2;16;24;16m▀[38;2;28;40;28m[48;2;24;32;24m▀[38;2;12;24;16m[48;2;12;28;12m▀[38;2;12;28;16m▀[38;2;12;28;12m[48;2;12;28;8m▀[38;2;12;28;16m▀[38;2;20;36;20m[48;2;16;32;8m▀[38;2;24;36;20m[48;2;16;36;12m▀[38;2;20;32;16m[48;2;28;40;20m▀[38;2;16;24;12m[48;2;36;40;16m▀[38;2;20;28;12m[48;2;20;32;12m▀[38;2;16;32;12m[48;2;24;40;16m▀[38;2;20;32;12m▀[48;2;24;40;12m▀[38;2;20;32;8m[48;2;20;32;8m▀[38;2;20;32;12m▀[38;2;16;28;12m▀[38;2;20;32;16m[48;2;20;32;12m▀[38;2;20;28;20m[48;2;24;32;16m▀[38;2;12;20;16m[48;2;12;20;12m▀[38;2;8;8;12m[48;2;4;12;16m▀[38;2;12;8;16m[48;2;4;4;8m▀[38;2;36;36;40m[48;2;28;32;32m▀[38;2;48;48;56m[48;2;52;52;60m▀[38;2;24;24;36m[48;2;32;32;40m▀[38;2;40;40;52m[48;2;48;48;60m▀[0m
[38;2;208;224;232m[48;2;196;212;224m▀[38;2;208;220;228m▀[38;2;208;220;232m[48;2;196;208;224m▀[38;2;204;216;232m▀[38;2;208;220;236m[48;2;196;208;228m▀[48;2;196;212;232m▀[38;2;204;216;232m[48;2;200;212;232m▀[48;2;200;212;236m▀▀[38;2;200;212;228m[48;2;188;204;224m▀[38;2;204;216;232m[48;2;192;208;228m▀▀[38;2;208;220;232m[48;2;192;208;224m▀[38;2;212;220;236m▀[38;2;212;224;236m[48;2;188;204;220m▀[38;2;212;224;240m▀[48;2;196;208;228m▀[38;2;208;220;236m[48;2;196;208;224m▀[38;2;204;216;232m[48;2;192;208;224m▀▀[38;2;204;212;228m▀[38;2;200;212;228m[48;2;188;204;220m▀[38;2;200;212;224m[48;2;192;204;220m▀[38;2;204;216;228m▀[38;2;192;204;216m[48;2;144;160;172m▀[38;2;100;108;120m[48;2;68;76;92m▀[38;2;52;64;76m[48;2;52;60;72m▀[38;2;44;60;64m[48;2;44;56;64m▀[38;2;36;48;52m[48;2;36;48;52m▀[38;2;32;44;52m[48;2;28;44;48m▀[38;2;28;44;48m[48;2;24;40;44m▀[38;2;28;44;44m▀[38;2;24;40;40m[48;2;20;36;36m▀[38;2;32;44;44m[48;2;24;36;36m▀[38;2;36;48;48m[48;2;32;44;44m▀[38;2;28;40;40m▀[38;2;20;32;32m[48;2;20;32;32m▀[38;2;20;32;28m[48;2;16;28;28m▀[38;2;20;32;32m[48;2;20;28;28m▀[38;2;24;36;36m[48;2;20;24;28m▀[48;2;16;20;20m▀[38;2;16;24;28m[48;2;12;16;16m▀[38;2;8;16;16m[48;2;8;16;12m▀[38;2;4;12;8m[48;2;8;12;8m▀[38;2;0;8;4m[48;2;0;8;4m▀▀[38;2;4;8;4m▀[38;2;4;12;8m[48;2;4;16;8m▀[38;2;4;8;4m[48;2;8;16;12m▀[38;2;0;8;8m[48;2;8;20;12m▀[38;2;4;12;8m[48;2;12;20;12m▀[38;2;4;16;4m▀[38;2;8;20;4m[48;2;8;16;4m▀[48;2;12;24;4m▀[38;2;28;36;12m[48;2;12;16;8m▀[38;2;68;68;36m[48;2;60;44;12m▀[38;2;32;28;12m[48;2;92;68;28m▀[38;2;16;24;4m[48;2;28;28;4m▀[38;2;20;36;12m[48;2;20;36;8m▀[48;2;24;40;12m▀[48;2;28;40;12m▀[48;2;28;40;16m▀[38;2;32;36;20m[48;2;16;24;8m▀[38;2;80;68;32m[48;2;76;64;32m▀[38;2;60;60;24m[48;2;56;48;16m▀[38;2;28;40;16m[48;2;24;36;12m▀[38;2;32;44;20m[48;2;32;44;16m▀[48;2;28;44;12m▀[38;2;28;40;12m[48;2;28;40;12m▀[38;2;24;36;8m▀[38;2;20;32;8m[48;2;24;40;8m▀[38;2;20;32;12m[48;2;24;36;8m▀[38;2;16;32;8m[48;2;28;40;12m▀[38;2;8;20;8m[48;2;24;36;16m▀[38;2;4;12;12m[48;2;8;16;8m▀[38;2;4;4;8m[48;2;0;4;8m▀[38;2;16;16;20m[48;2;4;0;8m▀[38;2;52;52;60m[48;2;48;44;52m▀[38;2;36;36;44m[48;2;32;32;44m▀[38;2;20;20;28m[48;2;4;4;12m▀[0m
[38;2;188;204;220m[48;2;184;200;216m▀▀[48;2;180;200;212m▀[48;2;180;196;216m▀[38;2;192;204;220m[48;2;184;200;216m▀[38;2;192;204;228m[48;2;184;200;220m▀[38;2;192;208;232m[48;2;184;200;224m▀[38;2;192;208;228m[48;2;184;200;220m▀[38;2;188;204;228m[48;2;184;200;224m▀[38;2;180;196;216m[48;2;180;192;216m▀[38;2;188;204;224m[48;2;188;200;224m▀[38;2;188;204;228m[48;2;188;204;228m▀[38;2;188;208;224m[48;2;188;208;224m▀[38;2;192;208;224m[48;2;192;208;224m▀[38;2;188;204;220m[48;2;188;204;220m▀[38;2;184;200;216m▀[38;2;192;208;224m[48;2;196;212;228m▀[38;2;188;208;224m[48;2;192;212;228m▀[48;2;196;208;228m▀[38;2;188;204;220m[48;2;192;208;228m▀[38;2;188;208;224m[48;2;196;212;228m▀▀[38;2;192;208;220m[48;2;200;220;232m▀[38;2;172;192;200m[48;2;204;220;228m▀[38;2;104;120;132m[48;2;140;160;168m▀[38;2;52;68;76m[48;2;44;64;72m▀[38;2;44;56;64m[48;2;40;52;60m▀[38;2;40;52;60m[48;2;36;48;56m▀[38;2;28;44;48m[48;2;24;36;44m▀[38;2;20;36;40m[48;2;16;28;36m▀[38;2;16;32;36m[48;2;12;28;32m▀[38;2;20;36;40m[48;2;16;32;36m▀[38;2;20;36;36m[48;2;20;32;36m▀[38;2;28;36;36m[48;2;24;36;32m▀[38;2;28;40;36m▀[38;2;24;36;36m[48;2;20;32;32m▀[38;2;20;32;32m[48;2;20;32;28m▀[38;2;16;32;28m[48;2;16;28;28m▀[38;2;20;32;32m[48;2;12;24;24m▀[38;2;24;32;28m[48;2;48;40;32m▀[38;2;20;24;12m[48;2;88;72;40m▀[38;2;8;8;8m[48;2;56;40;20m▀[38;2;12;16;12m[48;2;8;8;8m▀[38;2;4;12;4m[48;2;0;4;4m▀[38;2;8;12;8m[48;2;12;20;20m▀[38;2;12;20;16m[48;2;24;28;28m▀[38;2;8;16;8m[48;2;8;16;12m▀[38;2;8;16;12m[48;2;4;12;8m▀[38;2;4;16;8m[48;2;4;12;4m▀[38;2;8;20;12m[48;2;8;16;8m▀[38;2;12;24;16m[48;2;12;24;16m▀[38;2;16;24;16m[48;2;16;28;16m▀[38;2;16;24;8m[48;2;20;28;12m▀[38;2;16;28;12m▀[38;2;12;16;12m[48;2;24;28;20m▀[38;2;72;48;24m[48;2;48;44;28m▀[38;2;64;40;16m[48;2;24;32;12m▀[38;2;20;24;8m[48;2;20;40;12m▀[38;2;28;44;16m[48;2;28;44;16m▀[38;2;28;48;16m[48;2;24;44;12m▀[38;2;32;48;20m[48;2;28;48;16m▀[38;2;32;44;20m[48;2;28;48;20m▀[38;2;36;48;24m[48;2;28;44;16m▀[38;2;48;56;28m[48;2;28;44;20m▀[38;2;28;36;12m[48;2;32;48;20m▀[38;2;28;48;20m[48;2;28;44;16m▀[38;2;36;48;20m[48;2;32;44;16m▀▀[38;2;32;48;16m[48;2;28;40;12m▀[38;2;32;44;12m▀[38;2;28;40;8m[48;2;20;36;4m▀[48;2;16;28;0m▀[38;2;28;40;16m[48;2;12;28;0m▀[38;2;28;40;20m[48;2;16;24;8m▀[38;2;12;16;8m[48;2;8;16;8m▀[38;2;0;4;4m[48;2;0;4;4m▀[38;2;0;0;4m[48;2;0;0;0m▀[38;2;36;36;40m[48;2;32;32;36m▀[38;2;32;32;40m[48;2;32;36;36m▀[38;2;12;12;16m[48;2;8;8;12m▀[0m
[38;2;120;136;148m[48;2;72;88;104m▀[38;2;168;184;196m[48;2;148;168;180m▀[38;2;184;204;216m[48;2;152;172;184m▀[38;2;180;196;212m[48;2;168;184;196m▀[48;2;184;200;216m▀[38;2;184;196;220m[48;2;184;196;216m▀[38;2;188;200;224m[48;2;188;200;220m▀▀[38;2;188;200;228m[48;2;184;200;220m▀[38;2;184;196;220m▀[48;2;184;200;216m▀[38;2;192;204;228m[48;2;192;204;220m▀[38;2;192;208;224m[48;2;192;208;216m▀[38;2;196;212;228m[48;2;192;212;220m▀[38;2;192;208;224m[48;2;184;204;212m▀[48;2;160;176;188m▀[38;2;200;220;232m[48;2;164;184;196m▀[38;2;200;212;228m[48;2;196;212;224m▀[38;2;204;212;224m[48;2;204;216;228m▀[48;2;188;200;208m▀[38;2;208;216;232m[48;2;196;212;220m▀[38;2;200;212;232m[48;2;192;208;220m▀[38;2;132;152;164m[48;2;100;120;124m▀[38;2;120;140;148m[48;2;96;112;120m▀[38;2;116;136;140m[48;2;84;104;112m▀[38;2;36;52;60m[48;2;36;52;60m▀[48;2;32;44;52m▀[38;2;32;44;52m[48;2;28;40;48m▀[38;2;20;32;40m[48;2;24;32;40m▀[38;2;16;28;32m[48;2;16;24;32m▀[38;2;12;24;32m[48;2;12;20;28m▀[38;2;16;28;28m[48;2;12;24;28m▀[38;2;12;24;28m[48;2;16;28;32m▀[38;2;16;28;28m[48;2;24;36;36m▀[38;2;28;40;36m[48;2;28;40;40m▀[38;2;24;36;36m[48;2;24;36;36m▀[38;2;16;28;28m[48;2;12;24;24m▀▀[38;2;8;20;20m[48;2;4;16;16m▀[38;2;4;0;0m[48;2;24;16;16m▀[38;2;72;48;16m[48;2;84;64;32m▀[38;2;104;76;36m[48;2;36;20;4m▀[38;2;16;12;12m[48;2;0;0;0m▀[38;2;0;4;8m[48;2;0;4;8m▀[38;2;16;20;24m[48;2;12;20;20m▀[38;2;16;24;24m[48;2;4;12;16m▀[38;2;8;16;12m[48;2;4;12;12m▀[38;2;4;12;12m[48;2;8;12;16m▀[38;2;0;8;4m[48;2;4;12;8m▀[38;2;4;16;4m[48;2;8;16;8m▀[38;2;12;20;16m▀[38;2;16;28;12m[48;2;12;20;4m▀[38;2;16;28;8m[48;2;16;28;4m▀[38;2;20;32;12m[48;2;16;28;8m▀[38;2;20;28;16m[48;2;20;32;12m▀[38;2;24;36;24m[48;2;32;40;20m▀[38;2;24;44;20m[48;2;28;44;20m▀[38;2;20;40;12m▀[38;2;28;44;16m[48;2;36;56;24m▀[48;2;32;52;24m▀[38;2;24;44;16m▀[38;2;20;36;8m[48;2;32;48;20m▀[38;2;16;36;8m[48;2;28;48;16m▀[38;2;32;44;20m[48;2;32;44;20m▀[38;2;36;48;24m[48;2;40;48;32m▀[38;2;32;44;16m[48;2;40;52;32m▀[48;2;44;56;36m▀[38;2;28;40;12m[48;2;48;60;40m▀[38;2;24;40;8m[48;2;48;60;36m▀[38;2;28;40;12m[48;2;36;48;24m▀[38;2;24;36;12m[48;2;32;44;24m▀[48;2;20;32;16m▀[38;2;32;48;24m[48;2;16;28;16m▀[38;2;28;36;24m[48;2;8;12;8m▀[38;2;8;12;8m[48;2;16;16;16m▀[38;2;4;8;8m[48;2;12;16;16m▀[38;2;0;0;0m[48;2;0;4;4m▀[38;2;28;28;36m[48;2;20;20;28m▀[38;2;32;36;40m[48;2;32;32;36m▀[38;2;8;8;12m[48;2;16;20;24m▀[0m
[38;2;60;76;88m[48;2;64;76;84m▀[38;2;124;140;152m[48;2;68;84;92m▀[38;2;84;100;112m[48;2;52;68;76m▀[38;2;112;128;140m[48;2;104;116;124m▀[38;2;184;200;212m[48;2;108;120;128m▀[38;2;188;204;216m[48;2;140;156;164m▀[38;2;192;208;220m▀[48;2;132;152;160m▀[48;2;128;148;156m▀[38;2;164;184;196m[48;2;80;96;100m▀[38;2;180;196;208m[48;2;116;132;136m▀[38;2;192;208;220m[48;2;152;172;176m▀[38;2;192;212;216m[48;2;132;148;156m▀[38;2;204;224;232m[48;2;164;184;192m▀[38;2;140;160;168m[48;2;104;120;132m▀[38;2;76;92;104m[48;2;48;64;76m▀[38;2;92;108;120m[48;2;68;84;96m▀[38;2;180;196;204m[48;2;108;128;136m▀[38;2;184;200;208m[48;2;112;132;140m▀[38;2;180;196;204m[48;2;124;140;152m▀[38;2;184;200;208m[48;2;108;124;136m▀[38;2;184;204;212m[48;2;100;116;128m▀[38;2;132;148;156m[48;2;92;112;120m▀[38;2;112;128;136m[48;2;80;100;112m▀[38;2;92;108;120m[48;2;72;92;104m▀[38;2;44;56;68m[48;2;52;68;84m▀[38;2;36;52;64m[48;2;48;60;76m▀[38;2;28;40;52m[48;2;44;56;68m▀[38;2;24;36;44m[48;2;36;48;60m▀[38;2;16;28;36m[48;2;16;28;40m▀[38;2;12;20;32m[48;2;12;24;36m▀[38;2;16;28;36m[48;2;12;24;32m▀[38;2;24;36;40m[48;2;28;36;44m▀[38;2;24;36;36m[48;2;48;60;68m▀[38;2;16;28;28m[48;2;56;72;76m▀[38;2;12;24;24m[48;2;68;80;88m▀[38;2;4;16;20m[48;2;84;96;100m▀[38;2;12;24;24m[48;2;96;112;120m▀[38;2;16;28;32m[48;2;104;120;136m▀[38;2;32;36;48m[48;2;76;92;120m▀[38;2;52;48;44m[48;2;52;68;92m▀[38;2;40;36;44m[48;2;32;40;60m▀[38;2;28;32;40m[48;2;20;32;40m▀[38;2;36;40;44m[48;2;28;36;44m▀[38;2;40;44;52m[48;2;16;20;32m▀[38;2;28;36;40m[48;2;16;20;24m▀[38;2;12;20;20m[48;2;8;12;16m▀[38;2;20;24;28m[48;2;16;20;20m▀[38;2;24;32;28m[48;2;36;44;32m▀[38;2;20;32;24m[48;2;36;44;28m▀[38;2;24;32;24m[48;2;36;48;24m▀[38;2;28;40;24m[48;2;44;56;28m▀[38;2;28;40;20m[48;2;48;56;32m▀[38;2;32;44;20m▀[38;2;36;48;24m[48;2;44;56;28m▀[38;2;36;52;28m[48;2;40;52;24m▀[48;2;44;56;28m▀[38;2;36;48;24m[48;2;48;60;36m▀[38;2;36;52;24m[48;2;60;64;48m▀[38;2;28;44;20m[48;2;68;72;56m▀[38;2;32;48;24m[48;2;72;76;60m▀[38;2;36;52;28m[48;2;72;76;64m▀[48;2;72;76;68m▀[38;2;44;56;40m[48;2;68;72;72m▀[38;2;60;68;56m[48;2;44;48;44m▀[38;2;56;60;52m[48;2;12;12;12m▀[38;2;44;48;40m[48;2;0;0;0m▀[38;2;28;36;28m[48;2;4;4;4m▀[38;2;24;32;20m[48;2;36;40;40m▀[38;2;12;20;8m[48;2;60;60;56m▀[38;2;8;16;4m[48;2;48;52;44m▀[38;2;16;24;12m[48;2;44;52;32m▀[38;2;24;36;24m[48;2;40;48;28m▀[38;2;20;28;20m[48;2;36;44;32m▀[38;2;16;20;20m[48;2;16;24;16m▀[38;2;16;20;24m[48;2;20;28;20m▀[38;2;4;8;12m[48;2;24;32;24m▀[38;2;12;16;20m[48;2;20;28;20m▀[38;2;28;28;32m[48;2;40;48;40m▀[38;2;24;24;28m[48;2;44;48;40m▀[0m
[38;2;76;88;96m[48;2;88;100;108m▀[38;2;44;60;64m[48;2;48;60;64m▀[38;2;36;48;56m[48;2;28;40;48m▀[38;2;40;56;60m[48;2;44;56;64m▀[38;2;40;52;60m[48;2;52;64;72m▀[38;2;48;64;72m[48;2;36;44;52m▀[38;2;40;56;64m[48;2;40;52;60m▀[48;2;48;60;68m▀[38;2;32;48;56m[48;2;36;48;52m▀[38;2;32;48;48m[48;2;28;44;44m▀[38;2;48;64;68m[48;2;40;52;60m▀[38;2;56;72;80m[48;2;48;64;68m▀[38;2;48;64;68m[48;2;60;72;76m▀[38;2;64;80;88m[48;2;64;76;84m▀[38;2;60;76;88m[48;2;72;84;92m▀[48;2;84;100;108m▀[38;2;68;88;100m[48;2;92;108;116m▀[38;2;76;96;104m[48;2;96;112;120m▀[38;2;88;108;116m[48;2;104;120;132m▀[38;2;80;100;108m▀[38;2;76;96;104m[48;2;100;116;128m▀[38;2;76;96;108m[48;2;88;104;116m▀[48;2;76;96;104m▀[48;2;80;96;108m▀[38;2;76;92;108m[48;2;76;96;108m▀[38;2;64;80;96m[48;2;84;100;116m▀[38;2;56;72;84m[48;2;88;104;120m▀[38;2;52;68;84m[48;2;76;96;108m▀[38;2;36;52;68m[48;2;56;72;88m▀[38;2;20;36;48m[48;2;44;60;76m▀[38;2;16;28;44m[48;2;48;64;80m▀[38;2;32;44;56m[48;2;104;120;136m▀[38;2;104;112;120m[48;2;136;148;160m▀[38;2;116;128;136m[48;2;140;152;168m▀[48;2;120;140;152m▀[38;2;100;116;124m[48;2;88;104;120m▀[38;2;88;104;108m[48;2;84;100;112m▀[38;2;104;120;132m[48;2;104;124;140m▀[38;2;76;100;120m[48;2;44;64;88m▀[38;2;44;60;92m[48;2;36;52;88m▀[38;2;20;28;52m[48;2;8;12;32m▀[38;2;0;12;28m[48;2;4;4;20m▀[38;2;4;20;28m[48;2;8;12;24m▀[38;2;8;28;32m[48;2;4;12;24m▀[38;2;8;20;28m[48;2;8;20;32m▀[38;2;16;24;28m[48;2;24;36;52m▀[48;2;24;36;44m▀[38;2;12;20;16m[48;2;28;36;44m▀[38;2;32;40;28m[48;2;16;20;32m▀[38;2;56;64;48m[48;2;32;36;44m▀[38;2;48;56;32m[48;2;60;68;68m▀[38;2;44;56;32m[48;2;72;80;80m▀[38;2;56;64;40m▀[38;2;68;76;52m▀[38;2;68;80;56m[48;2;72;76;76m▀[38;2;72;84;60m[48;2;64;72;72m▀[38;2;80;88;64m[48;2;72;76;72m▀[38;2;80;88;72m[48;2;80;80;84m▀[38;2;88;84;84m[48;2;88;76;88m▀[38;2;88;88;84m[48;2;84;76;84m▀[38;2;88;84;80m[48;2;84;76;80m▀[38;2;80;76;76m▀[38;2;84;80;88m[48;2;96;88;104m▀[38;2;44;40;48m[48;2;96;84;104m▀[38;2;0;0;0m[48;2;72;64;80m▀[48;2;60;56;72m▀[38;2;12;8;12m[48;2;60;56;64m▀[38;2;36;36;36m[48;2;44;48;40m▀[48;2;32;36;32m▀[38;2;52;52;48m[48;2;24;28;20m▀[38;2;40;48;36m[48;2;24;32;20m▀[38;2;32;40;20m▀[38;2;24;32;16m[48;2;20;28;16m▀[38;2;28;36;20m[48;2;20;28;12m▀[38;2;20;28;12m[48;2;24;32;20m▀[38;2;24;32;16m[48;2;28;36;20m▀[38;2;40;48;32m[48;2;20;28;16m▀[38;2;52;60;44m[48;2;28;36;20m▀[38;2;64;72;56m[48;2;48;56;40m▀[38;2;68;72;56m[48;2;56;64;44m▀[0m
[38;2;68;72;84m[48;2;68;72;80m▀[38;2;60;68;80m[48;2;80;88;96m▀[38;2;72;76;88m[48;2;84;88;96m▀[38;2;56;60;72m[48;2;72;80;84m▀[38;2;64;68;80m[48;2;68;76;80m▀[38;2;48;52;64m[48;2;76;84;88m▀[38;2;52;56;68m[48;2;84;92;100m▀[38;2;56;64;76m[48;2;92;100;104m▀[38;2;56;60;68m[48;2;104;108;116m▀[38;2;64;72;76m[48;2;112;120;124m▀[38;2;80;84;88m[48;2;124;128;132m▀[38;2;88;92;96m▀[38;2;100;100;108m[48;2;128;132;132m▀[38;2;108;112;116m[48;2;128;132;136m▀[38;2;116;120;128m[48;2;132;136;140m▀[38;2;124;132;140m[48;2;140;144;152m▀[38;2;136;140;152m[48;2;140;140;156m▀[38;2;136;144;156m[48;2;132;132;148m▀[38;2;132;140;156m[48;2;124;128;144m▀[38;2;128;140;152m[48;2;120;132;144m▀[48;2;120;128;140m▀[38;2;112;128;140m[48;2;108;120;132m▀[38;2;104;120;132m[48;2;104;120;132m▀[38;2;100;120;128m[48;2;108;124;136m▀[38;2;96;116;128m[48;2;112;124;144m▀[38;2;100;120;132m[48;2;108;120;144m▀[38;2;104;124;136m[48;2;108;124;144m▀[38;2;88;108;120m[48;2;104;124;144m▀[38;2;84;100;116m[48;2;112;128;148m▀[38;2;80;96;112m[48;2;124;140;160m▀[38;2;108;124;144m[48;2;140;156;180m▀[38;2;120;136;152m[48;2;136;152;176m▀[38;2;112;128;148m[48;2;128;144;168m▀[38;2;112;128;152m[48;2;112;132;164m▀[38;2;112;124;152m[48;2;96;116;144m▀[38;2;100;116;144m[48;2;72;96;124m▀[38;2;100;120;144m[48;2;48;72;104m▀[38;2;80;104;132m[48;2;24;48;80m▀[38;2;28;52;80m[48;2;8;36;64m▀[38;2;20;36;64m[48;2;8;28;56m▀[38;2;24;36;60m[48;2;8;28;60m▀[38;2;12;20;40m[48;2;4;28;56m▀[38;2;8;12;36m[48;2;4;24;52m▀[38;2;8;12;40m[48;2;8;16;48m▀[38;2;8;12;44m▀[38;2;16;24;52m[48;2;8;16;52m▀[38;2;16;28;56m[48;2;4;16;48m▀[38;2;12;24;56m[48;2;4;12;44m▀[38;2;8;16;48m[48;2;0;4;40m▀[38;2;8;8;44m[48;2;0;4;36m▀[38;2;16;20;52m[48;2;0;0;36m▀[38;2;12;16;48m[48;2;0;0;32m▀[38;2;8;12;36m[48;2;0;4;24m▀[38;2;4;12;32m[48;2;0;4;20m▀[38;2;4;8;28m[48;2;0;4;16m▀[38;2;4;8;24m[48;2;4;4;16m▀[38;2;20;24;32m[48;2;0;4;16m▀[38;2;68;72;80m[48;2;64;68;76m▀[38;2;76;72;84m[48;2;100;104;112m▀[38;2;88;84;96m[48;2;96;96;108m▀[38;2;92;92;100m[48;2;76;76;84m▀[48;2;56;60;68m▀[38;2;84;84;96m[48;2;48;52;60m▀[38;2;76;80;92m[48;2;52;56;64m▀[38;2;72;72;88m[48;2;64;68;76m▀[38;2;76;76;88m[48;2;68;72;80m▀[38;2;80;84;92m[48;2;60;64;72m▀[38;2;88;92;100m[48;2;48;56;64m▀[38;2;92;92;100m[48;2;48;52;60m▀[38;2;92;96;100m[48;2;56;60;68m▀[38;2;92;92;104m[48;2;60;68;72m▀[38;2;84;88;96m[48;2;68;76;84m▀[38;2;72;80;84m[48;2;84;88;100m▀[38;2;64;72;76m[48;2;96;100;108m▀[38;2;52;56;60m[48;2;104;108;116m▀[38;2;36;44;44m[48;2;108;112;120m▀[38;2;40;44;44m[48;2;112;116;116m▀[38;2;32;36;36m[48;2;108;116;116m▀[48;2;108;112;116m▀[38;2;40;44;40m[48;2;100;104;112m▀[0m
[38;2;72;80;76m[48;2;104;108;104m▀[38;2;72;80;80m[48;2;116;120;116m▀[38;2;84;88;84m[48;2;124;128;128m▀[38;2;92;100;96m[48;2;120;124;120m▀[38;2;100;104;100m[48;2;116;120;120m▀[38;2;116;120;120m▀[38;2;124;128;128m[48;2;116;120;124m▀[48;2;112;116;124m▀[38;2;120;128;132m[48;2;116;116;120m▀[48;2;116;120;124m▀[38;2;120;128;128m▀[38;2;120;124;132m▀[48;2;132;136;148m▀[38;2;128;132;144m[48;2;156;156;172m▀[38;2;148;152;160m[48;2;136;140;152m▀[38;2;136;140;148m[48;2;128;132;140m▀[38;2;132;136;144m[48;2;132;136;144m▀[38;2;128;132;144m▀[38;2;124;132;144m[48;2;128;132;140m▀[38;2;120;132;140m[48;2;120;128;140m▀[48;2;124;132;144m▀[38;2;112;120;132m[48;2;120;132;140m▀[38;2;92;104;116m[48;2;108;124;132m▀[38;2;100;116;128m[48;2;112;124;140m▀[38;2;108;120;144m[48;2;112;124;144m▀[38;2;124;136;164m[48;2;104;124;144m▀[38;2;140;152;180m[48;2;92;116;140m▀[38;2;136;156;180m[48;2;84;108;128m▀[38;2;132;152;176m▀[38;2;128;152;172m[48;2;80;108;128m▀[38;2;112;136;160m[48;2;64;100;120m▀[38;2;112;132;156m[48;2;84;80;112m▀[38;2;104;124;152m[48;2;76;80;112m▀[38;2;48;72;104m[48;2;28;52;80m▀[38;2;24;48;76m[48;2;24;40;72m▀[38;2;12;36;64m[48;2;16;32;64m▀[38;2;8;32;68m[48;2;8;28;64m▀[38;2;4;28;60m[48;2;8;24;56m▀[38;2;0;24;52m[48;2;8;16;48m▀[38;2;4;20;52m[48;2;4;8;40m▀[38;2;4;24;56m▀[38;2;0;24;56m[48;2;4;12;44m▀[38;2;4;20;52m▀[38;2;8;12;48m[48;2;4;8;36m▀[38;2;4;12;40m[48;2;0;0;28m▀[38;2;4;8;36m[48;2;0;4;28m▀[38;2;4;8;32m▀[38;2;4;4;32m[48;2;4;4;28m▀[38;2;0;4;28m▀[38;2;0;0;32m[48;2;0;4;28m▀[48;2;0;0;28m▀[38;2;4;4;28m[48;2;0;0;24m▀[38;2;0;4;16m[48;2;0;4;16m▀[38;2;0;4;12m[48;2;0;0;12m▀[38;2;0;0;12m[48;2;12;16;24m▀[38;2;0;0;0m[48;2;68;72;80m▀[38;2;40;44;52m[48;2;108;112;120m▀[38;2;112;116;124m[48;2;72;76;84m▀[38;2;72;80;84m[48;2;52;60;60m▀[38;2;56;60;64m[48;2;64;64;68m▀[48;2;64;68;72m▀[38;2;52;56;60m[48;2;60;60;64m▀[38;2;44;48;52m[48;2;44;44;48m▀[38;2;20;24;28m[48;2;28;32;36m▀[38;2;8;8;16m[48;2;8;12;16m▀[38;2;28;32;36m[48;2;0;0;0m▀[38;2;56;64;68m[48;2;4;4;8m▀[38;2;72;80;84m[48;2;24;28;32m▀[38;2;72;80;88m[48;2;28;32;40m▀[38;2;72;84;92m[48;2;32;40;44m▀[38;2;64;76;76m[48;2;48;60;60m▀[38;2;52;64;64m[48;2;68;80;80m▀[38;2;44;56;60m[48;2;84;96;96m▀[38;2;32;44;48m[48;2;80;92;92m▀[38;2;36;48;52m[48;2;80;92;96m▀[38;2;40;52;56m[48;2;76;88;92m▀[38;2;44;56;52m[48;2;68;80;80m▀[38;2;52;64;60m[48;2;60;72;72m▀[38;2;56;64;64m[48;2;44;56;56m▀[38;2;60;68;72m[48;2;40;48;52m▀[0m
[38;2;116;116;124m[48;2;108;112;120m▀[38;2;120;120;128m[48;2;104;108;120m▀[38;2;112;116;124m[48;2;104;108;116m▀[38;2;108;112;120m▀[38;2;112;112;116m▀[38;2;108;112;120m▀[38;2;108;108;120m[48;2;108;112;120m▀[38;2;108;112;120m[48;2;112;116;124m▀[38;2;112;116;120m[48;2;112;112;124m▀[38;2;116;120;124m[48;2;112;116;120m▀[38;2;112;116;120m[48;2;172;176;176m▀[38;2;148;152;156m[48;2;176;180;184m▀[38;2;160;160;176m[48;2;132;132;144m▀[38;2;136;140;152m[48;2;136;140;152m▀[38;2;132;136;144m[48;2;148;148;156m▀[38;2;132;140;148m[48;2;144;148;160m▀▀▀[38;2;128;132;140m[48;2;140;144;156m▀[38;2;124;128;140m▀[38;2;124;132;144m▀[48;2;132;140;152m▀[38;2;120;128;140m[48;2;120;128;144m▀[38;2;116;124;140m▀[38;2;108;116;136m[48;2;116;124;144m▀[38;2;84;100;124m[48;2;100;116;140m▀[38;2;64;88;112m[48;2;84;104;128m▀[38;2;68;92;116m[48;2;80;100;124m▀[38;2;68;92;112m[48;2;72;96;120m▀[38;2;64;88;108m[48;2;68;92;112m▀[38;2;52;84;108m[48;2;72;92;116m▀[38;2;64;68;100m[48;2;68;96;120m▀[38;2;52;60;92m[48;2;64;88;112m▀[38;2;32;52;80m[48;2;40;56;84m▀[38;2;24;40;72m[48;2;20;36;64m▀[38;2;12;28;60m[48;2;4;24;52m▀[38;2;4;24;56m[48;2;4;20;48m▀[38;2;8;16;52m[48;2;4;8;36m▀[38;2;4;4;36m[48;2;4;4;28m▀[38;2;12;12;40m[48;2;12;12;32m▀[38;2;16;16;40m[48;2;48;52;68m▀[38;2;0;0;28m[48;2;20;20;44m▀[38;2;0;4;28m[48;2;0;0;16m▀[48;2;4;4;24m▀[38;2;0;4;32m[48;2;0;4;24m▀[48;2;0;0;20m▀[48;2;0;0;16m▀[38;2;0;4;28m[48;2;0;0;12m▀[38;2;4;4;24m▀▀[38;2;0;0;20m▀[38;2;4;4;24m[48;2;4;4;20m▀[38;2;16;20;32m[48;2;8;12;28m▀[38;2;0;4;12m[48;2;20;24;32m▀[48;2;40;44;52m▀[38;2;92;96;108m[48;2;28;32;40m▀[38;2;56;60;72m[48;2;44;48;56m▀[38;2;56;60;68m[48;2;52;60;64m▀[38;2;60;64;68m[48;2;56;64;64m▀[38;2;64;68;68m[48;2;64;68;72m▀[38;2;72;76;80m[48;2;72;76;76m▀[38;2;64;68;68m▀[38;2;36;40;40m[48;2;60;64;64m▀[38;2;24;28;28m[48;2;36;40;40m▀[38;2;28;32;32m[48;2;24;28;28m▀[38;2;12;16;16m[48;2;16;20;20m▀[38;2;4;4;8m[48;2;12;16;16m▀[38;2;20;28;28m[48;2;20;28;28m▀[38;2;8;16;16m[48;2;20;24;28m▀[38;2;0;0;0m[48;2;4;4;8m▀[38;2;4;16;12m[48;2;8;16;12m▀[38;2;12;24;20m[48;2;8;20;20m▀[38;2;24;36;32m[48;2;4;16;16m▀[38;2;36;48;44m[48;2;4;16;12m▀[38;2;48;60;60m[48;2;0;8;8m▀[38;2;64;72;76m[48;2;0;4;8m▀[38;2;72;84;84m[48;2;4;12;12m▀[38;2;80;92;92m[48;2;20;28;32m▀[38;2;84;96;96m[48;2;40;48;52m▀[38;2;80;92;96m[48;2;44;56;56m▀[0m
[38;2;104;104;116m[48;2;96;100;108m▀[38;2;100;104;112m[48;2;100;104;112m▀▀[38;2;104;104;116m[48;2;104;104;116m▀[48;2;104;108;116m▀[38;2;104;108;116m[48;2;108;112;116m▀[38;2;108;112;120m[48;2;100;104;108m▀[38;2;108;112;116m[48;2;124;128;132m▀[38;2;112;116;124m[48;2;200;200;208m▀[38;2;176;180;188m[48;2;180;184;188m▀[38;2;180;184;188m[48;2;120;124;128m▀[38;2;120;124;132m[48;2;128;132;140m▀[38;2;128;132;140m[48;2;136;140;148m▀[38;2;140;144;156m[48;2;144;148;156m▀[48;2;144;148;160m▀[48;2;144;148;156m▀▀[38;2;140;148;156m[48;2;140;148;156m▀[38;2;140;144;152m[48;2;136;144;152m▀[38;2;140;144;160m[48;2;132;140;148m▀[38;2;136;144;156m[48;2;124;128;140m▀[48;2;124;128;136m▀[48;2;120;128;136m▀[38;2;140;148;160m[48;2;116;124;136m▀[38;2;124;128;144m[48;2;120;120;132m▀[38;2;104;112;136m[48;2;120;124;144m▀[38;2;96;108;136m[48;2;104;116;140m▀[38;2;80;92;120m[48;2;84;96;120m▀[38;2;60;80;104m[48;2;76;92;112m▀[38;2;56;80;100m[48;2;72;96;112m▀[38;2;60;80;104m[48;2;60;80;100m▀[38;2;60;84;108m▀[38;2;64;84;108m[48;2;72;92;108m▀[38;2;44;60;84m[48;2;60;72;92m▀[38;2;16;32;52m[48;2;28;44;64m▀[38;2;4;24;44m[48;2;8;24;40m▀[38;2;4;16;40m[48;2;0;12;28m▀[38;2;0;4;24m[48;2;0;4;20m▀[38;2;4;4;24m[48;2;0;0;20m▀[38;2;24;28;40m[48;2;16;16;28m▀[38;2;104;104;116m[48;2;32;36;44m▀[38;2;28;28;40m[48;2;8;8;20m▀[38;2;0;0;4m[48;2;12;16;28m▀[38;2;0;0;12m[48;2;20;20;28m▀[38;2;0;0;8m[48;2;24;24;32m▀[48;2;32;32;40m▀[38;2;4;4;12m[48;2;40;40;48m▀[38;2;8;8;20m[48;2;56;56;68m▀[38;2;16;16;28m[48;2;60;60;72m▀[38;2;28;28;36m[48;2;68;68;80m▀[38;2;40;40;48m▀[38;2;48;48;60m[48;2;72;72;76m▀[38;2;44;44;56m[48;2;68;68;72m▀[38;2;100;104;108m[48;2;116;120;120m▀[38;2;152;156;160m[48;2;168;172;172m▀[38;2;60;64;68m[48;2;72;76;76m▀[38;2;64;72;72m[48;2;64;68;72m▀[38;2;64;68;72m[48;2;68;72;72m▀[38;2;64;72;72m[48;2;68;72;76m▀[38;2;68;72;72m▀[38;2;72;72;76m▀[38;2;72;76;76m[48;2;72;76;76m▀[38;2;76;80;80m[48;2;68;72;72m▀[38;2;68;72;72m[48;2;68;76;76m▀[38;2;40;48;48m▀[38;2;20;24;28m[48;2;52;56;56m▀[38;2;24;28;28m[48;2;28;36;36m▀[38;2;28;36;32m[48;2;20;28;28m▀[38;2;28;32;36m[48;2;24;28;28m▀[38;2;4;8;8m[48;2;12;16;20m▀[38;2;4;12;4m[48;2;16;20;16m▀[38;2;8;20;12m[48;2;20;28;20m▀▀[48;2;20;28;16m▀[38;2;4;16;12m[48;2;4;20;12m▀[38;2;0;4;4m[48;2;0;4;4m▀[38;2;4;4;12m[48;2;4;4;8m▀[38;2;12;20;16m[48;2;16;20;16m▀[38;2;16;24;16m[48;2;20;28;16m▀[48;2;20;32;16m▀[0m
[38;2;96;100;108m[48;2;96;104;108m▀[38;2;100;100;112m[48;2;100;104;108m▀[38;2;100;104;112m[48;2;104;104;116m▀[38;2;104;104;116m[48;2;104;108;116m▀[38;2;104;108;120m[48;2;100;104;112m▀[38;2;104;104;112m[48;2;136;140;140m▀[38;2;128;132;136m[48;2;200;208;200m▀[38;2;204;208;212m[48;2;204;212;204m▀[38;2;188;192;200m[48;2;144;148;148m▀[38;2;100;104;108m[48;2;128;132;132m▀[38;2;96;100;100m[48;2;132;136;136m▀[38;2;104;108;112m[48;2;136;140;144m▀[48;2;144;148;152m▀[38;2;104;112;116m[48;2;140;144;152m▀[38;2;108;116;124m[48;2;144;148;156m▀[38;2;116;120;132m[48;2;152;156;164m▀[38;2;124;128;136m[48;2;156;160;168m▀[38;2;124;132;144m[48;2;152;156;164m▀[38;2;132;140;148m[48;2;156;160;168m▀[38;2;136;144;152m[48;2;148;156;160m▀[38;2;136;144;156m[48;2;136;140;148m▀[38;2;136;140;152m[48;2;148;152;156m▀[38;2;124;132;140m[48;2;160;168;172m▀[38;2;132;136;148m[48;2;152;156;164m▀[38;2;148;148;160m[48;2;128;132;140m▀[38;2;144;148;164m[48;2;116;120;128m▀[38;2;128;132;152m▀[38;2;116;124;140m[48;2;112;120;132m▀[38;2;104;116;136m[48;2;100;112;124m▀[38;2;88;104;120m[48;2;88;100;112m▀[38;2;68;84;104m[48;2;80;92;104m▀[48;2;84;92;108m▀[38;2;80;96;112m[48;2;84;96;108m▀[38;2;80;88;112m[48;2;84;100;108m▀[38;2;60;68;88m[48;2;88;100;108m▀[38;2;32;40;60m[48;2;88;96;104m▀[38;2;24;32;48m[48;2;84;92;104m▀[48;2;80;80;96m▀[38;2;32;36;56m[48;2;80;80;92m▀[38;2;32;36;48m[48;2;76;80;92m▀[38;2;44;48;56m[48;2;80;84;96m▀[38;2;60;60;76m[48;2;76;80;92m▀[38;2;60;64;72m[48;2;72;76;80m▀[38;2;60;64;68m[48;2;68;72;76m▀▀[38;2;60;60;68m▀[38;2;60;64;72m▀[38;2;68;68;80m[48;2;72;72;80m▀[38;2;72;72;80m[48;2;76;76;84m▀[38;2;72;72;84m[48;2;76;76;88m▀[38;2;76;76;88m[48;2;80;80;88m▀[38;2;80;80;84m[48;2;84;80;88m▀[38;2;76;76;80m▀[38;2;96;96;100m[48;2;76;80;80m▀[38;2;180;184;184m[48;2;152;156;156m▀[38;2;112;116;116m[48;2;160;164;168m▀[38;2;60;64;64m[48;2;72;76;76m▀[38;2;72;76;76m▀[48;2;72;80;80m▀[48;2;72;76;76m▀▀▀[38;2;68;76;76m▀[38;2;68;72;72m[48;2;68;72;72m▀▀[38;2;68;76;76m▀[38;2;64;68;68m[48;2;68;76;76m▀[38;2;40;48;48m[48;2;72;80;80m▀[38;2;24;32;32m[48;2;60;68;68m▀[38;2;16;24;24m[48;2;36;44;44m▀[38;2;16;24;20m[48;2;16;24;20m▀[38;2;24;28;20m[48;2;16;20;16m▀[38;2;28;36;28m[48;2;20;28;20m▀[38;2;28;32;24m[48;2;24;28;20m▀[38;2;16;24;20m[48;2;20;28;24m▀[38;2;4;4;8m[48;2;8;12;16m▀[38;2;4;8;12m[48;2;8;16;12m▀[38;2;20;24;20m[48;2;24;28;24m▀[38;2;20;28;20m[48;2;24;32;24m▀[38;2;24;32;16m[48;2;24;32;16m▀[0m
[38;2;100;104;108m[48;2;100;104;108m▀[48;2;100;108;112m▀[38;2;104;108;116m[48;2;100;104;108m▀[38;2;100;100;108m[48;2;140;144;140m▀[38;2;136;140;136m[48;2;200;208;192m▀[38;2;204;212;204m[48;2;212;216;204m▀[48;2;144;148;144m▀[38;2;136;140;136m[48;2;100;104;104m▀[38;2;120;124;124m[48;2;108;112;116m▀[38;2;128;132;132m[48;2;104;108;112m▀[48;2;100;104;108m▀[38;2;132;136;140m▀[38;2;136;140;144m[48;2;104;108;112m▀[48;2;108;112;116m▀[38;2;128;132;140m[48;2;112;116;120m▀[38;2;132;136;136m[48;2;128;132;132m▀[38;2;132;136;140m[48;2;144;148;152m▀[38;2;132;132;140m[48;2;148;152;156m▀[38;2;128;132;136m[48;2;164;168;172m▀[38;2;140;144;148m[48;2;188;192;196m▀[38;2;160;164;168m[48;2;164;168;172m▀[38;2;172;180;184m[48;2;112;120;124m▀[38;2;144;148;152m[48;2;100;108;108m▀[38;2;112;120;124m[48;2;108;112;116m▀[38;2;104;112;112m[48;2;104;108;112m▀[38;2;108;112;116m[48;2;96;104;104m▀[48;2;92;96;100m▀[38;2;96;104;116m[48;2;88;92;104m▀[38;2;92;104;112m▀[38;2;92;100;108m▀[38;2;88;96;108m▀[48;2;84;92;104m▀[48;2;88;92;104m▀[38;2;88;100;104m[48;2;88;92;100m▀[38;2;88;104;104m▀[38;2;92;100;108m▀[38;2;92;96;104m[48;2;88;88;96m▀[38;2;88;88;96m▀[38;2;84;84;92m[48;2;88;88;92m▀[38;2;80;84;92m[48;2;84;84;88m▀[38;2;80;84;88m▀[38;2;76;80;88m[48;2;80;80;84m▀[38;2;72;76;84m[48;2;76;80;84m▀[38;2;72;76;80m[48;2;72;80;84m▀[48;2;72;76;80m▀[38;2;68;72;76m▀[38;2;72;72;80m▀[38;2;72;76;80m▀[38;2;76;76;80m▀[38;2;76;80;84m[48;2;76;76;80m▀[38;2;80;80;84m[48;2;80;80;84m▀[38;2;84;80;88m[48;2;80;80;88m▀[38;2;84;84;88m▀[38;2;80;80;84m[48;2;84;80;88m▀[38;2;100;100;104m[48;2;76;76;80m▀[38;2;184;188;188m[48;2;128;128;132m▀[38;2;116;116;120m[48;2;180;184;188m▀[38;2;68;68;72m[48;2;96;96;100m▀[38;2;76;80;80m[48;2;68;68;72m▀[38;2;72;76;76m[48;2;76;76;80m▀[38;2;72;72;76m[48;2;72;72;76m▀[38;2;68;72;76m[48;2;68;72;76m▀▀[38;2;68;72;72m[48;2;68;72;72m▀▀[38;2;64;72;72m▀▀▀[38;2;68;72;72m[48;2;64;72;72m▀[38;2;64;68;68m[48;2;68;72;72m▀[38;2;48;56;52m▀[38;2;32;40;36m[48;2;60;68;64m▀[38;2;16;20;16m[48;2;40;44;40m▀[38;2;16;24;16m[48;2;24;28;24m▀[38;2;20;28;24m[48;2;20;24;24m▀[38;2;8;16;16m[48;2;16;20;20m▀[38;2;12;16;16m[48;2;8;16;16m▀[38;2;20;28;24m[48;2;12;20;16m▀[38;2;24;32;20m[48;2;16;24;20m▀[38;2;24;32;16m[48;2;20;28;20m▀[0m
[38;2;100;104;104m[48;2;96;104;96m▀[38;2;96;104;104m[48;2;140;148;140m▀[38;2;140;144;144m[48;2;200;208;200m▀[38;2;200;204;196m▀[38;2;208;216;196m[48;2;196;204;184m▀[38;2;156;164;144m[48;2;160;168;148m▀[38;2;96;100;88m[48;2;152;156;144m▀[38;2;104;108;108m[48;2;148;152;148m▀[38;2;104;108;112m[48;2;156;160;160m▀[38;2;108;112;112m[48;2;172;180;172m▀[38;2;116;120;120m[48;2;180;188;180m▀[38;2;132;132;128m[48;2;188;188;184m▀[38;2;148;144;140m[48;2;192;188;180m▀[38;2;164;160;160m[48;2;192;192;180m▀[38;2;172;172;168m[48;2;192;188;176m▀[38;2;180;184;172m[48;2;184;188;172m▀[38;2;180;184;176m[48;2;184;188;176m▀[38;2;180;188;184m[48;2;172;172;172m▀[38;2;188;192;196m[48;2;116;120;124m▀[38;2;140;144;148m[48;2;92;96;100m▀[38;2;100;104;108m[48;2;96;100;104m▀[38;2;96;100;104m▀[38;2;100;104;108m[48;2;92;96;100m▀[38;2;96;100;104m▀[48;2;88;92;96m▀[38;2;88;92;100m[48;2;84;88;92m▀[38;2;88;92;96m[48;2;88;92;96m▀▀[38;2;88;92;100m▀[48;2;92;92;96m▀[38;2;88;88;100m[48;2;92;88;96m▀[48;2;88;92;96m▀[38;2;88;92;96m▀[48;2;92;92;96m▀[38;2;92;92;96m[48;2;92;92;92m▀▀▀[38;2;92;92;92m▀[38;2;92;88;92m[48;2;88;92;92m▀[38;2;88;84;92m[48;2;84;84;92m▀[38;2;84;84;88m[48;2;84;80;88m▀[38;2;84;80;88m[48;2;80;80;88m▀[38;2;80;80;84m[48;2;76;80;84m▀[38;2;76;80;84m[48;2;76;80;80m▀[38;2;72;76;80m[48;2;72;76;80m▀[48;2;68;76;76m▀[38;2;68;76;76m[48;2;68;72;76m▀[48;2;68;76;76m▀[38;2;72;76;80m[48;2;72;76;80m▀▀[38;2;80;76;80m[48;2;76;76;80m▀[38;2;80;80;84m[48;2;80;80;84m▀[38;2;80;80;88m[48;2;80;80;88m▀▀[38;2;84;80;88m[48;2;80;80;84m▀[38;2;76;76;80m▀[38;2;136;136;140m[48;2;76;76;80m▀[38;2;184;184;188m[48;2;132;136;140m▀[38;2;104;108;112m[48;2;180;184;188m▀[38;2;64;64;68m[48;2;116;116;124m▀[38;2;72;72;76m[48;2;64;64;68m▀[48;2;68;68;72m▀[38;2;68;72;76m▀[38;2;64;68;72m[48;2;60;64;68m▀[38;2;64;68;68m[48;2;56;60;60m▀[48;2;56;64;64m▀[38;2;64;72;72m[48;2;60;64;64m▀▀▀▀[48;2;60;68;68m▀[38;2;68;72;72m[48;2;64;68;68m▀[38;2;64;68;64m[48;2;68;72;68m▀[38;2;52;52;48m[48;2;72;72;72m▀[38;2;32;32;32m[48;2;60;60;60m▀[38;2;16;16;20m[48;2;32;28;32m▀[38;2;12;16;16m[48;2;24;20;24m▀[48;2;20;24;24m▀[38;2;8;12;12m[48;2;16;16;16m▀[38;2;8;16;12m[48;2;8;12;8m▀[0m
[38;2;144;152;144m[48;2;196;200;192m▀[38;2;192;200;192m[48;2;196;196;192m▀[38;2;196;204;196m[48;2;188;192;184m▀[38;2;196;200;192m[48;2;188;192;180m▀[38;2;192;196;184m[48;2;192;196;180m▀[38;2;192;200;180m[48;2;188;192;172m▀[38;2;192;200;184m[48;2;192;192;172m▀[38;2;192;196;192m▀[38;2;192;196;188m[48;2;188;188;172m▀[48;2;184;184;164m▀[38;2;188;192;184m▀[38;2;180;184;172m[48;2;180;180;160m▀[38;2;184;184;164m[48;2;180;184;160m▀[38;2;184;184;168m[48;2;188;184;172m▀[38;2;184;180;168m[48;2;192;192;180m▀[38;2;192;188;176m[48;2;156;156;152m▀[38;2;168;168;160m[48;2;100;104;96m▀[38;2;112;112;112m[48;2;92;96;96m▀[38;2;96;100;100m[48;2;92;96;100m▀[38;2;96;100;104m▀[38;2;92;100;100m▀[38;2;92;96;100m[48;2;96;96;100m▀[48;2;92;92;100m▀[38;2;88;92;100m[48;2;80;80;92m▀[38;2;80;84;92m▀[38;2;80;88;92m[48;2;84;84;96m▀[38;2;88;88;92m[48;2;88;88;92m▀▀▀[38;2;88;92;96m[48;2;84;88;92m▀[38;2;88;88;96m[48;2;88;88;92m▀[38;2;88;88;92m▀[38;2;92;92;96m▀[38;2;88;92;92m[48;2;88;92;92m▀▀[38;2;92;92;92m▀[38;2;92;92;96m[48;2;88;88;92m▀[38;2;88;92;92m▀▀[38;2;84;84;92m[48;2;84;84;88m▀[38;2;80;80;84m[48;2;76;76;80m▀▀[38;2;76;80;84m[48;2;72;76;80m▀[38;2;76;80;80m▀[38;2;72;76;80m▀[48;2;68;72;76m▀[38;2;68;72;76m[48;2;68;72;72m▀[48;2;64;68;72m▀[38;2;68;76;76m▀[38;2;72;76;76m▀▀[38;2;72;72;76m▀▀[48;2;68;64;72m▀[38;2;76;72;80m[48;2;68;68;76m▀[38;2;76;76;80m▀▀[38;2;68;72;76m[48;2;72;72;80m▀[38;2;120;120;124m[48;2;60;64;68m▀[38;2;180;180;188m[48;2;96;100;104m▀[38;2;144;144;148m[48;2;172;176;176m▀[38;2;72;76;80m[48;2;160;160;164m▀[38;2;56;56;60m[48;2;84;88;92m▀[38;2;60;64;64m[48;2;56;60;60m▀[38;2;56;60;64m[48;2;60;64;64m▀[38;2;56;64;64m[48;2;60;68;68m▀[38;2;60;64;64m[48;2;60;64;64m▀[38;2;56;64;64m▀▀[38;2;60;64;64m▀▀[38;2;60;68;68m[48;2;60;64;60m▀[38;2;64;68;68m[48;2;60;64;64m▀[38;2;72;68;72m[48;2;64;68;68m▀[48;2;68;68;68m▀[38;2;64;64;64m[48;2;72;68;72m▀[38;2;40;40;44m▀[38;2;28;28;32m[48;2;56;56;60m▀[38;2;24;24;28m[48;2;36;40;40m▀[38;2;20;20;24m[48;2;24;24;28m▀[0m
[38;2;200;200;192m[48;2;196;196;188m▀[38;2;196;196;188m[48;2;184;184;176m▀[38;2;184;184;176m▀[38;2;188;188;172m[48;2;184;188;172m▀[38;2;184;192;172m[48;2;184;188;168m▀[38;2;188;188;168m[48;2;188;188;168m▀[38;2;188;188;164m[48;2;184;180;164m▀[38;2;180;180;160m[48;2;164;164;140m▀[38;2;172;172;152m[48;2;168;168;148m▀[38;2;176;176;152m[48;2;184;184;164m▀[38;2;180;180;160m▀[38;2;180;180;156m▀[38;2;184;184;160m[48;2;192;188;176m▀[38;2;196;192;184m[48;2;140;136;136m▀[38;2;148;144;140m[48;2;92;84;88m▀[38;2;92;92;92m[48;2;92;92;100m▀[38;2;92;92;100m[48;2;92;96;104m▀[38;2;92;96;104m[48;2;92;92;104m▀[38;2;88;96;100m[48;2;88;92;100m▀[38;2;92;92;100m[48;2;88;92;96m▀[38;2;92;96;100m[48;2;92;96;100m▀[38;2;96;96;104m[48;2;88;88;96m▀[38;2;84;84;92m[48;2;68;68;76m▀[38;2;68;68;80m[48;2;72;72;80m▀[38;2;80;80;92m[48;2;84;84;96m▀[38;2;88;88;96m[48;2;88;88;100m▀[48;2;88;88;92m▀[38;2;88;88;92m[48;2;88;84;88m▀[38;2;88;88;88m[48;2;88;88;88m▀▀[48;2;84;84;88m▀▀[48;2;84;84;84m▀[48;2;80;80;84m▀[38;2;84;88;88m[48;2;80;80;80m▀[38;2;84;84;88m[48;2;76;80;80m▀[38;2;80;84;84m▀[38;2;80;80;84m[48;2;76;76;80m▀[48;2;76;76;76m▀[48;2;76;76;80m▀[38;2;72;76;80m▀[38;2;64;64;68m[48;2;60;60;64m▀[48;2;52;52;56m▀[38;2;68;72;76m[48;2;68;72;76m▀[38;2;68;72;72m▀[38;2;64;68;72m[48;2;64;68;72m▀[48;2;64;68;68m▀[38;2;60;64;68m[48;2;60;64;68m▀▀▀▀[38;2;60;68;68m▀[38;2;64;68;68m[48;2;64;64;68m▀[38;2;68;64;68m▀[38;2;68;68;72m[48;2;64;64;72m▀[38;2;68;68;76m[48;2;68;68;76m▀▀▀[38;2;64;72;76m[48;2;64;68;72m▀[38;2;60;64;68m[48;2;68;72;76m▀[38;2;76;80;84m[48;2;60;64;68m▀[38;2;140;148;148m[48;2;64;68;72m▀[38;2;168;172;176m[48;2;124;128;132m▀[38;2;116;124;124m[48;2;172;176;180m▀[38;2;60;68;68m[48;2;148;152;152m▀[38;2;52;56;56m[48;2;80;88;88m▀[38;2;56;64;64m[48;2;52;60;60m▀[48;2;56;64;64m▀[38;2;60;64;64m[48;2;60;68;68m▀[48;2;60;64;64m▀▀[38;2;60;64;60m▀[38;2;60;64;64m[48;2;60;64;60m▀▀[38;2;64;64;68m[48;2;64;64;64m▀[38;2;68;68;68m[48;2;64;68;68m▀[38;2;68;68;72m[48;2;68;68;72m▀[38;2;72;72;72m▀[38;2;68;68;72m▀[38;2;56;56;60m[48;2;68;72;72m▀[0m
[38;2;188;188;180m[48;2;188;188;176m▀[38;2;184;184;176m▀[38;2;188;188;176m[48;2;184;188;168m▀[38;2;184;184;168m[48;2;184;188;164m▀[38;2;184;184;164m▀▀[38;2;184;184;160m[48;2;188;188;168m▀[38;2;184;184;164m[48;2;192;192;172m▀[38;2;188;188;164m[48;2;192;188;168m▀[48;2;192;192;168m▀[38;2;192;188;172m[48;2;188;188;176m▀[38;2;188;184;176m[48;2;124;120;116m▀[38;2;132;132;124m[48;2;84;88;84m▀[38;2;92;88;92m[48;2;92;92;96m▀[38;2;96;92;104m[48;2;92;92;104m▀[38;2;92;92;100m[48;2;88;88;100m▀[38;2;88;88;100m[48;2;88;88;96m▀[48;2;88;88;100m▀[38;2;88;92;100m[48;2;84;88;96m▀[38;2;88;92;96m[48;2;88;92;96m▀[48;2;80;80;84m▀[38;2;68;72;76m[48;2;52;56;64m▀[38;2;60;64;68m[48;2;56;60;64m▀[38;2;72;76;80m[48;2;68;76;76m▀[38;2;84;84;88m[48;2;76;80;80m▀[38;2;80;84;88m[48;2;72;76;76m▀[38;2;84;84;84m[48;2;80;76;80m▀[38;2;84;80;84m[48;2;80;72;76m▀▀[38;2;84;76;80m▀[38;2;80;76;80m[48;2;76;72;76m▀[38;2;76;80;80m[48;2;76;76;80m▀[38;2;80;80;80m▀[38;2;76;76;80m[48;2;76;76;76m▀▀[48;2;76;76;80m▀[38;2;76;76;76m[48;2;76;72;80m▀[38;2;76;72;80m▀[38;2;72;72;76m▀▀[48;2;76;72;76m▀[38;2;64;64;68m[48;2;72;72;76m▀[38;2;44;44;48m[48;2;52;56;60m▀[38;2;56;56;60m[48;2;40;40;44m▀[38;2;68;72;76m[48;2;52;52;56m▀[38;2;64;68;72m[48;2;64;68;72m▀[38;2;60;64;68m[48;2;64;68;68m▀▀[48;2;60;64;68m▀▀▀[48;2;64;68;68m▀[48;2;64;68;72m▀[38;2;64;64;68m▀[38;2;64;68;72m[48;2;64;72;72m▀[38;2;68;68;72m[48;2;68;72;72m▀[38;2;64;68;72m[48;2;68;72;76m▀[38;2;68;68;72m▀[38;2;68;72;72m▀[38;2;68;72;76m▀▀▀[38;2;64;68;72m▀[38;2;96;100;104m[48;2;64;68;72m▀[38;2;156;160;164m[48;2;76;80;84m▀[38;2;164;172;172m[48;2;132;136;140m▀[38;2;116;120;120m[48;2;172;180;180m▀[38;2;64;72;72m[48;2;136;140;144m▀[38;2;56;60;60m[48;2;76;84;84m▀[38;2;60;68;68m[48;2;56;64;64m▀[48;2;60;64;68m▀[38;2;60;68;64m[48;2;60;68;68m▀[48;2;60;68;64m▀[48;2;64;68;68m▀[38;2;64;68;64m▀[38;2;64;68;68m▀▀[48;2;60;68;68m▀[48;2;60;64;68m▀[48;2;64;64;64m▀[0m
[38;2;184;188;172m[48;2;184;184;164m▀[38;2;184;184;172m[48;2;180;180;164m▀[38;2;184;184;164m[48;2;184;184;168m▀[38;2;184;188;164m[48;2;188;188;164m▀[48;2;188;188;168m▀[38;2;184;188;168m[48;2;184;188;160m▀[38;2;188;188;168m[48;2;188;188;160m▀[38;2;192;188;168m[48;2;192;188;172m▀[38;2;192;192;172m[48;2;188;188;176m▀[38;2;188;184;172m[48;2;124;124;120m▀[38;2;120;116;116m[48;2;84;84;84m▀[38;2;88;84;88m[48;2;88;88;92m▀[38;2;92;92;96m[48;2;84;88;92m▀[38;2;92;88;100m[48;2;80;84;92m▀[38;2;92;92;100m[48;2;84;84;92m▀[38;2;84;88;96m[48;2;80;80;92m▀[38;2;84;84;96m▀▀[38;2;80;84;92m▀[38;2;80;80;92m[48;2;64;68;76m▀[38;2;60;64;68m[48;2;52;52;64m▀[38;2;48;52;60m[48;2;52;56;64m▀[38;2;56;60;68m[48;2;64;68;76m▀[38;2;72;76;80m[48;2;72;76;84m▀[48;2;72;76;80m▀[38;2;72;76;76m[48;2;72;72;76m▀[38;2;76;76;76m[48;2;76;76;76m▀[38;2;80;72;76m[48;2;76;72;76m▀▀[38;2;76;72;76m[48;2;76;76;76m▀[48;2;76;72;76m▀[38;2;76;76;80m▀[38;2;76;76;76m▀[38;2;80;76;76m▀[38;2;76;76;76m[48;2;76;76;76m▀[48;2;76;76;80m▀[38;2;76;72;80m▀▀[48;2;76;72;80m▀[38;2;72;72;76m[48;2;76;76;80m▀[48;2;72;76;80m▀[48;2;76;76;80m▀[38;2;68;68;72m▀[38;2;52;52;56m[48;2;68;68;72m▀[38;2;44;44;52m[48;2;52;52;56m▀[38;2;56;60;64m[48;2;48;52;56m▀[38;2;64;68;72m[48;2;60;64;68m▀[48;2;64;68;72m▀[48;2;68;72;72m▀[48;2;64;72;72m▀[48;2;64;68;72m▀▀▀[38;2;68;72;72m▀[38;2;68;72;76m▀▀▀[48;2;64;72;72m▀▀[48;2;68;72;76m▀▀[48;2;64;72;72m▀[38;2;64;72;72m[48;2;64;68;72m▀[38;2;68;72;76m▀[48;2;68;72;76m▀▀[38;2;100;104;108m[48;2;60;68;68m▀[38;2;152;156;160m[48;2;80;84;88m▀[38;2;160;164;168m[48;2;132;140;144m▀[38;2;108;112;116m[48;2;164;168;172m▀[38;2;64;68;72m[48;2;140;144;148m▀[38;2;60;68;68m[48;2;64;72;72m▀[38;2;64;68;68m[48;2;48;52;56m▀[38;2;60;68;68m[48;2;60;64;72m▀[38;2;60;64;68m▀▀[38;2;64;64;68m▀[38;2;60;64;68m[48;2;60;64;68m▀[38;2;60;64;64m[48;2;60;64;64m▀▀[0m

     * Девять поворотов вниз, ни одного налево. pwd подтверждает. *

ART
