#!/bin/sh
# star-wars: meme «Star Wars Yoda». Regenerate: meme.py render "Star Wars Yoda"
cat <<'ART'

[38;2;20;32;32m[48;2;20;28;36m▀[38;2;16;28;36m[48;2;16;28;40m▀[38;2;16;32;36m[48;2;16;28;36m▀[38;2;16;32;40m[48;2;16;32;40m▀[38;2;20;32;40m▀[38;2;24;36;44m[48;2;20;36;40m▀[38;2;32;44;52m[48;2;28;44;48m▀[38;2;44;56;56m[48;2;40;56;48m▀[38;2;52;64;52m[48;2;56;68;52m▀[38;2;60;76;56m[48;2;64;76;56m▀[38;2;64;84;60m[48;2;64;84;56m▀[38;2;68;84;68m[48;2;68;84;64m▀[38;2;60;80;60m[48;2;60;76;56m▀[38;2;44;60;48m[48;2;44;60;48m▀[38;2;28;44;40m[48;2;32;44;40m▀[38;2;20;36;36m[48;2;24;36;36m▀[48;2;20;36;36m▀[48;2;24;36;40m▀[38;2;24;40;40m[48;2;24;40;40m▀[48;2;28;40;40m▀[38;2;28;40;44m▀[38;2;36;48;44m[48;2;36;52;44m▀[38;2;48;64;56m[48;2;56;72;64m▀[38;2;60;76;64m[48;2;68;84;76m▀[38;2;64;80;68m[48;2;72;88;80m▀[48;2;68;88;72m▀[38;2;60;76;60m▀[38;2;56;72;52m[48;2;68;80;60m▀[38;2;60;76;48m[48;2;68;80;56m▀[38;2;60;76;56m[48;2;72;84;68m▀[38;2;60;72;56m[48;2;68;84;64m▀[38;2;52;68;56m[48;2;64;80;64m▀[38;2;44;60;48m[48;2;56;76;64m▀[38;2;44;64;52m[48;2;48;68;56m▀[38;2;48;64;56m[48;2;48;68;60m▀[38;2;52;72;64m[48;2;56;72;64m▀[38;2;56;72;64m[48;2;60;76;68m▀[38;2;52;68;64m▀[38;2;44;60;56m[48;2;52;68;56m▀[38;2;44;60;48m[48;2;40;60;52m▀[38;2;44;60;56m[48;2;44;60;56m▀[38;2;52;64;56m[48;2;52;64;60m▀[38;2;52;68;60m[48;2;52;64;56m▀[38;2;52;64;56m▀[38;2;60;68;56m[48;2;60;68;56m▀[38;2;64;80;68m[48;2;68;80;68m▀[38;2;72;88;80m[48;2;72;88;80m▀[38;2;76;92;84m[48;2;76;88;84m▀[38;2;72;88;76m[48;2;68;84;72m▀[38;2;64;80;72m[48;2;64;72;68m▀[38;2;64;72;68m[48;2;64;72;64m▀[38;2;64;72;64m▀[38;2;64;72;60m[48;2;68;72;60m▀[38;2;64;68;60m[48;2;64;68;60m▀[38;2;56;64;56m[48;2;52;60;52m▀[38;2;44;56;52m[48;2;44;52;44m▀[38;2;44;52;52m[48;2;40;48;48m▀[38;2;44;48;48m[48;2;40;48;44m▀[38;2;36;48;48m▀[38;2;40;48;48m[48;2;40;48;48m▀[38;2;40;52;52m[48;2;44;52;52m▀[38;2;44;52;48m[48;2;44;56;52m▀[38;2;44;52;52m[48;2;40;56;52m▀[38;2;44;56;48m[48;2;44;60;52m▀[38;2;44;48;44m[48;2;44;52;48m▀[38;2;52;60;52m[48;2;48;56;48m▀[38;2;68;76;60m[48;2;64;76;64m▀[38;2;60;76;60m▀[38;2;52;68;56m[48;2;60;68;60m▀[0m
[38;2;20;28;36m[48;2;16;28;36m▀[48;2;20;32;36m▀[38;2;20;32;36m▀[38;2;16;32;32m[48;2;16;32;36m▀[38;2;16;32;40m▀[38;2;20;36;36m[48;2;20;36;36m▀[38;2;28;44;44m[48;2;32;44;44m▀[38;2;40;56;48m[48;2;40;56;52m▀[38;2;56;68;56m[48;2;56;72;60m▀[38;2;64;80;56m[48;2;64;80;56m▀[38;2;64;80;60m[48;2;64;84;56m▀[38;2;64;84;60m[48;2;64;80;60m▀[38;2;60;76;56m[48;2;52;72;52m▀[38;2;48;60;48m[48;2;40;56;48m▀[38;2;32;44;44m[48;2;32;40;40m▀[38;2;24;36;40m[48;2;24;36;36m▀[38;2;24;36;36m▀▀[38;2;24;40;36m[48;2;24;40;40m▀[38;2;28;40;40m[48;2;32;44;40m▀[38;2;32;44;44m[48;2;36;48;48m▀[38;2;40;56;52m[48;2;44;60;56m▀[38;2;56;72;60m[48;2;56;72;64m▀[38;2;64;80;72m[48;2;64;84;72m▀[38;2;68;88;72m[48;2;80;104;92m▀[38;2;72;92;72m[48;2;72;92;68m▀[38;2;72;88;68m[48;2;68;80;56m▀[38;2;76;88;64m[48;2;60;76;52m▀[38;2;76;92;72m[48;2;84;104;92m▀[38;2;76;92;76m[48;2;92;108;92m▀[38;2;64;80;60m[48;2;92;108;84m▀[38;2;56;68;48m[48;2;100;112;84m▀[38;2;60;76;56m[48;2;88;100;76m▀[38;2;60;76;64m[48;2;84;100;76m▀[38;2;52;68;60m[48;2;84;100;80m▀[38;2;60;76;68m[48;2;60;80;72m▀[38;2;64;80;76m[48;2;72;92;88m▀[38;2;64;84;76m[48;2;68;88;76m▀[38;2;60;80;76m[48;2;60;76;72m▀[38;2;48;68;64m[48;2;52;68;64m▀[38;2;44;64;60m[48;2;56;72;72m▀[38;2;52;68;64m[48;2;60;76;76m▀[38;2;52;68;60m[48;2;52;68;60m▀[38;2;48;64;56m[48;2;48;64;56m▀[38;2;56;68;56m[48;2;52;64;52m▀[38;2;68;84;64m[48;2;64;76;64m▀[38;2;76;88;80m[48;2;76;92;72m▀[48;2;76;88;76m▀[38;2;64;80;72m[48;2;68;80;76m▀[38;2;60;72;68m[48;2;64;72;68m▀[38;2;60;72;64m[48;2;64;72;64m▀[38;2;64;72;64m[48;2;68;76;68m▀[38;2;68;72;64m▀[38;2;64;72;56m[48;2;64;68;56m▀[38;2;52;60;52m[48;2;48;60;52m▀[38;2;40;52;48m[48;2;40;48;44m▀[38;2;40;48;48m[48;2;36;48;48m▀[38;2;40;48;44m[48;2;40;48;48m▀[38;2;36;48;44m▀[38;2;40;52;48m[48;2;40;52;48m▀[38;2;44;56;52m[48;2;40;56;56m▀[38;2;48;60;52m[48;2;44;60;56m▀[38;2;48;60;60m[48;2;48;60;60m▀[38;2;44;60;60m[48;2;44;60;60m▀[38;2;40;56;52m[48;2;44;56;52m▀[38;2;40;52;48m[48;2;40;52;48m▀[38;2;56;68;56m[48;2;52;64;52m▀[38;2;64;76;60m[48;2;60;72;56m▀[38;2;60;72;56m▀[0m
[38;2;20;28;36m[48;2;16;28;36m▀[38;2;16;32;36m[48;2;20;32;36m▀[38;2;16;32;40m▀[38;2;16;32;36m▀▀[38;2;24;36;40m[48;2;24;36;36m▀[38;2;32;44;44m[48;2;32;44;40m▀[38;2;44;60;48m[48;2;44;60;44m▀[38;2;56;76;60m[48;2;56;76;56m▀[38;2;68;80;56m[48;2;64;80;56m▀[38;2;68;84;56m[48;2;68;84;60m▀[38;2;64;80;60m[48;2;64;80;60m▀[38;2;52;72;52m[48;2;48;68;56m▀[38;2;40;56;44m[48;2;40;52;48m▀[38;2;28;40;36m[48;2;32;40;36m▀[38;2;20;36;36m[48;2;24;36;36m▀[48;2;24;36;40m▀[38;2;24;36;44m▀[38;2;28;36;40m[48;2;24;36;36m▀[38;2;28;40;36m[48;2;24;40;40m▀[38;2;36;44;40m[48;2;32;48;48m▀[38;2;44;60;48m[48;2;48;64;56m▀[38;2;56;76;60m[48;2;64;84;72m▀[38;2;76;96;88m[48;2;84;104;96m▀[38;2;84;112;104m[48;2;80;104;88m▀[38;2;72;92;76m[48;2;128;148;124m▀[38;2;92;112;88m[48;2;212;220;188m▀[38;2;148;156;124m[48;2;248;255;220m▀[38;2;204;212;180m[48;2;252;255;224m▀[38;2;232;240;208m▀[38;2;240;244;212m[48;2;255;255;228m▀[38;2;248;252;220m[48;2;252;255;224m▀[38;2;236;244;208m[48;2;244;248;216m▀[38;2;236;240;204m[48;2;244;252;220m▀[38;2;236;236;208m[48;2;255;255;224m▀[38;2;160;168;144m[48;2;255;255;232m▀[38;2;84;108;92m[48;2;228;236;204m▀[38;2;64;84;72m[48;2;144;156;132m▀[38;2;80;96;84m[48;2;80;96;92m▀[38;2;68;88;80m[48;2;88;116;112m▀[38;2;64;80;76m[48;2;72;92;84m▀[38;2;60;76;72m[48;2;56;72;68m▀[38;2;60;76;80m[48;2;72;92;88m▀[38;2;52;64;60m[48;2;56;68;68m▀[38;2;60;72;64m[48;2;56;72;64m▀[38;2;64;76;68m[48;2;68;80;72m▀[38;2;72;84;72m[48;2;68;76;68m▀[38;2;76;84;76m[48;2;68;76;64m▀[38;2;68;80;72m[48;2;72;80;72m▀[38;2;64;76;68m[48;2;68;76;64m▀[38;2;68;72;68m▀[38;2;72;76;68m[48;2;72;80;64m▀[38;2;68;76;64m[48;2;68;76;60m▀[38;2;60;68;56m[48;2;60;68;52m▀[38;2;48;56;52m[48;2;48;56;48m▀[38;2;40;48;44m[48;2;40;44;44m▀[38;2;36;48;44m▀[48;2;36;48;44m▀[38;2;40;48;44m▀[38;2;36;48;48m[48;2;40;48;44m▀[38;2;40;56;56m[48;2;40;52;52m▀[38;2;44;60;56m[48;2;44;60;52m▀[38;2;48;60;56m[48;2;48;60;56m▀[38;2;48;64;60m▀[38;2;44;60;52m[48;2;44;60;52m▀[38;2;40;56;48m[48;2;40;56;52m▀[38;2;44;60;52m[48;2;44;56;48m▀[38;2;56;72;56m[48;2;52;64;52m▀[38;2;60;68;60m[48;2;56;68;60m▀[0m
[38;2;16;28;36m[48;2;24;28;36m▀[38;2;20;32;40m[48;2;24;32;32m▀[38;2;24;36;36m[48;2;20;32;36m▀[38;2;20;32;36m[48;2;20;32;40m▀[38;2;20;32;32m[48;2;16;32;36m▀[38;2;20;36;36m[48;2;20;36;36m▀[38;2;32;44;40m[48;2;28;44;44m▀[38;2;44;56;44m[48;2;40;56;48m▀[38;2;56;76;56m[48;2;56;72;56m▀[38;2;64;80;60m[48;2;64;80;64m▀[38;2;64;84;64m[48;2;64;84;72m▀[38;2;64;80;68m[48;2;64;80;68m▀[38;2;52;68;60m[48;2;52;68;60m▀[38;2;40;56;52m[48;2;40;52;52m▀[38;2;32;40;40m[48;2;28;40;40m▀[38;2;20;36;36m[48;2;24;36;36m▀[38;2;24;36;36m▀[48;2;20;32;36m▀[48;2;24;36;40m▀[38;2;28;40;40m[48;2;32;44;40m▀[38;2;40;56;52m[48;2;48;64;60m▀[38;2;56;72;64m[48;2;72;92;92m▀[38;2;72;96;88m[48;2;76;100;92m▀[38;2;96;124;120m[48;2;124;148;132m▀[38;2;140;160;140m[48;2;176;192;176m▀[38;2;208;224;192m[48;2;184;204;184m▀[38;2;228;244;208m[48;2;172;192;176m▀[38;2;236;244;216m[48;2;188;204;184m▀[38;2;244;248;220m[48;2;236;244;208m▀[38;2;240;244;212m[48;2;244;252;216m▀[38;2;244;252;216m[48;2;248;252;220m▀[38;2;240;248;212m[48;2;244;252;216m▀[38;2;240;244;212m[48;2;240;248;212m▀[48;2;224;236;200m▀[38;2;248;252;216m[48;2;232;236;200m▀[38;2;252;252;220m[48;2;252;252;220m▀[38;2;255;255;220m[48;2;252;252;216m▀[38;2;255;255;224m▀[38;2;192;200;176m[48;2;255;255;232m▀[38;2;108;128;116m[48;2;224;228;196m▀[38;2;80;104;100m[48;2;144;156;136m▀[38;2;84;100;100m[48;2;100;120;120m▀[38;2;68;80;72m[48;2;108;120;124m▀[38;2;72;84;76m[48;2;92;112;112m▀[38;2;68;84;88m[48;2;96;116;116m▀[38;2;80;96;92m[48;2;108;124;124m▀[38;2;92;104;96m[48;2;116;132;132m▀[38;2;80;96;92m[48;2;104;116;120m▀[38;2;64;76;68m[48;2;80;92;88m▀[38;2;68;76;64m[48;2;64;72;64m▀▀[38;2;72;76;64m[48;2;68;76;64m▀[38;2;68;72;64m[48;2;64;68;60m▀[38;2;56;64;52m[48;2;56;60;52m▀[38;2;44;52;44m[48;2;44;52;44m▀[38;2;40;48;40m[48;2;36;48;44m▀[38;2;40;44;44m[48;2;40;44;48m▀[38;2;36;48;44m[48;2;40;44;44m▀[38;2;36;44;48m[48;2;40;52;48m▀[38;2;40;48;44m[48;2;36;40;40m▀[38;2;44;52;48m[48;2;28;36;36m▀[38;2;44;56;56m[48;2;32;44;40m▀[38;2;48;60;60m[48;2;32;48;44m▀[38;2;52;64;56m▀[38;2;48;64;52m[48;2;36;48;44m▀[38;2;40;56;52m[48;2;44;56;52m▀[38;2;40;52;48m[48;2;40;52;48m▀[38;2;44;56;48m[48;2;40;52;44m▀[38;2;56;64;56m[48;2;44;56;52m▀[0m
[38;2;20;28;36m[48;2;16;28;36m▀[38;2;20;32;32m▀[48;2;16;32;32m▀[38;2;20;32;36m[48;2;20;32;32m▀[38;2;16;32;36m▀[38;2;20;36;36m[48;2;20;32;36m▀[38;2;28;44;44m[48;2;28;40;40m▀[38;2;40;56;48m[48;2;40;52;48m▀[38;2;52;68;52m[48;2;48;64;52m▀[38;2;64;80;64m[48;2;56;72;60m▀[38;2;64;84;72m[48;2;64;80;68m▀[38;2;64;80;72m[48;2;64;80;72m▀[38;2;56;68;64m[48;2;52;68;64m▀[38;2;40;52;52m[48;2;40;52;48m▀[38;2;28;40;40m[48;2;28;40;36m▀[38;2;24;36;36m[48;2;20;36;40m▀[38;2;20;36;36m[48;2;20;36;36m▀[38;2;24;36;40m[48;2;24;40;40m▀[38;2;28;40;44m[48;2;24;36;36m▀[38;2;32;48;44m[48;2;44;56;52m▀[38;2;60;76;72m[48;2;52;68;64m▀[38;2;64;88;80m[48;2;72;96;84m▀[38;2;116;140;132m[48;2;160;184;168m▀[38;2;176;200;180m[48;2;172;196;172m▀[38;2;192;208;184m[48;2;196;212;180m▀[38;2;180;200;180m[48;2;208;216;188m▀[38;2;192;208;180m[48;2;212;224;188m▀[38;2;200;212;180m[48;2;208;220;184m▀[38;2;192;212;184m[48;2;184;204;176m▀[38;2;228;240;208m[48;2;200;216;188m▀[38;2;252;255;224m[48;2;244;252;216m▀[38;2;244;252;216m[48;2;252;255;224m▀[38;2;232;240;204m[48;2;248;255;220m▀[38;2;228;232;200m[48;2;255;255;228m▀[38;2;240;244;212m[48;2;252;255;220m▀[38;2;252;252;220m▀[48;2;255;255;232m▀[38;2;248;248;208m[48;2;255;255;224m▀[38;2;252;252;224m[48;2;255;255;228m▀[38;2;255;255;236m[48;2;255;255;232m▀[38;2;255;255;232m[48;2;252;252;224m▀[38;2;200;204;184m[48;2;255;255;228m▀[38;2;140;152;148m[48;2;220;220;196m▀[38;2;108;124;128m[48;2;188;192;180m▀[38;2;100;116;120m[48;2;164;176;168m▀[38;2;104;120;120m[48;2;144;152;152m▀[38;2;100;116;112m[48;2;116;128;120m▀[38;2;112;128;124m[48;2;112;128;128m▀[38;2;84;96;92m[48;2;108;120;124m▀[38;2;80;88;80m[48;2;76;84;72m▀[38;2;72;84;76m[48;2;72;84;68m▀[38;2;68;80;64m[48;2;68;76;64m▀[38;2;64;68;60m[48;2;56;68;56m▀[38;2;52;60;48m[48;2;48;56;52m▀[38;2;40;48;40m[48;2;40;48;44m▀[38;2;36;44;44m[48;2;44;48;44m▀[38;2;40;48;48m[48;2;28;36;32m▀[38;2;36;48;44m[48;2;36;48;40m▀[38;2;24;32;32m[48;2;120;136;116m▀[38;2;52;68;60m[48;2;168;192;160m▀[38;2;104;124;108m[48;2;112;128;92m▀[38;2;140;160;136m[48;2;84;96;56m▀[38;2;156;172;144m[48;2;88;100;64m▀[38;2;128;140;124m[48;2;112;124;84m▀[38;2;84;100;84m[48;2;152;164;128m▀[38;2;40;48;44m[48;2;120;128;112m▀[38;2;40;48;48m[48;2;40;48;44m▀[38;2;40;52;48m[48;2;40;52;52m▀[38;2;40;48;48m[48;2;40;48;48m▀[0m
[38;2;16;28;32m[48;2;16;28;28m▀[38;2;20;28;32m▀[48;2;20;28;28m▀[38;2;16;28;32m[48;2;20;28;32m▀[48;2;20;28;28m▀[38;2;20;32;32m[48;2;20;32;32m▀[38;2;28;40;40m[48;2;24;40;40m▀[38;2;36;44;48m[48;2;36;48;44m▀[38;2;44;60;52m[48;2;40;56;56m▀[38;2;52;68;60m[48;2;48;68;60m▀[38;2;60;76;64m[48;2;60;76;60m▀[38;2;64;80;64m[48;2;60;80;64m▀[38;2;52;68;64m[48;2;52;68;56m▀[38;2;40;52;48m[48;2;36;48;40m▀[38;2;28;40;36m[48;2;28;36;36m▀[38;2;24;36;36m▀[48;2;24;36;36m▀[38;2;28;40;40m[48;2;32;40;36m▀[48;2;32;44;40m▀[38;2;52;68;64m[48;2;60;84;84m▀[38;2;68;92;92m[48;2;88;112;108m▀[38;2;116;144;128m[48;2;152;180;156m▀[38;2;176;208;180m[48;2;196;220;184m▀[38;2;144;168;140m[48;2;220;232;196m▀[38;2;176;192;168m[48;2;160;180;152m▀[38;2;192;208;184m[48;2;136;156;136m▀[38;2;180;196;168m[48;2;176;196;172m▀[38;2;196;208;176m[48;2;200;220;184m▀[38;2;208;224;192m[48;2;212;228;188m▀[38;2;204;224;184m[48;2;208;228;192m▀[38;2;212;228;192m[48;2;184;208;180m▀[38;2;252;255;224m[48;2;192;212;180m▀[38;2;255;255;228m[48;2;216;228;196m▀[38;2;252;255;224m[48;2;216;228;192m▀[38;2;236;244;212m[48;2;220;228;192m▀[38;2;216;232;196m[48;2;224;228;196m▀[38;2;236;240;208m[48;2;236;240;212m▀[38;2;248;248;220m[48;2;244;248;216m▀[38;2;255;255;224m[48;2;252;252;220m▀[38;2;255;255;232m[48;2;255;255;228m▀[38;2;255;255;228m[48;2;248;252;216m▀[38;2;252;252;220m[48;2;244;248;208m▀[38;2;255;255;220m[48;2;252;252;216m▀[38;2;248;248;208m[48;2;252;248;212m▀[38;2;232;228;204m[48;2;228;224;196m▀[38;2;220;216;208m[48;2;232;224;204m▀[38;2;192;192;184m[48;2;236;232;208m▀[38;2;156;156;152m[48;2;200;200;192m▀[38;2;140;148;152m[48;2;168;172;172m▀[38;2;112;124;124m[48;2;164;172;172m▀[38;2;88;100;96m[48;2;128;140;140m▀[38;2;76;84;72m[48;2;116;128;124m▀[38;2;56;60;48m[48;2;68;76;72m▀[38;2;48;52;48m[48;2;44;56;40m▀[38;2;32;40;36m[48;2;76;84;68m▀[38;2;24;28;24m[48;2;164;172;144m▀[38;2;84;92;72m[48;2;212;232;196m▀[38;2;192;208;172m[48;2;120;140;104m▀[38;2;184;196;156m[48;2;52;56;20m▀[38;2;72;80;44m[48;2;56;56;24m▀[38;2;44;48;12m[48;2;76;88;52m▀[38;2;60;64;32m[48;2;92;104;60m▀[38;2;76;88;44m[48;2;68;68;40m▀[38;2;64;72;36m[48;2;44;48;44m▀[38;2;60;68;36m[48;2;40;48;48m▀[38;2;72;80;60m[48;2;36;44;40m▀[38;2;48;52;48m[48;2;40;48;44m▀[38;2;40;48;44m▀[38;2;40;48;48m[48;2;40;48;48m▀[0m
[38;2;20;28;32m[48;2;20;28;32m▀[38;2;16;28;28m[48;2;20;28;28m▀[38;2;20;28;28m▀[48;2;20;28;32m▀[48;2;20;28;28m▀[38;2;20;32;36m[48;2;20;32;36m▀[38;2;28;40;44m[48;2;32;44;44m▀[38;2;40;52;52m[48;2;44;60;56m▀[38;2;44;64;60m[48;2;52;72;68m▀[38;2;52;76;68m[48;2;64;84;72m▀[38;2;64;80;68m[48;2;68;84;68m▀[38;2;64;76;60m[48;2;64;76;60m▀[38;2;52;60;52m[48;2;48;56;48m▀[38;2;32;44;40m[48;2;32;40;36m▀[38;2;28;36;36m[48;2;24;36;36m▀[38;2;24;36;36m▀[38;2;32;40;44m[48;2;28;36;36m▀[38;2;36;44;44m[48;2;32;44;44m▀[38;2;40;52;52m[48;2;60;80;84m▀[38;2;72;92;92m[48;2;92;116;120m▀[38;2;124;152;140m[48;2;144;172;148m▀[38;2;184;208;176m[48;2;172;196;164m▀[38;2;184;204;168m[48;2;168;188;160m▀[38;2;220;232;200m[48;2;180;204;172m▀[38;2;220;228;196m[48;2;216;232;192m▀[38;2;204;208;180m[48;2;240;248;212m▀[38;2;168;188;164m[48;2;200;212;184m▀[38;2;168;192;160m[48;2;152;172;144m▀[38;2;196;216;184m[48;2;156;176;148m▀[38;2;188;208;176m[48;2;168;180;148m▀[38;2;164;180;152m[48;2;220;228;184m▀[38;2;156;168;132m[48;2;232;240;204m▀[38;2;180;188;148m[48;2;236;244;212m▀[38;2;208;216;176m[48;2;252;255;224m▀[38;2;236;244;204m[48;2;212;224;188m▀[38;2;252;255;224m[48;2;220;236;200m▀[38;2;255;255;232m[48;2;236;248;212m▀[38;2;255;255;228m[48;2;244;248;212m▀[38;2;255;255;232m[48;2;255;255;228m▀[38;2;252;255;228m[48;2;228;236;204m▀[38;2;248;252;220m[48;2;192;204;184m▀[38;2;255;255;228m[48;2;212;228;204m▀[38;2;255;255;224m[48;2;200;220;200m▀[38;2;255;255;220m[48;2;208;224;196m▀[38;2;255;252;212m[48;2;232;236;200m▀[38;2;244;240;212m[48;2;252;248;216m▀[38;2;240;236;212m[48;2;248;244;212m▀[38;2;212;212;196m[48;2;248;248;220m▀[38;2;200;204;188m[48;2;248;248;224m▀[38;2;224;224;208m[48;2;255;255;232m▀[38;2;212;216;196m[48;2;248;252;224m▀[38;2;232;236;212m[48;2;204;208;180m▀[38;2;204;216;196m[48;2;164;172;144m▀[38;2;200;212;180m[48;2;108;120;80m▀[38;2;204;220;184m[48;2;72;76;36m▀[38;2;164;180;144m[48;2;48;52;16m▀[38;2;80;88;48m[48;2;64;64;28m▀[38;2;52;52;16m[48;2;72;76;40m▀[38;2;56;60;28m[48;2;72;84;44m▀[38;2;76;88;48m[48;2;96;108;60m▀[38;2;100;116;68m[48;2;72;80;44m▀[38;2;60;64;36m[48;2;36;40;36m▀[38;2;36;44;40m[48;2;36;44;44m▀[38;2;36;44;44m[48;2;40;44;44m▀[38;2;40;48;48m[48;2;36;48;44m▀[38;2;40;48;44m[48;2;36;44;48m▀▀[38;2;40;48;48m[48;2;36;48;44m▀[38;2;40;52;48m[48;2;44;56;48m▀[0m
[38;2;20;28;32m[48;2;20;32;32m▀[48;2;16;24;28m▀[38;2;20;28;28m[48;2;16;28;28m▀[38;2;16;28;32m[48;2;20;28;28m▀[38;2;20;28;28m▀[38;2;24;36;32m[48;2;20;36;32m▀[38;2;32;48;44m[48;2;32;48;44m▀[38;2;48;64;56m[48;2;48;64;56m▀[38;2;60;76;72m[48;2;60;76;64m▀[38;2;72;88;68m[48;2;68;80;68m▀[38;2;68;80;68m[48;2;64;80;60m▀[38;2;64;68;56m[48;2;56;72;52m▀[38;2;44;56;36m[48;2;40;52;40m▀[38;2;28;40;36m[48;2;28;40;32m▀[38;2;24;32;36m[48;2;28;36;32m▀[38;2;24;32;28m[48;2;36;48;48m▀[38;2;28;36;32m[48;2;52;68;64m▀[38;2;52;72;72m[48;2;64;84;84m▀[38;2;84;112;120m[48;2;84;104;108m▀[38;2;112;144;140m[48;2;108;136;128m▀[38;2;144;168;148m[48;2;128;156;136m▀[38;2;148;172;144m[48;2;132;152;136m▀[38;2;156;180;152m[48;2;144;168;140m▀[38;2;180;204;168m[48;2;168;192;164m▀[38;2;208;224;192m[48;2;188;208;176m▀[38;2;228;244;204m[48;2;184;204;168m▀[38;2;228;244;212m[48;2;188;204;176m▀[38;2;200;216;188m[48;2;228;240;208m▀[38;2;176;192;164m[48;2;236;248;212m▀[38;2;180;200;172m[48;2;192;208;176m▀[38;2;196;220;188m[48;2;144;164;136m▀[38;2;228;244;200m[48;2;148;176;140m▀[38;2;216;232;200m[48;2;176;200;176m▀[38;2;236;248;220m[48;2;184;208;192m▀[38;2;236;244;212m[48;2;204;216;200m▀[38;2;196;212;188m[48;2;156;176;160m▀[38;2;192;216;196m[48;2;124;152;136m▀[38;2;216;224;192m[48;2;140;152;128m▀[38;2;232;240;204m[48;2;144;164;136m▀[38;2;188;208;180m[48;2;100;116;92m▀[38;2;132;148;120m[48;2;84;84;48m▀[38;2;104;120;96m[48;2;64;64;28m▀[38;2;92;120;96m[48;2;60;64;28m▀[38;2;92;116;88m[48;2;64;64;28m▀[38;2;104;124;96m▀[38;2;184;188;156m[48;2;100;104;68m▀[38;2;255;255;224m[48;2;232;232;200m▀[38;2;252;252;216m[48;2;248;248;212m▀[38;2;255;255;228m[48;2;240;244;212m▀[38;2;244;248;220m[48;2;216;216;204m▀[38;2;168;176;156m[48;2;132;140;136m▀[38;2;72;76;52m[48;2;68;72;44m▀[38;2;52;56;20m[48;2;76;76;40m▀[38;2;60;60;28m[48;2;96;104;72m▀[38;2;76;76;44m[48;2;96;112;76m▀[38;2;80;84;48m▀[38;2;84;92;56m[48;2;92;108;72m▀[38;2;80;88;52m[48;2;92;108;68m▀[38;2;80;92;56m[48;2;108;120;80m▀[38;2;80;88;48m[48;2;56;60;44m▀[38;2;40;44;36m[48;2;32;40;44m▀[38;2;36;40;44m[48;2;32;44;44m▀[38;2;36;44;40m[48;2;36;44;40m▀[38;2;36;44;44m▀[48;2;40;44;44m▀[48;2;36;44;44m▀[48;2;40;48;48m▀[38;2;40;48;48m[48;2;48;56;48m▀[38;2;52;56;48m[48;2;52;60;48m▀[0m
[38;2;24;32;28m[48;2;24;32;32m▀[38;2;20;28;32m[48;2;20;28;28m▀[38;2;16;24;28m[48;2;16;24;28m▀[38;2;16;28;28m[48;2;20;24;28m▀[48;2;20;28;32m▀[38;2;24;36;36m[48;2;28;36;40m▀[38;2;36;52;52m[48;2;40;52;52m▀[38;2;48;64;56m[48;2;48;64;60m▀[38;2;60;72;64m[48;2;56;72;64m▀[38;2;60;80;60m[48;2;56;76;60m▀[38;2;60;76;56m[48;2;56;72;56m▀[38;2;48;68;56m[48;2;48;60;48m▀[38;2;36;48;40m[48;2;36;44;40m▀[38;2;28;36;32m[48;2;28;36;32m▀[38;2;28;36;36m[48;2;24;36;36m▀[38;2;56;72;76m[48;2;48;64;68m▀[38;2;60;76;80m[48;2;64;84;88m▀[38;2;68;84;88m[48;2;92;124;128m▀[38;2;112;140;148m[48;2;116;148;152m▀[38;2;120;144;136m[48;2;132;152;132m▀[38;2;152;176;156m[48;2;136;156;128m▀[38;2;152;172;152m[48;2;140;164;132m▀[38;2;132;152;128m[48;2;160;184;160m▀[38;2;136;160;132m[48;2;144;168;148m▀[38;2;160;180;148m[48;2;180;208;176m▀[38;2;200;212;176m[48;2;208;228;200m▀[38;2;240;248;208m[48;2;204;228;204m▀[38;2;244;255;220m[48;2;184;212;192m▀[38;2;252;255;228m[48;2;176;200;180m▀[38;2;255;255;232m[48;2;188;208;184m▀[38;2;212;224;196m[48;2;188;208;188m▀[38;2;116;136;108m[48;2;136;156;132m▀[38;2;108;132;88m[48;2;84;100;64m▀[38;2;112;140;120m[48;2;72;84;52m▀[38;2;128;152;136m[48;2;80;88;60m▀[38;2;92;108;84m▀[38;2;72;80;56m[48;2;72;80;52m▀[38;2;88;92;68m[48;2;80;92;56m▀[38;2;92;108;76m[48;2;72;84;48m▀[38;2;80;88;52m[48;2;80;92;60m▀[38;2;84;84;52m[48;2;132;144;120m▀[38;2;124;132;96m[48;2;172;184;160m▀[38;2;140;148;112m[48;2;184;200;168m▀[38;2;132;132;96m[48;2;204;212;176m▀[38;2;108;104;68m[48;2;220;216;176m▀[38;2;80;76;36m[48;2;164;160;120m▀[38;2;188;184;152m[48;2;180;176;132m▀[38;2;252;248;224m[48;2;248;248;216m▀[38;2;192;200;180m[48;2;156;164;156m▀[38;2;156;164;156m[48;2;108;120;116m▀[38;2;112;120;116m[48;2;88;92;84m▀[38;2;64;76;52m[48;2;76;84;64m▀[38;2;84;104;76m[48;2;96;116;100m▀[38;2;96;108;84m[48;2;108;124;96m▀[38;2;104;120;92m[48;2;112;124;96m▀[38;2;104;116;88m[48;2;108;120;88m▀[38;2;88;96;64m[48;2;132;148;116m▀[38;2;124;140;104m[48;2;120;140;108m▀[38;2;96;104;76m[48;2;48;56;40m▀[38;2;36;36;36m[48;2;32;36;36m▀[38;2;32;44;40m[48;2;32;40;36m▀[48;2;32;40;40m▀[48;2;36;40;40m▀[38;2;36;40;44m[48;2;36;40;44m▀[38;2;36;44;44m[48;2;36;44;40m▀▀[38;2;40;48;44m[48;2;44;52;44m▀[38;2;48;56;48m[48;2;52;60;48m▀[38;2;52;64;52m[48;2;56;64;48m▀[0m
[38;2;24;32;28m[48;2;24;36;32m▀[38;2;20;28;24m[48;2;24;32;28m▀[38;2;16;24;28m[48;2;20;28;28m▀[38;2;16;28;28m▀[38;2;20;32;32m[48;2;20;32;32m▀[38;2;28;40;36m[48;2;32;40;40m▀[38;2;40;52;48m[48;2;44;56;44m▀[38;2;52;68;60m[48;2;56;68;52m▀[38;2;56;72;60m[48;2;60;76;60m▀[38;2;60;72;60m[48;2;60;72;60m▀[38;2;52;68;56m[48;2;52;64;52m▀[38;2;48;56;48m[48;2;40;56;44m▀[38;2;36;48;44m[48;2;32;48;44m▀[38;2;32;44;44m[48;2;40;52;56m▀[48;2;40;52;52m▀[38;2;48;64;68m[48;2;56;80;76m▀[38;2;92;116;128m[48;2;108;136;148m▀[38;2;100;132;140m[48;2;112;140;144m▀[38;2;124;152;152m[48;2;120;144;144m▀[38;2;104;120;100m[48;2;136;152;144m▀[38;2;100;116;88m[48;2;124;136;116m▀[38;2;112;140;108m[48;2;88;112;80m▀[38;2;140;160;136m[48;2;108;124;96m▀[38;2;144;176;156m[48;2;124;156;136m▀[38;2;136;172;156m[48;2;88;116;100m▀[38;2;140;176;164m[48;2;80;104;76m▀[38;2;108;144;124m[48;2;76;84;52m▀[38;2;92;120;96m[48;2;60;64;32m▀[38;2;84;112;84m[48;2;60;64;36m▀[38;2;80;104;72m[48;2;68;76;44m▀[38;2;96;116;88m[48;2;64;80;48m▀[38;2;108;124;96m[48;2;76;88;56m▀[38;2;92;104;76m[48;2;80;92;60m▀[38;2;80;88;56m[48;2;76;84;48m▀[38;2;92;108;76m[48;2;104;124;92m▀[38;2;108;136;112m[48;2;116;144;124m▀[38;2;92;108;88m[48;2;124;148;132m▀[38;2;76;84;52m[48;2;100;108;88m▀[38;2;68;72;44m[48;2;84;88;56m▀[38;2;100;116;88m[48;2;112;124;92m▀[38;2;116;140;116m[48;2;108;132;100m▀[38;2;132;152;132m[48;2;92;108;84m▀[38;2;160;180;148m[48;2;60;68;48m▀[38;2;176;188;156m[48;2;44;52;32m▀[38;2;204;208;172m[48;2;60;72;60m▀[38;2;220;224;192m[48;2;84;88;68m▀[38;2;216;212;176m[48;2;168;168;132m▀[38;2;232;228;196m[48;2;220;212;180m▀[38;2;172;176;168m[48;2;180;176;168m▀[38;2;152;160;164m[48;2;156;160;160m▀[38;2;120;136;132m[48;2;136;144;144m▀[38;2;116;128;112m[48;2;160;168;168m▀[38;2;132;144;124m[48;2;164;172;160m▀[38;2;128;132;112m[48;2;180;184;160m▀[38;2;120;128;100m[48;2;184;192;176m▀[38;2;156;176;148m[48;2;136;148;124m▀[38;2;160;176;140m[48;2;72;80;52m▀[38;2;72;80;56m[48;2;40;44;40m▀[38;2;28;40;40m[48;2;40;48;48m▀[38;2;32;40;40m[48;2;36;40;40m▀[38;2;32;36;40m[48;2;32;36;40m▀[38;2;36;40;40m[48;2;32;40;40m▀[48;2;32;40;36m▀[48;2;36;40;40m▀[38;2;36;44;40m[48;2;36;44;40m▀[38;2;40;44;40m[48;2;40;48;40m▀[38;2;44;52;44m[48;2;52;56;44m▀[38;2;52;64;48m[48;2;60;64;48m▀[38;2;60;68;52m[48;2;68;72;48m▀[0m
[38;2;16;28;20m[48;2;60;72;60m▀[38;2;4;16;16m[48;2;128;136;112m▀[48;2;124;132;108m▀[48;2;108;120;92m▀[38;2;4;12;20m[48;2;104;116;96m▀[38;2;12;20;20m▀[38;2;28;36;28m[48;2;100;116;92m▀[38;2;40;48;40m[48;2;108;124;100m▀[38;2;48;56;44m[48;2;128;140;108m▀[38;2;44;52;44m[48;2;120;136;116m▀[38;2;36;48;36m[48;2;108;124;108m▀[38;2;24;36;32m[48;2;96;108;92m▀[38;2;16;28;28m[48;2;80;96;80m▀[38;2;16;28;32m[48;2;84;104;88m▀[38;2;32;44;44m[48;2;116;136;116m▀[38;2;84;112;112m[48;2;164;180;160m▀[38;2;112;144;152m[48;2;192;212;192m▀[38;2;144;172;176m[48;2;196;216;200m▀[38;2;140;164;156m[48;2;188;204;188m▀[38;2;156;172;156m[48;2;152;176;168m▀[38;2;140;160;140m[48;2;132;152;132m▀[38;2;104;128;100m[48;2;124;148;124m▀[38;2;104;132;104m[48;2;92;116;92m▀[38;2;76;100;76m[48;2;48;60;32m▀[38;2;68;80;52m[48;2;60;64;32m▀[38;2;68;76;48m[48;2;60;68;36m▀[38;2;60;60;28m[48;2;112;124;92m▀[38;2;84;92;60m[48;2;156;168;144m▀[38;2;120;132;108m[48;2;168;192;172m▀[38;2;120;136;120m[48;2;176;200;180m▀[38;2;108;120;100m[48;2;144;164;140m▀[38;2;80;88;56m[48;2;100;116;88m▀[38;2;76;80;48m[48;2;84;96;68m▀[38;2;76;88;56m[48;2;84;96;64m▀[38;2;96;116;80m[48;2;96;112;76m▀[38;2;112;132;108m[48;2;132;156;136m▀[38;2;132;148;128m[48;2;168;188;176m▀[38;2;116;128;100m[48;2;172;184;156m▀[38;2;88;92;52m[48;2;96;100;56m▀[38;2;88;96;52m[48;2;68;64;16m▀[38;2;60;72;56m[48;2;68;68;44m▀[38;2;40;52;44m[48;2;92;112;108m▀[38;2;12;12;0m[48;2;68;80;56m▀[38;2;36;44;20m[48;2;92;104;80m▀[38;2;124;140;152m[48;2;124;132;120m▀[38;2;120;116;104m[48;2;148;152;124m▀[38;2;164;160;124m[48;2;216;208;180m▀[38;2;232;228;188m[48;2;248;244;204m▀[38;2;184;180;160m[48;2;200;196;168m▀[38;2;136;136;136m[48;2;176;176;172m▀[38;2;132;132;120m[48;2;212;216;204m▀[38;2;160;168;160m[48;2;204;212;192m▀[38;2;196;212;184m[48;2;176;196;172m▀[38;2;184;200;168m[48;2;132;152;120m▀[38;2;116;124;92m[48;2;72;72;52m▀[38;2;80;84;56m[48;2;76;84;84m▀[38;2;44;52;40m[48;2;40;48;44m▀[38;2;32;40;36m[48;2;32;40;36m▀[38;2;32;40;40m▀[38;2;40;48;44m▀[38;2;36;36;36m▀[38;2;32;40;40m[48;2;32;36;40m▀[48;2;32;40;40m▀[38;2;36;40;40m▀[38;2;36;44;44m[48;2;36;44;40m▀[38;2;44;52;40m[48;2;44;52;44m▀[38;2;52;60;44m[48;2;56;60;44m▀[38;2;64;68;48m[48;2;64;68;48m▀[38;2;68;72;52m[48;2;68;76;56m▀[0m
[38;2;108;120;104m[48;2;24;28;20m▀[38;2;144;148;112m[48;2;40;44;12m▀[38;2;92;92;44m[48;2;68;72;24m▀[38;2;96;96;52m[48;2;68;72;36m▀[38;2;124;128;80m[48;2;44;48;8m▀[38;2;156;164;120m[48;2;44;44;0m▀[38;2;140;152;116m[48;2;52;52;16m▀[38;2;124;132;96m[48;2;52;52;12m▀[38;2;132;136;96m[48;2;44;48;12m▀[38;2;152;160;116m[48;2;48;44;12m▀[38;2;140;152;112m[48;2;52;48;12m▀[38;2;152;172;128m[48;2;56;56;16m▀[38;2;200;224;184m[48;2;64;68;24m▀[38;2;168;196;160m[48;2;60;60;24m▀[38;2;164;188;152m[48;2;52;56;28m▀[38;2;180;196;168m[48;2;64;72;52m▀[38;2;196;220;200m[48;2;72;88;68m▀[38;2;184;200;192m[48;2;100;112;96m▀[38;2;192;208;196m[48;2;124;140;132m▀[38;2;156;172;164m[48;2;128;144;140m▀[38;2;136;152;140m[48;2;120;140;128m▀[38;2;124;148;124m[48;2;108;132;104m▀[38;2;84;104;76m[48;2;80;100;72m▀[38;2;44;52;24m[48;2;52;60;36m▀[38;2;56;64;36m[48;2;72;84;56m▀[38;2;84;96;64m[48;2;80;92;68m▀[38;2;112;136;112m[48;2;88;108;84m▀[38;2;136;160;144m[48;2;76;96;80m▀[38;2;164;192;172m[48;2;56;68;52m▀[38;2;164;184;164m[48;2;24;28;12m▀[38;2;108;128;108m[48;2;48;64;64m▀[38;2;84;100;68m[48;2;84;92;84m▀[38;2;88;96;60m[48;2;108;120;76m▀[38;2;92;100;64m[48;2;100;116;72m▀[38;2;108;124;88m[48;2;124;136;100m▀[38;2;136;164;148m[48;2;132;168;152m▀[38;2;180;208;192m[48;2;136;176;172m▀[38;2;216;232;208m[48;2;168;200;192m▀[38;2;184;200;172m[48;2;180;208;188m▀[38;2;112;124;88m[48;2;140;168;136m▀[38;2;88;96;52m[48;2;92;108;72m▀[38;2;76;80;44m[48;2;84;96;60m▀[38;2;72;80;52m[48;2;60;68;36m▀[38;2;56;64;40m[48;2;56;56;28m▀[38;2;44;52;24m[48;2;56;56;32m▀[38;2;96;100;72m[48;2;104;120;92m▀[38;2;208;208;180m[48;2;180;200;176m▀[38;2;248;248;212m[48;2;172;184;160m▀[38;2;204;204;160m[48;2;176;184;160m▀[38;2;136;132;108m[48;2;96;88;56m▀[38;2;184;184;180m[48;2;84;80;52m▀[38;2;188;192;184m[48;2;100;104;80m▀[38;2;172;184;172m[48;2;124;124;112m▀[38;2;104;120;112m[48;2;96;104;108m▀[38;2;80;88;88m[48;2;60;72;76m▀[38;2;76;80;76m[48;2;48;60;60m▀[38;2;32;40;32m[48;2;44;48;44m▀[38;2;32;40;40m[48;2;36;40;40m▀[38;2;32;40;36m[48;2;32;40;40m▀[48;2;32;40;36m▀[38;2;32;36;36m[48;2;32;36;36m▀[38;2;32;36;40m[48;2;28;36;36m▀[38;2;28;40;36m▀[38;2;32;40;36m[48;2;32;40;36m▀[38;2;36;44;40m[48;2;36;40;40m▀[38;2;44;52;44m[48;2;44;52;44m▀[38;2;56;60;48m[48;2;56;60;48m▀[38;2;64;72;52m[48;2;64;68;52m▀[38;2;68;76;52m[48;2;68;76;52m▀[0m
[38;2;28;44;40m[48;2;28;44;40m▀[38;2;24;36;28m[48;2;28;36;36m▀[38;2;44;44;20m[48;2;20;32;28m▀[38;2;88;92;52m[48;2;28;36;16m▀[38;2;104;116;76m[48;2;56;56;24m▀[38;2;92;100;64m[48;2;100;108;64m▀[38;2;80;80;48m[48;2;104;128;88m▀[38;2;72;72;40m[48;2;72;84;56m▀[38;2;56;64;28m[48;2;76;80;48m▀[38;2;56;56;20m[48;2;80;84;48m▀[38;2;60;60;24m[48;2;80;88;44m▀[38;2;56;56;24m[48;2;84;88;52m▀[38;2;52;52;20m[48;2;84;96;64m▀[38;2;52;52;24m[48;2;88;100;72m▀[38;2;60;60;36m[48;2;76;84;52m▀[38;2;48;44;20m[48;2;56;52;32m▀[38;2;44;56;28m[48;2;60;60;36m▀[38;2;64;76;64m[48;2;64;68;52m▀[38;2;80;96;84m[48;2;48;56;40m▀[38;2;92;108;96m[48;2;56;76;64m▀[38;2;100;116;108m[48;2;88;108;108m▀[38;2;92;112;84m[48;2;96;120;92m▀[38;2;80;104;72m[48;2;88;104;76m▀[38;2;72;84;56m[48;2;76;92;60m▀[38;2;68;80;52m[48;2;64;72;44m▀[38;2;64;80;56m[48;2;52;52;32m▀[38;2;52;64;52m[48;2;32;32;24m▀[38;2;48;60;64m[48;2;64;80;84m▀[38;2;20;24;12m[48;2;56;68;60m▀[38;2;16;20;4m[48;2;68;80;60m▀[38;2;88;108;96m[48;2;80;88;60m▀[38;2;128;140;120m[48;2;96;112;64m▀[38;2;108;128;84m[48;2;128;152;112m▀[38;2;108;128;92m[48;2;108;124;92m▀[38;2;116;140;108m[48;2;60;72;36m▀[38;2;80;112;88m[48;2;48;48;16m▀[38;2;60;88;68m[48;2;36;36;8m▀[38;2;60;80;64m[48;2;40;40;12m▀[38;2;60;68;44m[48;2;68;68;32m▀[38;2;84;96;60m[48;2;140;152;116m▀[38;2;120;136;104m[48;2;188;208;176m▀[38;2;92;104;68m[48;2;120;132;92m▀[38;2;96;116;76m[48;2;76;80;44m▀[38;2;84;104;72m[48;2;80;92;52m▀[38;2;92;108;80m[48;2;84;100;52m▀[38;2;108;124;88m[48;2;68;76;32m▀[38;2;80;96;64m[48;2;48;48;16m▀[38;2;76;88;64m[48;2;44;44;12m▀[38;2;100;104;72m[48;2;60;56;20m▀[38;2;108;100;80m[48;2;144;144;132m▀[38;2;128;124;116m[48;2;188;188;192m▀[38;2;104;112;104m[48;2;160;168;168m▀[38;2;88;92;84m[48;2;100;112;112m▀[38;2;84;92;84m[48;2;84;92;88m▀[38;2;44;56;52m[48;2;56;68;60m▀[38;2;40;48;48m[48;2;40;44;40m▀[38;2;32;40;36m[48;2;40;48;40m▀[38;2;40;40;36m[48;2;40;40;36m▀[38;2;28;40;36m[48;2;36;40;32m▀[38;2;28;36;40m[48;2;32;36;36m▀[38;2;28;40;40m[48;2;28;40;40m▀[38;2;28;40;36m[48;2;28;36;36m▀[48;2;32;36;40m▀[38;2;28;36;36m[48;2;32;36;36m▀[38;2;32;40;40m[48;2;32;40;40m▀[38;2;44;48;40m[48;2;36;48;40m▀[38;2;52;60;44m[48;2;48;60;44m▀[38;2;60;68;48m[48;2;60;64;52m▀[38;2;68;72;56m[48;2;64;68;52m▀[0m
[38;2;32;44;40m[48;2;36;44;36m▀[38;2;28;40;32m[48;2;32;40;36m▀[38;2;24;36;32m[48;2;24;36;32m▀[38;2;20;32;32m[48;2;20;32;28m▀[38;2;24;36;24m[48;2;20;36;32m▀[38;2;52;56;20m[48;2;28;36;32m▀[38;2;96;108;68m[48;2;44;48;20m▀[38;2;116;132;92m[48;2;76;84;40m▀[38;2;84;92;60m[48;2;108;128;92m▀[38;2;68;76;44m[48;2;124;140;100m▀[48;2;120;128;88m▀[38;2;76;96;60m[48;2;104;120;84m▀[38;2;96;112;72m[48;2;100;108;72m▀[38;2;104;112;80m[48;2;104;108;80m▀[38;2;84;88;60m[48;2;92;96;76m▀[38;2;56;56;32m[48;2;60;60;40m▀[38;2;56;60;40m[48;2;56;56;40m▀[38;2;56;52;28m[48;2;52;52;40m▀[38;2;40;40;20m[48;2;40;36;24m▀[38;2;40;48;40m[48;2;52;60;64m▀[38;2;76;88;84m[48;2;72;80;72m▀[38;2;96;112;88m[48;2;76;84;52m▀[38;2;88;104;72m[48;2;84;104;68m▀[38;2;80;96;68m[48;2;80;100;68m▀[38;2;68;80;52m[48;2;76;96;64m▀[38;2;68;76;44m[48;2;76;88;56m▀[38;2;60;72;36m[48;2;76;96;60m▀[38;2;44;44;20m[48;2;64;76;44m▀[38;2;44;48;28m[48;2;52;56;28m▀[38;2;56;64;32m[48;2;52;60;32m▀[38;2;72;80;40m[48;2;56;64;36m▀[38;2;88;96;60m[48;2;96;108;76m▀[38;2;124;152;116m[48;2;112;128;92m▀[38;2;108;120;76m[48;2;104;120;84m▀[38;2;80;88;48m[48;2;128;148;108m▀[38;2;80;92;60m[48;2;128;156;112m▀[38;2;80;88;48m[48;2;120;148;108m▀[48;2;116;140;108m▀[38;2;136;156;120m[48;2;152;176;144m▀[38;2;184;204;176m[48;2;176;200;172m▀[38;2;180;196;160m[48;2;180;196;164m▀[38;2;172;192;152m[48;2;176;196;156m▀[38;2;116;128;96m[48;2;168;188;152m▀[38;2;68;68;32m[48;2;120;132;96m▀[38;2;68;68;28m[48;2;96;104;72m▀[38;2;64;68;32m[48;2;68;76;40m▀[38;2;68;72;32m[48;2;60;64;28m▀[38;2;60;56;16m[48;2;68;68;24m▀[38;2;92;88;56m[48;2;104;100;64m▀[38;2;168;164;156m[48;2;180;172;168m▀[38;2;144;148;148m[48;2;160;160;164m▀[38;2;180;188;184m[48;2;104;116;124m▀[38;2;140;152;152m[48;2;152;160;168m▀[38;2;76;92;88m[48;2;76;92;84m▀[38;2;72;80;72m[48;2;48;48;40m▀[38;2;44;48;48m[48;2;40;44;44m▀[38;2;40;44;44m[48;2;36;40;36m▀[38;2;32;40;36m[48;2;32;40;32m▀[38;2;32;36;36m[48;2;32;40;36m▀[48;2;28;36;36m▀[38;2;28;40;36m[48;2;24;36;36m▀[48;2;28;36;36m▀[38;2;32;36;36m[48;2;28;40;36m▀[48;2;28;36;36m▀[38;2;32;40;36m[48;2;32;40;36m▀[38;2;40;44;40m[48;2;40;48;40m▀[38;2;48;56;44m[48;2;48;56;40m▀[38;2;60;64;52m[48;2;56;64;44m▀[38;2;64;68;52m[48;2;64;68;48m▀[0m
[38;2;32;44;40m[48;2;32;44;44m▀[48;2;32;44;40m▀[38;2;28;36;36m[48;2;28;40;36m▀[38;2;20;32;28m[48;2;24;32;32m▀[48;2;20;28;28m▀[38;2;24;32;32m[48;2;20;32;28m▀[38;2;28;36;36m[48;2;24;36;28m▀[38;2;36;44;24m[48;2;28;40;36m▀[38;2;44;52;20m[48;2;40;44;32m▀[38;2;84;92;48m[48;2;44;48;24m▀[38;2;108;120;76m[48;2;44;52;20m▀[38;2;136;152;108m[48;2;48;60;20m▀[38;2;156;172;140m[48;2;84;108;68m▀[38;2;120;128;100m[48;2;140;160;136m▀[38;2;92;100;72m[48;2;144;160;128m▀[38;2;72;76;52m[48;2;112;124;96m▀[48;2;96;104;80m▀[38;2;56;56;40m[48;2;92;100;76m▀[38;2;56;52;36m[48;2;68;72;44m▀[38;2;60;68;64m[48;2;72;88;64m▀[38;2;68;68;48m[48;2;68;72;48m▀[38;2;64;60;32m[48;2;60;60;28m▀[38;2;76;84;52m[48;2;60;64;32m▀[38;2;72;84;56m[48;2;60;68;40m▀[38;2;68;84;56m[48;2;64;76;48m▀[38;2;76;96;64m[48;2;68;84;52m▀[38;2;84;108;80m▀[38;2;80;96;60m[48;2;64;76;40m▀[38;2;72;84;44m[48;2;64;76;32m▀[38;2;68;76;44m[48;2;68;80;40m▀[38;2;80;100;60m[48;2;80;92;44m▀[38;2;96;120;76m[48;2;72;80;36m▀[38;2;72;84;44m[48;2;76;80;40m▀[38;2;104;128;88m[48;2;112;136;96m▀[38;2;128;152;112m[48;2;128;148;112m▀[38;2;124;144;100m[48;2;120;140;100m▀[38;2;104;128;92m[48;2;96;120;80m▀[38;2;116;144;116m[48;2;108;136;100m▀[38;2;148;172;140m[48;2;112;132;96m▀[38;2;176;188;160m[48;2;136;152;120m▀[38;2;144;164;128m[48;2;104;112;76m▀[38;2;144;160;124m[48;2;76;80;48m▀[38;2;136;148;116m[48;2;72;68;36m▀[38;2;104;112;72m[48;2;76;80;36m▀[38;2;76;80;40m[48;2;68;76;32m▀[38;2;68;72;36m[48;2;60;64;28m▀[38;2;48;48;16m[48;2;64;60;20m▀[38;2;56;48;12m[48;2;60;52;12m▀[38;2;100;92;56m[48;2;104;92;60m▀[38;2;164;160;152m[48;2;176;168;160m▀[38;2;172;168;168m[48;2;168;164;164m▀[38;2;108;112;112m[48;2;132;136;136m▀[38;2;100;112;112m[48;2;80;88;84m▀[38;2;72;80;76m[48;2;56;60;52m▀[38;2;52;56;48m[48;2;36;44;32m▀[38;2;40;48;44m[48;2;36;36;36m▀[38;2;32;36;36m[48;2;28;36;36m▀[48;2;24;36;32m▀[48;2;28;36;28m▀[38;2;36;36;36m[48;2;28;36;32m▀[38;2;32;36;40m[48;2;32;40;36m▀[38;2;28;36;36m[48;2;28;36;32m▀[48;2;28;36;36m▀[38;2;28;36;40m[48;2;32;36;36m▀[38;2;36;40;40m[48;2;36;40;36m▀[38;2;40;48;40m[48;2;40;48;40m▀[38;2;52;56;40m[48;2;52;56;36m▀[38;2;60;64;44m[48;2;60;64;40m▀[38;2;64;68;52m[48;2;64;68;48m▀[0m
[38;2;32;40;36m[48;2;32;36;40m▀[38;2;36;44;36m[48;2;36;40;36m▀[38;2;32;40;36m[48;2;32;40;32m▀[38;2;24;32;32m[48;2;28;36;32m▀[38;2;20;28;28m[48;2;20;32;28m▀[38;2;20;28;32m[48;2;16;28;28m▀[48;2;20;28;32m▀[38;2;24;36;32m[48;2;28;36;36m▀[38;2;36;44;40m[48;2;36;44;40m▀[38;2;36;44;32m[48;2;40;48;36m▀[48;2;36;44;40m▀[38;2;40;52;36m[48;2;28;36;36m▀[38;2;48;60;32m[48;2;28;40;40m▀[38;2;64;76;40m[48;2;40;52;40m▀[38;2;88;100;68m[48;2;44;52;32m▀[38;2;108;120;88m[48;2;52;60;32m▀[38;2;104;124;96m[48;2;52;68;36m▀[38;2;92;112;80m[48;2;48;60;28m▀[38;2;68;88;60m[48;2;52;64;36m▀[38;2;52;72;44m[48;2;52;56;36m▀[38;2;52;52;28m[48;2;44;44;20m▀[38;2;56;60;32m[48;2;56;60;32m▀[38;2;56;60;28m[48;2;64;72;40m▀[38;2;52;56;28m[48;2;56;56;32m▀[38;2;52;64;32m[48;2;44;52;24m▀[38;2;52;60;32m[48;2;48;48;20m▀[38;2;52;56;24m[48;2;52;56;24m▀[48;2;56;64;24m▀[38;2;52;56;20m[48;2;72;84;36m▀[38;2;60;64;24m[48;2;76;80;36m▀[38;2;72;80;32m[48;2;64;64;24m▀[38;2;64;64;24m[48;2;72;80;40m▀[38;2;96;104;68m[48;2;80;88;52m▀[38;2;104;120;88m[48;2;52;60;32m▀[38;2;104;124;84m[48;2;56;60;32m▀[38;2;92;104;64m[48;2;52;60;28m▀[38;2;72;76;44m[48;2;56;64;28m▀[38;2;84;92;56m[48;2;52;56;24m▀[38;2;80;84;52m▀[38;2;60;60;24m[48;2;52;60;36m▀[38;2;60;72;44m[48;2;56;68;40m▀[38;2;56;68;44m[48;2;64;60;24m▀[38;2;68;64;24m[48;2;72;68;28m▀[38;2;76;76;28m[48;2;72;68;24m▀[38;2;72;72;28m[48;2;64;60;24m▀[38;2;60;56;16m▀[48;2;60;56;24m▀[38;2;64;56;20m[48;2;76;68;28m▀[38;2;132;124;100m[48;2;144;136;120m▀[38;2;148;148;140m[48;2;140;144;140m▀[38;2;168;164;164m[48;2;132;136;132m▀[38;2;136;144;144m[48;2;136;140;132m▀[38;2;88;100;100m[48;2;80;92;88m▀[38;2;44;52;44m[48;2;60;68;68m▀[38;2;36;40;36m[48;2;40;48;48m▀[38;2;28;36;32m[48;2;32;40;40m▀[48;2;28;40;36m▀[48;2;28;36;36m▀[48;2;28;32;36m▀[38;2;28;32;32m[48;2;28;32;32m▀[38;2;28;36;36m[48;2;28;36;36m▀[48;2;32;36;32m▀[38;2;28;36;32m[48;2;28;36;36m▀[38;2;32;40;36m[48;2;36;40;36m▀[38;2;36;44;36m[48;2;36;48;36m▀[38;2;44;52;40m[48;2;48;52;36m▀[38;2;56;60;40m[48;2;56;60;40m▀[38;2;60;64;40m[48;2;64;64;44m▀[38;2;64;68;44m[48;2;64;68;44m▀[0m
[38;2;28;36;36m[48;2;28;40;32m▀[38;2;32;40;36m▀[48;2;32;40;36m▀[38;2;28;36;32m[48;2;28;36;32m▀[38;2;20;28;28m[48;2;20;32;32m▀[38;2;16;24;28m[48;2;16;24;28m▀[48;2;16;24;24m▀[38;2;24;32;32m[48;2;20;28;28m▀[38;2;32;40;40m[48;2;32;40;40m▀[38;2;44;48;44m[48;2;40;52;44m▀[38;2;36;44;36m[48;2;32;44;36m▀[38;2;24;32;32m[48;2;28;36;32m▀[38;2;20;32;28m[48;2;20;28;24m▀[38;2;24;36;36m[48;2;32;44;40m▀[38;2;56;68;68m[48;2;48;56;56m▀[38;2;68;80;76m[48;2;48;64;60m▀[38;2;64;76;64m[48;2;76;96;92m▀[38;2;64;72;60m[48;2;92;108;104m▀[38;2;92;108;100m[48;2;100;116;116m▀[38;2;92;104;92m[48;2;88;104;96m▀[38;2;60;64;40m[48;2;68;84;68m▀[38;2;56;60;32m[48;2;64;68;44m▀[38;2;64;72;44m[48;2;56;64;36m▀[38;2;64;64;36m[48;2;52;56;32m▀[38;2;52;52;24m[48;2;52;52;24m▀[38;2;48;52;24m[48;2;48;52;20m▀[38;2;48;60;28m[48;2;44;48;16m▀[38;2;56;68;36m[48;2;44;48;24m▀[38;2;64;72;40m[48;2;36;36;12m▀[38;2;60;64;24m[48;2;44;44;16m▀[38;2;56;60;24m[48;2;56;60;24m▀[38;2;64;64;28m[48;2;44;48;20m▀[38;2;40;44;16m[48;2;60;68;32m▀[38;2;60;68;36m[48;2;68;80;40m▀[38;2;56;64;32m[48;2;56;64;20m▀[38;2;68;84;56m[48;2;52;56;20m▀[38;2;72;92;56m[48;2;44;44;12m▀[38;2;60;76;40m[48;2;48;52;12m▀[38;2;56;64;32m[48;2;44;44;12m▀[38;2;48;52;24m[48;2;44;40;12m▀[38;2;52;48;16m[48;2;48;48;20m▀[38;2;68;64;24m[48;2;60;60;32m▀[38;2;68;64;20m[48;2;72;68;28m▀[38;2;72;68;28m[48;2;68;64;24m▀[38;2;64;60;24m[48;2;52;48;16m▀[38;2;64;60;20m[48;2;56;48;16m▀[38;2;68;60;24m[48;2;76;68;28m▀[38;2;96;84;44m[48;2;92;84;48m▀[38;2;124;120;100m[48;2;120;120;104m▀[38;2;148;144;136m[48;2;144;140;128m▀[38;2;128;136;132m[48;2;116;120;112m▀[38;2;124;128;128m[48;2;124;132;132m▀[38;2;60;64;60m[48;2;88;92;88m▀[38;2;44;48;44m[48;2;36;44;36m▀[38;2;36;40;32m[48;2;36;40;36m▀[38;2;28;36;36m[48;2;36;40;32m▀[48;2;32;36;36m▀[48;2;24;36;36m▀[48;2;24;36;32m▀[38;2;24;36;32m▀[38;2;24;36;36m[48;2;24;36;36m▀[38;2;28;36;36m▀[38;2;24;36;36m▀[38;2;36;40;32m[48;2;36;36;36m▀[38;2;40;44;36m[48;2;40;44;36m▀[38;2;48;52;40m[48;2;48;52;40m▀[38;2;60;60;44m[48;2;60;64;44m▀[38;2;64;68;44m[48;2;64;68;44m▀[48;2;68;68;48m▀[0m
[38;2;24;40;36m[48;2;28;40;36m▀[38;2;32;40;36m[48;2;32;40;32m▀[38;2;32;40;32m▀[38;2;28;36;32m[48;2;28;40;32m▀[38;2;20;32;28m[48;2;24;32;24m▀[38;2;16;28;28m[48;2;16;28;24m▀[38;2;12;24;24m[48;2;12;24;24m▀[38;2;16;24;28m[48;2;16;24;28m▀[38;2;28;40;36m[48;2;20;36;32m▀[38;2;36;52;40m[48;2;36;48;36m▀[38;2;36;44;40m[48;2;36;44;32m▀[38;2;28;40;36m[48;2;32;44;36m▀[38;2;20;32;32m[48;2;32;44;40m▀[38;2;36;44;40m[48;2;24;36;36m▀[38;2;32;44;48m[48;2;32;44;44m▀[38;2;48;64;68m[48;2;76;92;96m▀[38;2;92;108;104m[48;2;104;120;124m▀[38;2;104;116;112m[48;2;76;100;92m▀[38;2;88;108;104m[48;2;88;112;112m▀[38;2;80;100;100m[48;2;96;120;116m▀[38;2;72;92;84m[48;2;88;112;96m▀[38;2;84;96;84m[48;2;84;96;92m▀[38;2;72;76;56m[48;2;60;72;60m▀[38;2;48;52;24m[48;2;52;56;28m▀[38;2;44;48;24m[48;2;44;44;24m▀[38;2;44;44;16m[48;2;40;40;16m▀[38;2;40;40;12m[48;2;36;40;8m▀[38;2;28;32;8m[48;2;36;40;16m▀[38;2;36;36;8m[48;2;36;40;12m▀[38;2;40;48;16m[48;2;32;36;8m▀[38;2;40;44;12m[48;2;32;32;8m▀[38;2;40;40;16m[48;2;32;36;8m▀[38;2;44;48;20m[48;2;32;36;12m▀[38;2;52;56;20m[48;2;36;36;8m▀[38;2;48;52;16m[48;2;44;44;12m▀[48;2;48;52;20m▀[38;2;48;44;16m[48;2;48;56;24m▀[38;2;52;56;20m[48;2;56;68;36m▀[38;2;48;56;28m[48;2;48;56;32m▀[38;2;44;52;24m[48;2;44;56;28m▀[38;2;52;64;44m[48;2;44;60;36m▀[38;2;68;80;56m[48;2;48;56;36m▀[38;2;72;72;36m[48;2;56;52;20m▀[38;2;52;48;12m[48;2;52;44;12m▀[38;2;48;44;12m[48;2;56;48;16m▀[38;2;68;60;24m[48;2;72;68;24m▀[38;2;72;68;28m[48;2;64;60;20m▀[38;2;108;104;64m[48;2;160;152;116m▀[38;2;116;124;108m[48;2;244;244;216m▀[38;2;132;132;124m[48;2;212;212;188m▀[38;2;124;124;116m[48;2;228;228;204m▀[38;2;84;88;76m[48;2;208;208;180m▀[38;2;84;88;80m[48;2;200;196;168m▀[38;2;36;48;36m[48;2;160;164;136m▀[38;2;32;36;24m[48;2;196;188;168m▀[38;2;28;32;32m[48;2;76;80;60m▀[38;2;36;44;40m[48;2;16;24;16m▀[48;2;28;40;32m▀[38;2;28;36;36m▀[38;2;24;36;32m[48;2;28;36;36m▀[38;2;24;32;32m[48;2;24;36;36m▀[38;2;24;36;32m[48;2;24;36;32m▀▀[38;2;32;40;32m[48;2;32;40;32m▀[38;2;40;44;32m[48;2;40;44;32m▀[38;2;48;52;36m[48;2;48;52;36m▀[38;2;60;64;44m[48;2;56;64;44m▀[38;2;64;68;48m[48;2;60;64;44m▀[38;2;68;68;52m[48;2;64;68;48m▀[0m
[38;2;28;40;36m[48;2;32;36;32m▀[38;2;32;40;36m[48;2;28;40;32m▀[38;2;28;40;32m[48;2;32;40;32m▀[38;2;28;36;32m[48;2;28;36;32m▀[38;2;24;32;28m[48;2;24;32;28m▀[38;2;16;28;24m[48;2;16;28;24m▀[38;2;12;24;24m[48;2;12;24;24m▀[38;2;16;24;24m[48;2;16;24;24m▀[38;2;20;32;28m[48;2;20;28;24m▀[38;2;28;40;28m[48;2;24;40;28m▀[38;2;32;44;32m[48;2;32;44;36m▀[38;2;28;44;32m[48;2;28;44;32m▀[38;2;20;36;28m[48;2;24;36;32m▀[38;2;24;36;36m[48;2;28;40;40m▀[38;2;36;52;44m[48;2;40;52;44m▀[38;2;76;96;96m[48;2;76;92;92m▀[38;2;88;104;100m[48;2;68;88;72m▀[38;2;64;84;68m[48;2;72;92;76m▀[38;2;68;88;72m[48;2;72;88;76m▀[38;2;68;92;76m[48;2;80;96;88m▀[38;2;64;88;72m[48;2;140;156;144m▀[38;2;80;100;92m[48;2;220;224;200m▀[38;2;144;156;144m[48;2;255;255;236m▀[38;2;172;176;156m[48;2;255;255;244m▀[38;2;48;52;24m[48;2;92;96;68m▀[38;2;32;36;12m[48;2;24;24;0m▀[38;2;32;32;12m[48;2;24;24;8m▀[48;2;20;20;4m▀[38;2;24;24;8m▀[38;2;20;24;4m[48;2;16;16;4m▀[38;2;28;28;8m[48;2;20;16;4m▀[48;2;24;24;8m▀[38;2;32;32;8m[48;2;28;24;8m▀[38;2;36;36;8m[48;2;32;32;8m▀[38;2;36;36;12m▀[38;2;40;40;12m[48;2;24;24;4m▀[38;2;40;48;20m[48;2;24;24;8m▀[38;2;44;60;32m[48;2;28;28;12m▀[38;2;48;64;36m▀[48;2;32;36;12m▀[38;2;32;40;12m[48;2;40;40;12m▀[38;2;40;40;12m[48;2;48;48;12m▀[38;2;52;48;16m[48;2;52;44;16m▀[38;2;52;44;12m[48;2;56;48;16m▀[38;2;60;52;20m[48;2;56;56;20m▀[38;2;56;52;20m[48;2;56;56;24m▀[38;2;68;64;20m[48;2;44;44;16m▀[38;2;64;56;24m[48;2;32;24;12m▀[38;2;196;188;156m[48;2;132;116;84m▀[38;2;252;248;220m[48;2;136;124;92m▀[38;2;255;244;212m[48;2;220;212;188m▀[38;2;255;255;224m[48;2;228;220;196m▀[38;2;255;255;220m[48;2;244;236;204m▀[38;2;255;255;232m[48;2;252;244;208m▀[48;2;252;244;204m▀[38;2;232;236;204m[48;2;255;252;216m▀[38;2;136;136;112m[48;2;255;255;232m▀[38;2;24;32;20m[48;2;172;172;144m▀[38;2;28;36;32m[48;2;36;48;36m▀[38;2;32;36;36m[48;2;20;28;24m▀[38;2;28;36;32m[48;2;28;36;32m▀[38;2;24;36;32m▀[38;2;28;36;36m[48;2;32;40;36m▀[38;2;36;44;32m[48;2;36;44;36m▀[38;2;44;44;36m[48;2;44;48;32m▀[38;2;52;52;36m[48;2;52;56;36m▀[38;2;56;64;44m[48;2;56;60;40m▀[38;2;60;64;44m[48;2;60;64;44m▀[38;2;64;68;48m▀[0m
[38;2;28;40;36m[48;2;28;40;28m▀[38;2;32;40;32m[48;2;32;40;32m▀[48;2;32;44;32m▀[38;2;32;36;32m[48;2;32;40;28m▀[38;2;24;32;28m▀[38;2;16;24;28m[48;2;28;36;24m▀[38;2;12;20;24m▀[38;2;12;24;24m[48;2;32;36;24m▀[38;2;16;28;24m[48;2;36;40;24m▀[38;2;24;36;28m[48;2;40;48;32m▀[38;2;32;44;32m[48;2;44;52;36m▀[38;2;36;44;36m[48;2;44;56;40m▀[38;2;28;40;36m▀[38;2;28;44;32m[48;2;40;56;36m▀[38;2;48;64;52m[48;2;56;72;56m▀[38;2;76;92;80m[48;2;72;84;72m▀[38;2;72;88;72m[48;2;60;76;60m▀[38;2;64;80;64m[48;2;132;148;128m▀[38;2;132;144;132m[48;2;240;240;216m▀[38;2;220;224;204m[48;2;248;248;216m▀[38;2;255;255;228m[48;2;240;240;208m▀[38;2;255;252;224m[48;2;224;224;204m▀[48;2;216;216;204m▀[38;2;204;208;184m[48;2;100;112;100m▀[38;2;44;48;32m[48;2;4;8;4m▀[38;2;36;36;8m[48;2;28;24;12m▀[38;2;28;28;8m[48;2;28;28;12m▀[38;2;16;20;4m[48;2;24;24;8m▀[38;2;16;16;4m[48;2;20;20;8m▀[38;2;20;16;4m▀[48;2;20;16;4m▀[38;2;24;20;4m[48;2;20;20;4m▀[38;2;24;24;8m▀[38;2;24;28;8m[48;2;24;24;4m▀[38;2;28;28;8m[48;2;28;24;4m▀[38;2;28;28;4m▀[38;2;28;24;4m[48;2;32;32;8m▀[48;2;32;28;8m▀[38;2;32;28;4m[48;2;28;28;4m▀[38;2;44;36;4m[48;2;40;36;8m▀[38;2;48;40;8m▀[38;2;44;44;12m▀[38;2;44;36;8m[48;2;36;28;8m▀[38;2;48;44;12m[48;2;36;32;4m▀[38;2;44;48;20m[48;2;20;24;8m▀[38;2;36;36;16m[48;2;24;24;4m▀[38;2;24;20;4m[48;2;56;36;12m▀[38;2;80;60;40m[48;2;108;84;52m▀[38;2;212;200;176m[48;2;184;176;152m▀[38;2;128;124;100m[48;2;184;188;176m▀[38;2;104;96;60m[48;2;120;124;100m▀[38;2;188;176;160m[48;2;60;56;24m▀[38;2;232;220;192m[48;2;172;160;128m▀[38;2;244;228;192m[48;2;248;232;196m▀[38;2;240;224;192m[48;2;176;164;132m▀[38;2;244;232;192m[48;2;180;168;136m▀[38;2;248;236;196m[48;2;204;192;160m▀[38;2;255;252;208m[48;2;216;208;180m▀[38;2;216;220;188m[48;2;244;240;208m▀[38;2;96;104;84m[48;2;252;248;220m▀[38;2;32;36;32m[48;2;164;168;144m▀[38;2;28;40;32m[48;2;60;72;60m▀[38;2;36;40;32m[48;2;32;40;32m▀[38;2;40;44;36m[48;2;44;48;36m▀[38;2;44;48;36m[48;2;48;52;32m▀[38;2;52;56;36m[48;2;52;56;36m▀[38;2;60;60;40m[48;2;56;60;40m▀[38;2;60;64;44m[48;2;60;64;44m▀[38;2;60;60;44m▀[0m
[38;2;36;44;28m[48;2;52;60;28m▀[38;2;40;48;24m[48;2;56;64;28m▀[38;2;48;52;28m[48;2;68;72;32m▀[38;2;52;56;32m[48;2;76;80;40m▀[38;2;56;56;32m[48;2;80;84;44m▀[38;2;56;60;32m[48;2;84;88;40m▀▀[38;2;60;64;28m[48;2;88;88;40m▀[38;2;68;64;32m[48;2;88;84;36m▀[38;2;68;68;32m[48;2;88;84;40m▀[38;2;68;72;40m[48;2;92;88;40m▀[38;2;72;76;44m[48;2;96;96;44m▀[38;2;68;76;44m[48;2;92;96;48m▀[48;2;88;96;48m▀[38;2;60;76;48m[48;2;88;96;52m▀[38;2;92;112;96m[48;2;160;172;160m▀[38;2;156;172;152m[48;2;232;236;216m▀[38;2;228;232;208m[48;2;212;216;200m▀[38;2;216;220;204m[48;2;188;200;200m▀[38;2;196;204;200m[48;2;168;180;184m▀[38;2;188;196;192m[48;2;136;152;156m▀[38;2;184;188;180m[48;2;108;124;116m▀[38;2;172;184;176m[48;2;88;100;88m▀[38;2;84;96;88m[48;2;88;104;96m▀[38;2;16;16;8m[48;2;44;48;32m▀[38;2;8;4;4m[48;2;20;20;16m▀[38;2;24;24;8m[48;2;4;8;4m▀[48;2;20;24;12m▀[38;2;24;28;12m[48;2;24;28;16m▀[48;2;20;24;8m▀[38;2;24;24;8m[48;2;20;24;12m▀[48;2;20;20;8m▀[38;2;24;20;4m[48;2;16;20;4m▀[38;2;24;24;4m[48;2;16;20;8m▀[38;2;28;28;8m[48;2;20;20;8m▀[38;2;32;28;8m[48;2;24;24;8m▀[38;2;32;32;8m[48;2;32;32;12m▀[38;2;28;28;8m[48;2;32;28;8m▀[38;2;32;32;4m▀[38;2;40;40;12m[48;2;36;36;8m▀[38;2;48;48;12m[48;2;40;40;8m▀[38;2;40;40;12m[48;2;32;40;16m▀[38;2;28;28;12m[48;2;24;32;12m▀[38;2;16;12;0m[48;2;16;12;0m▀[38;2;16;12;4m[48;2;24;16;4m▀[38;2;40;28;12m[48;2;36;20;8m▀[38;2;64;40;12m[48;2;60;36;12m▀[38;2;96;76;40m[48;2;76;60;36m▀[38;2;128;124;96m[48;2;92;84;56m▀[38;2;196;192;172m[48;2;224;212;184m▀[38;2;220;212;196m[48;2;180;176;152m▀[38;2;152;148;120m[48;2;248;240;212m▀[38;2;56;52;16m[48;2;188;184;152m▀[38;2;200;188;156m[48;2;76;68;40m▀[38;2;208;196;156m[48;2;188;172;140m▀[38;2;92;80;44m[48;2;152;140;104m▀[38;2;140;128;96m[48;2;104;92;56m▀[38;2;132;132;96m[48;2;96;88;48m▀[38;2;156;152;124m[48;2;112;108;76m▀[38;2;236;232;204m[48;2;192;192;164m▀[38;2;255;255;228m[48;2;255;252;220m▀[38;2;156;160;136m[48;2;248;248;232m▀[38;2;28;36;20m[48;2;104;116;92m▀[38;2;48;48;36m[48;2;36;40;24m▀[38;2;48;52;36m[48;2;48;52;36m▀[38;2;52;56;36m[48;2;48;56;36m▀[38;2;56;60;36m[48;2;56;60;40m▀[38;2;60;60;40m[48;2;60;60;44m▀[38;2;56;64;40m[48;2;56;64;44m▀[0m
[38;2;60;68;28m[48;2;56;64;32m▀[38;2;68;72;36m▀[38;2;76;80;40m[48;2;60;72;40m▀[38;2;88;92;52m[48;2;72;84;48m▀[38;2;96;100;56m[48;2;84;92;56m▀[38;2;96;104;48m[48;2;84;92;48m▀[38;2;92;96;48m[48;2;76;80;40m▀[38;2;88;92;44m[48;2;64;72;36m▀[38;2;80;84;36m[48;2;56;60;32m▀[38;2;80;84;40m[48;2;56;64;36m▀[38;2;92;88;40m[48;2;72;76;36m▀[38;2;104;100;44m[48;2;88;92;40m▀[38;2;104;108;48m[48;2;96;100;44m▀[38;2;100;100;48m[48;2;96;100;52m▀[38;2;132;140;112m[48;2;176;192;180m▀[38;2;204;216;204m[48;2;184;200;200m▀[38;2;192;200;196m[48;2;152;168;176m▀[38;2;168;184;184m[48;2;140;156;156m▀[38;2;148;164;168m[48;2;124;140;140m▀[38;2;132;144;148m[48;2;112;128;128m▀[38;2;112;128;124m[48;2;96;112;100m▀[38;2;96;116;100m[48;2;80;88;60m▀[38;2;80;92;80m[48;2;56;64;44m▀[48;2;52;60;44m▀[38;2;84;96;80m[48;2;84;96;80m▀[38;2;44;56;44m[48;2;76;88;80m▀[38;2;4;4;4m[48;2;24;28;24m▀[38;2;8;8;4m[48;2;0;0;0m▀[38;2;12;16;8m[48;2;4;4;0m▀[38;2;12;12;4m[48;2;4;0;0m▀[48;2;4;4;0m▀[38;2;12;8;4m▀[38;2;12;12;4m▀▀[38;2;12;8;4m[48;2;4;0;0m▀[38;2;16;12;0m[48;2;8;4;0m▀[38;2;20;16;8m[48;2;12;4;0m▀[38;2;20;12;4m[48;2;16;8;4m▀[38;2;16;16;4m[48;2;20;12;4m▀[38;2;24;24;4m[48;2;28;20;4m▀[38;2;32;32;8m[48;2;24;20;8m▀[38;2;24;24;8m[48;2;12;8;0m▀[38;2;16;16;4m[48;2;16;8;0m▀[38;2;20;12;8m▀[38;2;20;12;4m[48;2;16;12;4m▀[38;2;28;16;8m▀[38;2;40;24;12m[48;2;36;24;8m▀[38;2;28;16;4m[48;2;20;16;4m▀[38;2;144;136;108m[48;2;128;120;100m▀[38;2;255;248;212m[48;2;252;244;212m▀[38;2;216;212;184m[48;2;248;240;200m▀[38;2;216;208;180m[48;2;252;240;208m▀[38;2;255;255;228m[48;2;244;240;204m▀[38;2;196;192;160m[48;2;255;252;220m▀[38;2;64;52;16m[48;2;196;188;152m▀[38;2;160;144;108m[48;2;60;44;8m▀[38;2;196;184;148m[48;2;152;136;104m▀[38;2;108;100;60m[48;2;200;188;156m▀[38;2;88;80;44m[48;2;116;112;76m▀[38;2;168;160;136m[48;2;140;140;116m▀[38;2;228;220;192m[48;2;204;200;180m▀[38;2;255;255;244m[48;2;252;252;220m▀[38;2;228;232;204m[48;2;255;255;228m▀[38;2;56;60;40m[48;2;120;124;100m▀[38;2;44;48;36m[48;2;40;44;28m▀[38;2;48;56;40m[48;2;48;52;40m▀[38;2;56;60;40m[48;2;52;56;40m▀[38;2;60;60;40m[48;2;60;60;40m▀[38;2;60;64;40m[48;2;60;60;44m▀[0m
[38;2;36;52;28m[48;2;28;40;24m▀[38;2;32;48;32m[48;2;24;36;28m▀[38;2;36;48;32m[48;2;20;32;28m▀[38;2;44;60;36m[48;2;24;36;28m▀[38;2;56;64;40m[48;2;28;36;24m▀[38;2;56;64;36m[48;2;24;36;24m▀[38;2;48;56;28m[48;2;20;32;24m▀[38;2;36;44;24m[48;2;16;24;20m▀[38;2;28;36;24m[48;2;12;24;20m▀[38;2;32;40;28m[48;2;20;28;16m▀[38;2;52;56;32m[48;2;36;44;28m▀[38;2;64;72;36m[48;2;44;56;28m▀[38;2;84;96;60m[48;2;96;116;92m▀[38;2;148;172;152m[48;2;180;200;204m▀[38;2;188;204;204m[48;2;172;188;188m▀[38;2;164;184;184m[48;2;164;180;180m▀[38;2;144;160;160m[48;2;136;156;144m▀[38;2;128;144;136m[48;2;124;140;136m▀[38;2;116;132;124m[48;2;120;132;132m▀[38;2;100;120;108m[48;2;112;128;116m▀[38;2;92;108;96m[48;2;84;100;84m▀[38;2;64;68;40m[48;2;60;64;44m▀[38;2;48;48;24m[48;2;52;52;32m▀[38;2;56;60;44m[48;2;60;68;48m▀[38;2;84;92;76m[48;2;80;96;80m▀[38;2;80;88;76m[48;2;72;80;68m▀[38;2;68;76;68m[48;2;88;100;96m▀[38;2;4;4;4m[48;2;40;40;36m▀[38;2;0;0;0m[48;2;0;0;0m▀[38;2;4;4;0m▀[38;2;4;0;0m▀[38;2;4;4;0m▀[38;2;0;0;0m▀▀[38;2;4;0;0m▀▀[38;2;4;4;0m▀[38;2;8;4;4m▀▀[38;2;16;8;4m▀[38;2;12;8;0m[48;2;4;4;0m▀[38;2;4;4;0m[48;2;8;4;0m▀[38;2;12;4;0m[48;2;16;8;0m▀[38;2;8;4;0m[48;2;20;12;4m▀[48;2;36;20;4m▀[38;2;32;24;4m[48;2;64;40;16m▀[38;2;44;32;12m[48;2;32;24;16m▀[38;2;36;28;12m[48;2;64;48;28m▀[38;2;40;36;16m[48;2;48;40;16m▀[38;2;200;192;164m[48;2;100;100;76m▀[38;2;255;252;216m[48;2;252;248;216m▀[38;2;252;240;204m[48;2;252;252;212m▀[38;2;252;248;212m[48;2;255;255;220m▀[38;2;248;236;200m[48;2;252;248;216m▀[38;2;255;248;212m[48;2;252;248;208m▀[38;2;164;152;116m[48;2;248;244;208m▀[38;2;88;80;40m[48;2;196;188;152m▀[38;2;204;188;156m[48;2;196;184;152m▀[38;2;240;220;192m[48;2;248;232;200m▀[38;2;156;152;128m[48;2;204;192;164m▀[38;2;168;172;152m[48;2;148;148;124m▀[38;2;236;236;208m[48;2;232;224;200m▀[38;2;255;255;240m[48;2;248;248;220m▀[38;2;236;236;216m[48;2;255;255;244m▀[38;2;64;72;52m[48;2;160;160;132m▀[38;2;40;44;32m[48;2;36;40;28m▀[38;2;52;56;40m[48;2;52;52;36m▀[38;2;56;60;40m[48;2;52;60;36m▀[38;2;60;64;44m[48;2;56;64;40m▀[0m
[38;2;24;36;28m[48;2;20;32;28m▀[38;2;24;28;24m[48;2;20;28;24m▀[38;2;20;24;20m[48;2;20;28;20m▀[48;2;20;24;20m▀[48;2;20;24;16m▀[38;2;16;24;20m[48;2;20;24;20m▀[38;2;12;20;20m[48;2;16;20;16m▀[38;2;12;16;16m▀[38;2;8;16;16m[48;2;12;20;16m▀[38;2;16;20;20m[48;2;12;20;20m▀[38;2;28;36;28m[48;2;20;32;20m▀[38;2;52;64;48m[48;2;120;136;136m▀[38;2;148;164;160m[48;2;168;188;188m▀[38;2;168;188;192m[48;2;132;148;144m▀[38;2;160;176;172m[48;2;144;156;152m▀[38;2;152;168;168m[48;2;152;160;160m▀[38;2;136;156;152m[48;2;144;156;152m▀[38;2;128;148;148m[48;2;128;144;132m▀[38;2;116;132;124m[48;2;120;132;120m▀[38;2;104;116;104m[48;2;100;112;92m▀[38;2;88;104;88m[48;2;88;96;80m▀[38;2;60;64;44m[48;2;60;60;40m▀[38;2;44;44;28m[48;2;44;40;20m▀[38;2;48;48;28m[48;2;36;32;12m▀[38;2;80;84;68m[48;2;76;80;56m▀[38;2;76;88;68m[48;2;84;96;80m▀[38;2;88;108;100m[48;2;84;96;84m▀[38;2;76;84;72m[48;2;92;96;76m▀[38;2;4;4;0m[48;2;28;28;20m▀[38;2;0;0;0m[48;2;0;0;0m▀[38;2;4;4;0m[48;2;4;4;0m▀[38;2;8;4;0m[48;2;8;4;0m▀[48;2;12;8;4m▀[38;2;8;4;4m[48;2;16;12;4m▀▀[48;2;20;12;8m▀[38;2;12;8;4m[48;2;20;12;4m▀[38;2;16;12;4m▀[38;2;20;12;4m[48;2;24;16;4m▀[38;2;20;16;4m[48;2;24;16;8m▀[38;2;24;16;4m[48;2;24;16;4m▀[38;2;28;20;8m▀[38;2;44;28;12m[48;2;24;16;8m▀[38;2;64;40;16m[48;2;28;16;4m▀[38;2;84;56;28m[48;2;44;28;12m▀[38;2;68;48;24m[48;2;32;28;16m▀[38;2;24;20;12m[48;2;24;20;12m▀[38;2;80;64;40m[48;2;24;16;4m▀[38;2;48;36;20m[48;2;52;64;64m▀[38;2;144;148;124m[48;2;196;204;192m▀[38;2;255;255;232m[48;2;252;252;228m▀[38;2;248;248;216m[48;2;244;248;216m▀[38;2;248;244;212m[48;2;244;240;212m▀[38;2;255;252;224m[48;2;252;255;232m▀[38;2;252;252;224m[48;2;255;255;232m▀[38;2;255;255;228m[48;2;255;255;228m▀[38;2;255;255;224m[48;2;252;252;220m▀[38;2;216;208;180m[48;2;240;232;200m▀[38;2;228;216;184m[48;2;216;204;184m▀[38;2;196;188;160m[48;2;160;152;132m▀[38;2;116;116;92m[48;2;72;76;48m▀[38;2;152;156;136m[48;2;104;112;92m▀[38;2;240;240;212m[48;2;208;208;188m▀[38;2;255;252;216m[48;2;248;240;204m▀[38;2;208;208;184m[48;2;240;240;212m▀[38;2;48;56;40m[48;2;68;72;52m▀[38;2;44;48;36m[48;2;40;44;28m▀[38;2;52;56;36m[48;2;52;56;36m▀[38;2;56;64;40m[48;2;60;60;40m▀[0m
[38;2;20;28;24m[48;2;16;24;20m▀[38;2;16;24;24m[48;2;12;20;20m▀[38;2;20;24;20m[48;2;12;16;16m▀[38;2;20;24;16m▀[38;2;20;20;12m[48;2;16;16;16m▀[38;2;20;24;20m[48;2;12;16;16m▀[38;2;16;20;20m▀▀[38;2;12;20;16m▀[38;2;16;20;16m[48;2;12;16;12m▀[38;2;12;20;12m[48;2;16;24;20m▀[38;2;108;128;128m[48;2;116;136;144m▀[38;2;164;184;188m[48;2;152;176;176m▀[38;2;136;152;152m[48;2;160;176;176m▀[38;2;144;160;156m[48;2;156;172;172m▀[38;2;152;164;156m[48;2;132;144;132m▀[38;2;136;144;128m[48;2;124;136;124m▀[38;2;120;128;112m[48;2;116;128;120m▀[38;2;112;124;112m[48;2;104;116;96m▀[38;2;108;124;104m[48;2;104;112;92m▀[38;2;92;100;80m[48;2;92;104;80m▀[38;2;60;56;32m[48;2;68;64;40m▀[38;2;36;28;8m[48;2;40;32;16m▀[38;2;48;48;32m[48;2;48;48;32m▀[38;2;68;72;44m[48;2;64;64;36m▀[38;2;88;96;80m[48;2;88;92;68m▀[38;2;88;100;92m[48;2;92;108;96m▀[38;2;92;96;80m[48;2;84;92;76m▀[38;2;60;56;48m[48;2;72;76;64m▀[38;2;0;4;4m[48;2;4;4;4m▀[38;2;4;0;0m[48;2;0;0;0m▀[38;2;8;4;0m[48;2;4;4;0m▀[38;2;12;4;4m[48;2;12;4;4m▀[38;2;12;8;4m[48;2;12;8;4m▀[48;2;12;4;0m▀[38;2;12;4;0m[48;2;4;0;0m▀[38;2;8;4;0m▀[38;2;4;4;0m[48;2;0;0;0m▀[38;2;4;0;0m[48;2;4;0;0m▀[48;2;0;0;0m▀[48;2;4;0;0m▀[38;2;4;4;0m[48;2;0;0;0m▀[38;2;0;0;0m[48;2;4;0;0m▀[48;2;0;0;0m▀[48;2;4;4;4m▀[38;2;4;12;16m[48;2;20;20;24m▀[38;2;0;0;0m[48;2;36;32;20m▀[38;2;36;44;44m[48;2;112;124;124m▀[38;2;104;120;120m[48;2;56;64;56m▀[38;2;96;104;88m[48;2;104;116;112m▀[38;2;220;224;204m[48;2;140;148;140m▀[38;2;232;232;208m[48;2;172;172;160m▀[38;2;228;224;196m[48;2;184;180;164m▀[38;2;244;240;212m[48;2;200;196;172m▀[38;2;248;240;204m[48;2;212;200;180m▀[38;2;244;236;200m[48;2;200;188;168m▀[38;2;236;228;196m[48;2;176;164;136m▀[38;2;232;220;188m[48;2;136;120;92m▀[38;2;160;148;124m[48;2;52;44;20m▀[38;2;92;88;68m[48;2;48;48;24m▀[38;2;56;52;28m[48;2;40;40;20m▀[38;2;72;72;44m[48;2;52;48;20m▀[38;2;124;128;108m[48;2;104;104;84m▀[38;2;212;204;184m[48;2;192;192;180m▀[38;2;255;255;232m[48;2;252;248;216m▀[38;2;132;136;112m[48;2;228;232;204m▀[38;2;40;40;24m[48;2;56;56;40m▀[38;2;56;56;36m[48;2;52;52;32m▀[38;2;56;60;36m[48;2;60;60;36m▀[0m
[38;2;12;20;20m[48;2;8;20;24m▀[38;2;8;16;16m[48;2;8;16;16m▀[48;2;8;20;16m▀[38;2;12;12;16m[48;2;12;20;20m▀[38;2;8;16;16m[48;2;8;16;16m▀[38;2;8;12;12m▀[48;2;8;16;20m▀[38;2;8;12;16m[48;2;8;20;20m▀[38;2;12;16;16m[48;2;12;24;20m▀[38;2;8;8;4m[48;2;12;20;12m▀[38;2;56;72;68m[48;2;60;80;76m▀[38;2;148;172;184m[48;2;140;164;176m▀[38;2;132;152;156m[48;2;120;140;136m▀[38;2;148;168;168m[48;2;120;140;132m▀[38;2;152;168;168m[48;2;152;172;172m▀[38;2;140;156;148m[48;2;140;156;152m▀[38;2;136;152;148m[48;2;132;144;140m▀[38;2;132;148;140m[48;2;136;152;148m▀[38;2;120;136;124m[48;2;124;144;140m▀[38;2;104;112;92m[48;2;100;112;92m▀[38;2;96;104;84m[48;2;92;96;72m▀[38;2;68;72;48m[48;2;76;80;60m▀[38;2;52;48;28m[48;2;52;48;24m▀[38;2;32;28;16m[48;2;44;40;24m▀[38;2;52;52;28m[48;2;24;20;4m▀[38;2;76;80;56m[48;2;56;56;32m▀[38;2;96;108;100m[48;2;96;108;88m▀[38;2;84;96;80m[48;2;88;96;80m▀[38;2;84;88;72m[48;2;88;92;72m▀[38;2;24;24;20m[48;2;80;84;64m▀[38;2;0;0;0m[48;2;56;60;48m▀[48;2;20;20;16m▀[48;2;4;4;0m▀[38;2;4;4;0m[48;2;0;0;0m▀[38;2;8;4;0m[48;2;4;0;0m▀[38;2;4;4;0m▀[48;2;12;4;0m▀[38;2;12;8;0m[48;2;16;8;4m▀[38;2;16;12;4m[48;2;32;20;8m▀[38;2;20;12;4m[48;2;44;28;12m▀[38;2;24;16;4m[48;2;52;36;12m▀[38;2;28;20;8m[48;2;60;40;16m▀[48;2;64;44;24m▀[38;2;36;24;12m[48;2;48;36;20m▀[38;2;24;24;16m[48;2;20;20;8m▀[38;2;36;32;24m[48;2;28;20;12m▀[38;2;56;48;28m[48;2;16;12;0m▀[38;2;88;104;104m[48;2;76;92;92m▀[38;2;84;100;100m[48;2;128;144;132m▀[38;2;136;148;136m[48;2;104;104;72m▀[38;2;100;104;80m[48;2;120;116;88m▀[38;2;140;136;112m[48;2;108;100;64m▀[38;2;160;160;144m[48;2;112;96;60m▀[38;2;160;156;136m[48;2;124;112;76m▀[38;2;160;148;116m[48;2;100;88;48m▀[38;2;144;128;96m[48;2;68;52;16m▀[38;2;104;88;52m[48;2;88;72;40m▀[38;2;68;56;28m[48;2;128;116;84m▀[38;2;28;24;8m[48;2;56;48;24m▀[38;2;36;36;16m[48;2;28;28;8m▀[38;2;40;40;24m[48;2;44;44;28m▀[38;2;52;48;24m[48;2;52;48;24m▀[38;2;72;68;44m[48;2;52;52;24m▀[38;2;148;152;136m[48;2;132;136;124m▀[38;2;240;232;204m[48;2;216;212;188m▀[38;2;252;244;212m[48;2;255;255;228m▀[38;2;88;88;64m[48;2;144;148;124m▀[38;2;48;48;28m[48;2;44;44;20m▀[38;2;60;60;40m[48;2;64;60;40m▀[0m
[38;2;16;32;28m[48;2;16;32;28m▀[38;2;12;24;24m▀[38;2;12;24;20m[48;2;16;28;32m▀[38;2;16;24;28m[48;2;20;32;36m▀[38;2;20;28;28m[48;2;24;36;36m▀[38;2;16;28;28m[48;2;20;36;36m▀[38;2;12;24;28m[48;2;16;32;32m▀[38;2;16;24;24m[48;2;20;28;28m▀[38;2;20;28;28m[48;2;16;28;24m▀[38;2;12;24;16m[48;2;60;80;80m▀[38;2;80;108;112m[48;2;148;168;176m▀[38;2;140;164;164m[48;2;116;136;128m▀[38;2;136;156;152m[48;2;112;128;120m▀[38;2;144;164;160m[48;2;136;148;140m▀[38;2;148;164;156m[48;2;132;148;140m▀[38;2;124;136;132m[48;2;128;140;132m▀[38;2;120;136;136m[48;2;120;140;136m▀[38;2;124;144;136m[48;2;116;132;124m▀[38;2;116;132;124m[48;2;108;128;116m▀[38;2;96;108;88m[48;2;92;108;96m▀[38;2;84;92;68m[48;2;88;100;80m▀[38;2;88;92;72m[48;2;76;88;64m▀[38;2;56;56;32m[48;2;56;56;36m▀[38;2;56;52;24m[48;2;40;36;12m▀[38;2;28;28;16m[48;2;48;48;28m▀[38;2;28;24;12m[48;2;20;20;8m▀[38;2;84;84;60m[48;2;48;48;24m▀[38;2;100;104;92m[48;2;60;64;48m▀[38;2;84;92;80m[48;2;68;72;52m▀[38;2;72;76;52m[48;2;60;64;44m▀[38;2;84;88;76m[48;2;68;68;52m▀[38;2;80;88;76m[48;2;76;80;60m▀[38;2;84;88;80m[48;2;84;88;72m▀[38;2;64;68;56m[48;2;92;96;88m▀[38;2;56;52;44m[48;2;88;92;84m▀[38;2;52;48;40m[48;2;112;112;96m▀[38;2;4;0;0m[48;2;80;76;68m▀[38;2;16;8;0m[48;2;48;44;32m▀[38;2;32;20;4m[48;2;76;68;52m▀[48;2;72;68;48m▀[38;2;36;24;4m[48;2;76;68;44m▀[38;2;48;36;16m[48;2;36;28;8m▀[38;2;60;44;20m[48;2;24;12;0m▀[38;2;32;24;12m[48;2;16;12;4m▀[38;2;20;16;8m[48;2;40;32;16m▀[38;2;28;20;8m[48;2;52;36;24m▀[38;2;32;32;28m[48;2;68;72;60m▀[38;2;100;116;108m[48;2;120;124;104m▀[38;2;108;112;80m[48;2;112;104;72m▀[38;2;108;100;60m[48;2;112;104;64m▀[38;2;112;100;68m[48;2;100;84;52m▀[38;2;88;72;28m[48;2;88;76;40m▀[38;2;76;60;20m[48;2;68;56;24m▀[38;2;60;44;12m[48;2;64;52;20m▀[38;2;76;68;32m[48;2;108;96;64m▀[38;2;80;72;40m[48;2;56;48;28m▀[38;2;88;72;40m[48;2;20;16;4m▀[38;2;100;88;56m[48;2;60;36;12m▀[38;2;36;32;16m[48;2;36;24;4m▀[38;2;32;36;20m[48;2;20;24;12m▀[38;2;44;48;28m[48;2;32;32;16m▀[38;2;44;40;20m[48;2;36;32;12m▀[38;2;64;64;40m[48;2;60;60;40m▀[38;2;144;152;144m[48;2;144;152;144m▀[38;2;212;204;188m[48;2;212;208;188m▀[38;2;252;248;212m[48;2;248;240;200m▀[38;2;244;248;232m[48;2;255;255;232m▀[38;2;120;124;96m[48;2;244;244;228m▀[38;2;48;48;20m[48;2;108;116;88m▀[0m
[38;2;16;28;28m[48;2;12;20;20m▀[38;2;12;28;32m[48;2;8;20;24m▀[38;2;16;32;32m[48;2;12;28;28m▀[38;2;24;40;40m[48;2;24;40;40m▀[48;2;28;40;40m▀[38;2;20;36;40m[48;2;20;32;36m▀[38;2;16;28;36m[48;2;12;24;28m▀[38;2;12;28;24m[48;2;4;16;16m▀[38;2;8;24;24m[48;2;36;56;60m▀[38;2;156;176;180m[48;2;172;196;192m▀[38;2;172;192;192m[48;2;128;148;140m▀[38;2;108;128;120m[48;2;96;112;100m▀[38;2;104;120;104m[48;2;92;108;96m▀[38;2;84;96;80m[48;2;84;100;80m▀[38;2;88;104;96m[48;2;72;88;68m▀[38;2;120;140;132m[48;2;76;88;68m▀[38;2;112;128;116m[48;2;92;108;84m▀[38;2;96;112;100m[48;2;92;104;92m▀[38;2;104;128;116m[48;2;76;88;64m▀[38;2;104;120;112m[48;2;104;116;92m▀[38;2;104;120;104m[48;2;116;128;116m▀[38;2;100;112;96m[48;2;100;112;92m▀[38;2;72;76;56m[48;2;80;88;64m▀[38;2;28;24;8m[48;2;44;44;24m▀[38;2;44;40;16m[48;2;32;28;8m▀[38;2;36;32;16m[48;2;52;52;28m▀[38;2;48;48;24m[48;2;36;36;12m▀[38;2;48;52;36m[48;2;56;52;24m▀[38;2;44;48;28m[48;2;48;44;20m▀[38;2;52;56;36m[48;2;44;40;20m▀[38;2;64;64;44m[48;2;48;48;28m▀[38;2;68;68;48m[48;2;60;64;40m▀[38;2;88;88;68m[48;2;88;96;84m▀[38;2;92;96;76m[48;2;96;104;84m▀[38;2;88;88;76m[48;2;88;88;64m▀[38;2;80;80;60m[48;2;84;76;52m▀[38;2;84;88;64m[48;2;68;64;44m▀[38;2;88;84;68m[48;2;88;88;56m▀[38;2;108;108;84m[48;2;192;192;152m▀[38;2;180;188;156m[48;2;232;236;192m▀[38;2;232;228;192m[48;2;248;252;216m▀[38;2;204;200;164m[48;2;255;255;216m▀[38;2;108;104;76m[48;2;248;255;208m▀[38;2;12;12;0m[48;2;160;160;128m▀[38;2;28;20;12m[48;2;16;12;0m▀[38;2;44;36;20m[48;2;24;20;0m▀[38;2;44;44;32m[48;2;100;100;80m▀[38;2;116;116;92m[48;2;152;152;128m▀[38;2;128;120;88m[48;2;124;116;84m▀[38;2;120;108;68m[48;2;108;96;56m▀[38;2;96;84;48m[48;2;96;80;36m▀[38;2;92;80;48m[48;2;96;84;40m▀[38;2;92;80;52m[48;2;100;88;48m▀[38;2;116;100;64m[48;2;72;60;28m▀[38;2;64;52;32m[48;2;20;8;4m▀[38;2;8;0;0m[48;2;16;4;0m▀[38;2;12;4;0m[48;2;32;12;0m▀[38;2;56;32;20m[48;2;24;8;0m▀[38;2;88;56;24m[48;2;68;44;24m▀[38;2;28;24;8m[48;2;60;44;20m▀[38;2;28;28;16m[48;2;28;24;16m▀[38;2;24;20;4m[48;2;20;20;4m▀[38;2;64;64;48m[48;2;72;72;56m▀[38;2;156;168;160m[48;2;148;156;148m▀[38;2;212;208;188m[48;2;212;208;192m▀[38;2;248;240;204m[48;2;236;224;192m▀[38;2;255;255;220m[48;2;240;228;196m▀[38;2;255;255;240m[48;2;248;244;212m▀[38;2;220;224;204m[48;2;255;255;236m▀[0m
[38;2;8;20;20m[48;2;8;20;20m▀▀[38;2;12;28;28m[48;2;12;28;28m▀[38;2;24;40;40m[48;2;24;40;40m▀[48;2;24;40;48m▀[38;2;20;32;36m[48;2;20;32;36m▀[38;2;12;24;28m[48;2;4;20;20m▀[38;2;0;4;4m[48;2;40;56;60m▀[38;2;100;124;124m[48;2;176;200;192m▀[38;2;188;208;204m[48;2;180;196;192m▀[38;2;124;144;140m[48;2;120;144;140m▀[38;2;120;140;132m[48;2;108;124;112m▀[38;2;116;132;120m[48;2;96;112;96m▀[38;2;92;112;96m[48;2;100;116;104m▀[38;2;80;96;76m[48;2;76;88;68m▀[38;2;72;84;64m[48;2;88;100;80m▀[38;2;72;80;64m[48;2;80;92;72m▀[38;2;96;112;92m[48;2;76;84;60m▀[38;2;84;96;68m[48;2;104;112;88m▀[38;2;76;80;56m[48;2;76;80;52m▀[38;2;96;104;80m[48;2;68;72;36m▀[38;2;92;104;80m[48;2;80;84;60m▀[38;2;80;84;60m[48;2;80;88;68m▀[38;2;60;60;36m[48;2;56;56;36m▀[38;2;36;28;8m[48;2;32;24;8m▀[38;2;48;44;20m[48;2;36;32;8m▀[38;2;32;28;12m[48;2;36;32;16m▀[48;2;8;8;4m▀[38;2;52;48;16m[48;2;56;56;36m▀[38;2;48;40;12m[48;2;64;64;40m▀[38;2;48;44;16m[48;2;60;56;32m▀[38;2;64;64;40m[48;2;64;60;32m▀[38;2;60;64;44m[48;2;64;68;40m▀[38;2;52;52;28m[48;2;64;68;48m▀[38;2;64;60;36m[48;2;56;56;36m▀[38;2;64;60;32m[48;2;44;40;20m▀[38;2;36;28;12m[48;2;24;16;8m▀[38;2;128;124;84m[48;2;56;48;16m▀[38;2;248;248;196m[48;2;200;188;128m▀[38;2;236;244;200m[48;2;248;244;200m▀[38;2;200;208;168m[48;2;100;104;56m▀[38;2;224;228;188m[48;2;144;148;100m▀[38;2;168;180;128m[48;2;68;72;28m▀[38;2;176;188;140m[48;2;100;124;80m▀[38;2;148;156;120m[48;2;196;212;184m▀[38;2;136;144;116m[48;2;184;204;180m▀[38;2;232;244;204m[48;2;188;208;188m▀[38;2;220;228;196m[48;2;176;192;156m▀[38;2;176;180;148m[48;2;148;160;120m▀[38;2;112;108;64m[48;2;228;232;200m▀[38;2;92;76;36m[48;2;108;92;60m▀[38;2;84;72;32m[48;2;40;24;8m▀[38;2;60;52;20m[48;2;28;20;8m▀[38;2;16;8;0m[48;2;8;4;0m▀[38;2;20;8;0m[48;2;28;16;8m▀[38;2;28;8;0m[48;2;36;12;0m▀[38;2;28;12;0m[48;2;28;12;0m▀[48;2;36;16;0m▀[38;2;24;12;8m[48;2;28;12;0m▀[38;2;76;56;32m[48;2;48;32;24m▀[38;2;40;28;12m[48;2;84;56;32m▀[38;2;20;20;8m[48;2;48;56;44m▀[38;2;84;92;80m[48;2;120;136;132m▀[38;2;152;156;152m[48;2;188;188;184m▀[38;2;208;200;184m[48;2;200;192;176m▀[38;2;240;228;196m[48;2;240;228;196m▀[48;2;244;236;200m▀[38;2;252;248;212m[48;2;252;252;224m▀[38;2;252;252;220m[48;2;255;252;228m▀[0m
[38;2;8;20;16m[48;2;8;16;16m▀[48;2;4;16;16m▀[38;2;12;24;28m[48;2;8;24;24m▀[38;2;20;36;40m[48;2;20;36;40m▀[38;2;24;40;44m[48;2;20;40;44m▀[38;2;24;40;40m[48;2;20;32;36m▀[38;2;0;12;12m[48;2;16;32;36m▀[38;2;88;112;108m[48;2;140;168;164m▀[38;2;236;252;232m[48;2;220;240;224m▀[38;2;168;192;192m[48;2;148;172;176m▀[38;2;104;128;116m[48;2;112;128;120m▀[38;2;84;92;72m[48;2;76;84;64m▀[38;2;72;80;56m[48;2;52;56;32m▀[38;2;76;92;68m[48;2;64;72;44m▀[38;2;88;100;80m[48;2;84;92;72m▀[38;2;72;80;64m[48;2;100;116;104m▀[38;2;72;80;60m[48;2;80;88;64m▀[38;2;72;76;52m[48;2;72;80;56m▀[38;2;84;92;64m[48;2;64;68;44m▀[38;2;96;104;84m[48;2;88;92;68m▀[38;2;60;60;36m[48;2;76;80;60m▀[38;2;64;68;40m[48;2;44;44;24m▀[38;2;80;88;64m[48;2;56;56;32m▀[38;2;56;60;40m[48;2;60;60;44m▀[38;2;28;24;8m[48;2;32;24;12m▀[38;2;40;36;12m[48;2;36;32;8m▀[38;2;32;28;16m[48;2;28;24;8m▀[38;2;0;0;0m[48;2;12;12;8m▀[38;2;20;24;16m[48;2;20;20;12m▀[38;2;68;76;56m[48;2;56;60;40m▀[38;2;72;76;56m[48;2;68;76;60m▀[38;2;64;60;40m[48;2;68;68;48m▀[38;2;56;52;24m[48;2;56;52;28m▀[38;2;48;44;20m[48;2;36;28;8m▀[38;2;68;60;36m[48;2;44;36;12m▀[38;2;56;52;32m[48;2;44;36;16m▀[38;2;24;20;8m[48;2;20;12;4m▀[38;2;20;16;4m[48;2;16;8;0m▀[38;2;40;32;8m[48;2;32;28;16m▀[38;2;124;112;68m[48;2;4;4;0m▀[38;2;72;72;32m[48;2;28;16;0m▀[38;2;28;24;0m[48;2;92;72;48m▀[38;2;16;16;0m[48;2;104;104;68m▀[38;2;84;104;60m[48;2;92;112;64m▀[38;2;132;160;132m[48;2;144;168;136m▀[38;2;140;164;136m[48;2;156;180;144m▀[38;2;192;212;180m[48;2;208;228;196m▀[38;2;188;204;164m[48;2;156;168;124m▀[38;2;160;180;152m[48;2;112;136;100m▀[38;2;252;255;220m[48;2;172;200;160m▀[38;2;168;160;116m[48;2;216;220;176m▀[38;2;164;152;116m[48;2;152;136;100m▀[38;2;204;204;184m[48;2;228;220;184m▀[38;2;68;68;56m[48;2;244;244;212m▀[38;2;12;0;0m[48;2;144;140;116m▀[38;2;32;12;0m[48;2;48;32;12m▀[38;2;36;16;4m[48;2;32;8;0m▀[38;2;32;8;0m[48;2;44;16;0m▀[38;2;64;32;8m[48;2;56;28;8m▀[38;2;28;16;4m[48;2;64;36;16m▀[38;2;84;60;40m[48;2;16;8;4m▀[38;2;116;96;72m[48;2;64;44;24m▀[38;2;128;132;116m[48;2;104;100;84m▀[38;2;184;188;176m[48;2;184;188;172m▀[38;2;208;196;176m[48;2;236;220;196m▀[38;2;248;240;208m[48;2;220;212;180m▀[38;2;232;228;200m[48;2;240;236;200m▀[38;2;255;252;228m[48;2;255;255;232m▀[38;2;255;255;236m[48;2;255;255;240m▀[0m
[38;2;8;12;12m[48;2;12;16;12m▀[38;2;8;16;16m[48;2;12;16;16m▀[38;2;8;24;24m[48;2;8;24;24m▀[38;2;16;32;36m[48;2;16;28;36m▀[38;2;24;40;40m[48;2;24;40;40m▀[38;2;20;36;40m[48;2;20;36;36m▀[38;2;16;32;32m[48;2;12;28;20m▀[38;2;140;168;164m[48;2;124;148;148m▀[38;2;212;232;220m[48;2;220;240;224m▀[38;2;136;164;168m[48;2;164;188;188m▀[38;2;116;136;132m[48;2;100;120;120m▀[38;2;136;152;140m[48;2;160;176;172m▀[38;2;64;68;44m[48;2;168;180;180m▀[38;2;52;52;20m[48;2;64;68;48m▀[38;2;64;64;32m[48;2;56;56;28m▀[38;2;88;96;68m[48;2;68;72;48m▀[38;2;92;104;80m[48;2;84;88;64m▀[38;2;84;88;64m[48;2;96;108;80m▀[38;2;72;84;56m[48;2;92;104;76m▀[38;2;72;80;56m[48;2;76;84;60m▀[38;2;84;88;60m[48;2;72;72;44m▀[38;2;44;44;20m[48;2;64;68;40m▀[38;2;40;40;16m[48;2;40;36;16m▀[38;2;48;48;24m▀[38;2;40;36;16m[48;2;28;24;8m▀[38;2;36;32;16m[48;2;28;28;8m▀[38;2;32;28;12m[48;2;56;52;28m▀[38;2;44;40;20m[48;2;52;52;24m▀[38;2;36;36;28m[48;2;20;20;12m▀[38;2;76;76;56m[48;2;36;32;16m▀[38;2;56;56;36m[48;2;32;32;16m▀[38;2;40;32;16m[48;2;16;12;4m▀[38;2;36;32;20m[48;2;0;0;4m▀[38;2;16;12;4m[48;2;60;60;40m▀[38;2;12;8;0m[48;2;132;132;100m▀[38;2;0;0;0m[48;2;80;100;84m▀[38;2;0;4;4m[48;2;96;128;104m▀[38;2;32;36;28m[48;2;80;96;60m▀[38;2;44;40;20m[48;2;72;56;20m▀[38;2;48;28;12m[48;2;84;60;24m▀[38;2;60;40;8m[48;2;88;76;44m▀[38;2;136;108;72m[48;2;100;84;52m▀[38;2;184;156;120m[48;2;112;84;48m▀[38;2;148;148;100m[48;2;184;176;128m▀[38;2;240;240;208m[48;2;252;255;216m▀[38;2;216;232;204m[48;2;180;196;164m▀[38;2;152;176;148m[48;2;80;96;56m▀[38;2;92;104;60m[48;2;60;60;28m▀[38;2;48;64;20m[48;2;32;32;0m▀[38;2;88;112;72m[48;2;48;52;12m▀[38;2;196;212;180m[48;2;96;116;84m▀[38;2;192;200;160m[48;2;204;220;180m▀[38;2;88;76;40m[48;2;120;120;84m▀[38;2;200;192;152m[48;2;92;88;56m▀[38;2;255;255;232m[48;2;232;228;196m▀[38;2;212;208;180m[48;2;240;236;212m▀[38;2;84;68;44m[48;2;236;236;212m▀[38;2;52;28;0m[48;2;208;204;180m▀[38;2;48;20;0m[48;2;144;132;104m▀[38;2;84;52;20m[48;2;88;72;40m▀[38;2;36;24;8m[48;2;24;20;0m▀[38;2;28;32;16m[48;2;68;72;52m▀[38;2;136;140;128m[48;2;160;164;148m▀[38;2;192;184;168m[48;2;212;204;180m▀[38;2;240;228;196m[48;2;252;248;220m▀[38;2;216;212;184m[48;2;255;255;236m▀[38;2;240;236;212m[48;2;255;255;228m▀[38;2;255;255;232m[48;2;255;252;220m▀[38;2;252;248;220m[48;2;240;232;204m▀[0m
[38;2;8;12;12m[48;2;8;12;12m▀[38;2;8;16;16m[48;2;8;16;16m▀[38;2;8;24;24m[48;2;8;24;24m▀[38;2;16;28;36m[48;2;16;28;36m▀[38;2;20;36;44m[48;2;20;36;44m▀[38;2;24;40;44m[48;2;24;40;44m▀[38;2;12;24;24m[48;2;12;28;24m▀[38;2;108;128;120m[48;2;88;112;112m▀[38;2;216;232;220m[48;2;196;212;204m▀[38;2;172;192;188m[48;2;212;228;208m▀[38;2;92;116;104m[48;2;124;140;128m▀[38;2;112;132;128m[48;2;92;112;96m▀[38;2;176;196;192m[48;2;132;148;140m▀[38;2;140;152;144m[48;2;180;196;192m▀[38;2;60;64;40m[48;2;92;104;88m▀[38;2;76;80;60m[48;2;68;72;52m▀[38;2;76;84;60m[48;2;92;104;88m▀[38;2;76;80;48m[48;2;80;80;52m▀[38;2;88;96;72m[48;2;76;76;48m▀[38;2;96;108;88m[48;2;96;108;80m▀[38;2;84;88;60m[48;2;116;124;104m▀[38;2;68;72;40m[48;2;88;96;76m▀[38;2;36;36;12m[48;2;48;48;28m▀[38;2;32;28;12m[48;2;32;32;16m▀[38;2;20;16;8m[48;2;24;20;4m▀[38;2;32;28;12m[48;2;28;24;12m▀[38;2;40;36;20m▀[38;2;24;16;8m[48;2;12;8;4m▀[38;2;8;8;4m[48;2;8;8;4m▀[38;2;0;0;0m[48;2;4;4;4m▀[38;2;8;8;4m[48;2;8;8;4m▀[38;2;12;8;4m[48;2;4;0;0m▀[38;2;8;8;0m[48;2;4;4;0m▀[38;2;52;44;24m[48;2;0;0;0m▀[38;2;124;124;88m[48;2;20;20;0m▀[38;2;96;124;88m[48;2;68;68;44m▀[38;2;56;68;40m[48;2;52;52;32m▀[38;2;40;36;4m[48;2;80;72;44m▀[38;2;56;32;0m[48;2;120;112;76m▀[38;2;60;36;8m[48;2;132;128;104m▀[38;2;96;72;40m[48;2;168;168;140m▀[38;2;104;84;48m[48;2;180;184;156m▀[38;2;60;36;4m[48;2;128;136;112m▀[38;2;108;100;56m[48;2;52;48;20m▀[38;2;224;228;184m[48;2;124;124;100m▀[38;2;76;80;48m[48;2;44;44;32m▀[38;2;32;28;0m[48;2;20;8;0m▀[38;2;72;60;36m[48;2;12;0;0m▀[38;2;132;120;96m[48;2;68;48;28m▀[38;2;76;72;36m[48;2;192;164;132m▀[38;2;44;44;4m[48;2;112;92;52m▀[38;2;124;136;88m[48;2;56;60;16m▀[38;2;200;208;168m[48;2;136;148;112m▀[38;2;68;76;52m[48;2;168;188;152m▀[38;2;152;152;124m[48;2;96;104;76m▀[38;2;224;224;196m[48;2;188;184;168m▀[48;2;208;204;180m▀[38;2;252;252;224m[48;2;200;192;172m▀[38;2;255;255;236m[48;2;244;240;208m▀[38;2;236;232;200m[48;2;255;255;224m▀[38;2;164;168;140m[48;2;255;255;236m▀[38;2;188;192;164m[48;2;255;255;232m▀[38;2;228;228;204m[48;2;255;252;220m▀[38;2;248;248;224m[48;2;240;236;208m▀[38;2;255;255;228m[48;2;228;224;192m▀[38;2;248;248;216m[48;2;200;196;168m▀[38;2;244;240;208m[48;2;212;200;176m▀[38;2;216;204;180m[48;2;196;176;156m▀[38;2;212;192;168m[48;2;220;200;176m▀[0m
[38;2;8;12;12m[48;2;8;12;8m▀[38;2;8;16;12m[48;2;12;16;12m▀[38;2;12;24;24m[48;2;12;20;24m▀[38;2;16;32;36m[48;2;20;32;36m▀[38;2;24;40;48m[48;2;24;40;48m▀[38;2;16;32;32m[48;2;20;36;40m▀[38;2;48;68;68m[48;2;20;36;36m▀[38;2;124;148;148m[48;2;44;60;48m▀[38;2;140;164;160m[48;2;104;120;112m▀[38;2;216;228;208m[48;2;164;184;180m▀[38;2;228;236;216m[48;2;232;244;216m▀[38;2;120;136;124m[48;2;224;236;216m▀[38;2;120;136;128m[48;2;140;152;144m▀[38;2;176;188;180m[48;2;120;128;112m▀[38;2;164;176;172m[48;2;176;184;176m▀[38;2;52;60;40m[48;2;136;148;144m▀[38;2;76;88;64m[48;2;52;56;36m▀[38;2;96;104;72m[48;2;84;92;60m▀[38;2;96;96;68m[48;2;84;80;44m▀[38;2;92;100;72m[48;2;88;88;56m▀[38;2;116;124;104m[48;2;108;112;92m▀[38;2;116;128;112m[48;2;124;140;128m▀[38;2;72;80;60m[48;2;104;116;104m▀[38;2;48;52;28m[48;2;44;48;24m▀[38;2;40;40;20m[48;2;28;28;8m▀[38;2;36;36;16m[48;2;12;16;0m▀[38;2;12;12;4m[48;2;8;4;0m▀[38;2;4;4;0m[48;2;8;8;0m▀[38;2;4;0;0m[48;2;36;36;24m▀[38;2;0;0;0m[48;2;88;92;72m▀[38;2;4;4;0m[48;2;192;200;176m▀[38;2;96;100;88m[48;2;244;252;216m▀[38;2;152;156;136m[48;2;248;252;220m▀[38;2;156;164;144m▀[38;2;200;204;180m[48;2;255;255;220m▀[38;2;240;240;216m[48;2;240;240;208m▀[38;2;216;220;188m[48;2;228;228;204m▀[38;2;204;216;188m[48;2;176;180;156m▀[38;2;208;220;192m[48;2;108;120;92m▀[38;2;188;208;176m[48;2;104;120;88m▀[38;2;188;212;188m[48;2;68;84;52m▀[38;2;152;180;164m[48;2;64;76;48m▀[38;2;164;188;168m[48;2;80;92;56m▀[38;2;120;132;100m[48;2;108;112;76m▀[38;2;60;64;44m[48;2;96;88;44m▀[38;2;28;24;12m[48;2;120;112;68m▀[38;2;44;36;20m[48;2;212;208;164m▀[38;2;100;92;68m[48;2;255;255;212m▀[38;2;120;112;88m[48;2;255;255;220m▀[38;2;176;160;132m[48;2;255;252;204m▀[38;2;232;208;180m[48;2;216;204;156m▀[38;2;112;100;64m[48;2;216;176;140m▀[38;2;64;68;28m[48;2;100;88;48m▀[38;2;180;192;160m[48;2;100;112;76m▀[38;2;104;112;88m[48;2;72;80;52m▀[38;2;112;112;88m[48;2;48;48;24m▀[38;2;184;180;164m[48;2;112;116;88m▀[38;2;208;200;180m[48;2;184;180;160m▀[38;2;216;208;184m[48;2;188;188;168m▀[38;2;240;236;208m[48;2;180;180;164m▀[38;2;244;240;208m[48;2;188;184;168m▀[38;2;252;252;212m[48;2;236;232;200m▀[38;2;252;244;208m[48;2;255;252;216m▀[38;2;248;248;212m[48;2;248;240;204m▀[38;2;232;228;196m[48;2;248;248;212m▀[38;2;188;176;148m[48;2;252;248;212m▀[38;2;172;152;128m[48;2;224;216;180m▀[38;2;192;168;148m[48;2;236;228;192m▀[38;2;232;216;192m[48;2;252;248;216m▀[0m
[38;2;4;12;8m[48;2;4;12;8m▀[38;2;8;12;12m[48;2;8;12;8m▀[38;2;12;20;24m[48;2;12;20;24m▀[38;2;16;32;36m[48;2;12;28;36m▀[38;2;20;40;40m[48;2;16;36;40m▀[38;2;20;36;40m▀[38;2;16;32;32m[48;2;16;28;32m▀[38;2;8;20;12m[48;2;16;24;20m▀[38;2;40;52;40m[48;2;28;36;32m▀[38;2;144;164;164m[48;2;104;124;120m▀[38;2;204;216;200m[48;2;180;192;188m▀[38;2;244;248;216m[48;2;220;232;204m▀[38;2;208;220;200m[48;2;244;252;220m▀[38;2;88;104;84m[48;2;216;228;204m▀[38;2;100;112;96m[48;2;132;148;140m▀[38;2;168;180;176m[48;2;96;104;92m▀[38;2;104;120;108m[48;2;152;168;164m▀[38;2;48;52;24m[48;2;80;92;72m▀[38;2;68;68;36m[48;2;60;56;24m▀[38;2;68;64;28m[48;2;68;64;32m▀[38;2;88;92;68m[48;2;76;72;40m▀[38;2;120;136;124m[48;2;96;104;80m▀[38;2;120;136;128m[48;2;160;172;156m▀[38;2;76;84;68m[48;2;224;228;208m▀[38;2;92;96;84m[48;2;248;252;224m▀[38;2;152;156;140m[48;2;255;255;232m▀[38;2;68;72;56m[48;2;252;252;228m▀[38;2;116;124;108m[48;2;252;252;224m▀[38;2;228;232;208m[48;2;244;248;216m▀[38;2;248;244;212m[48;2;228;232;204m▀[38;2;255;255;228m[48;2;232;232;200m▀[38;2;244;244;212m[48;2;228;232;204m▀[38;2;220;224;196m[48;2;216;220;200m▀[38;2;224;228;204m[48;2;196;204;192m▀[38;2;240;244;212m[48;2;200;200;184m▀[48;2;236;236;204m▀[38;2;200;204;192m[48;2;228;228;200m▀[38;2;216;220;200m[48;2;212;216;200m▀[38;2;108;120;80m[48;2;160;168;136m▀[38;2;88;96;64m[48;2;52;60;16m▀[38;2;68;76;44m[48;2;36;44;8m▀[38;2;52;64;28m[48;2;36;40;4m▀[38;2;48;48;20m[48;2;44;48;20m▀[38;2;48;52;20m[48;2;40;44;16m▀[38;2;108;120;88m[48;2;64;76;48m▀[38;2;156;160;120m[48;2;104;120;92m▀[38;2;136;136;96m[48;2;96;108;76m▀[38;2;148;140;92m[48;2;60;60;20m▀[38;2;140;120;64m[48;2;24;20;0m▀[38;2;84;60;28m[48;2;4;0;0m▀[38;2;48;24;0m[48;2;40;20;0m▀[38;2;160;124;80m[48;2;108;84;44m▀[38;2;188;156;112m[48;2;232;196;156m▀[38;2;64;68;32m[48;2;104;92;48m▀[38;2;72;76;40m[48;2;64;76;28m▀[38;2;24;24;8m[48;2;48;48;20m▀[38;2;80;84;60m[48;2;60;64;48m▀[38;2;128;132;116m[48;2;124;132;124m▀[38;2;160;164;152m[48;2;164;168;156m▀[38;2;144;152;144m[48;2;172;176;172m▀[38;2;160;156;144m[48;2;136;144;132m▀[38;2;204;196;180m[48;2;180;176;160m▀[38;2;224;220;196m[48;2;196;192;176m▀[38;2;244;236;204m[48;2;212;208;184m▀[38;2;232;224;192m[48;2;224;216;192m▀[38;2;228;220;192m[48;2;192;184;168m▀[38;2;248;240;208m[48;2;200;188;172m▀[38;2;255;255;224m[48;2;232;228;200m▀[48;2;252;244;212m▀[0m
[38;2;8;8;8m[48;2;4;4;8m▀[38;2;8;8;12m[48;2;4;8;8m▀[38;2;8;20;20m[48;2;4;16;16m▀[38;2;12;28;36m[48;2;12;28;32m▀[38;2;16;32;40m[48;2;16;36;44m▀[48;2;16;32;40m▀[38;2;16;28;28m[48;2;16;28;28m▀[38;2;12;24;20m[48;2;12;20;20m▀[38;2;16;20;16m[48;2;12;20;12m▀[38;2;64;76;56m[48;2;52;64;44m▀[38;2;112;132;120m[48;2;76;96;76m▀[38;2;188;200;196m[48;2;140;160;156m▀[38;2;216;228;200m[48;2;200;212;200m▀[38;2;240;248;216m[48;2;220;232;204m▀[38;2;236;248;220m[48;2;248;252;220m▀[38;2;160;176;160m[48;2;252;255;228m▀[38;2;112;132;120m[48;2;208;216;196m▀[38;2;148;164;164m[48;2;184;192;180m▀[38;2;72;76;56m[48;2;148;164;156m▀[38;2;56;48;16m[48;2;44;44;24m▀[38;2;56;56;20m[48;2;68;72;52m▀[38;2;136;144;120m[48;2;200;212;196m▀[38;2;216;228;212m[48;2;196;204;192m▀[38;2;216;224;204m[48;2;212;220;196m▀[38;2;236;244;212m[48;2;240;248;216m▀[38;2;248;248;216m[48;2;236;244;212m▀[38;2;252;252;224m[48;2;232;236;208m▀[38;2;255;252;216m[48;2;232;236;212m▀[38;2;255;255;224m[48;2;236;240;212m▀[48;2;236;236;208m▀[38;2;255;255;220m[48;2;224;224;204m▀[38;2;248;248;216m[48;2;232;232;208m▀[38;2;236;236;208m[48;2;255;255;220m▀[38;2;216;224;204m[48;2;208;204;176m▀[38;2;212;220;200m[48;2;180;184;156m▀[38;2;228;228;200m[48;2;248;252;220m▀[38;2;228;232;204m[48;2;248;244;212m▀[38;2;196;196;184m[48;2;252;252;216m▀[38;2;224;224;196m[48;2;224;220;192m▀[38;2;212;212;176m[48;2;244;240;204m▀[38;2;144;148;112m[48;2;232;236;200m▀[38;2;48;52;28m[48;2;176;184;156m▀[38;2;16;16;0m[48;2;88;96;72m▀[38;2;24;24;4m[48;2;28;28;12m▀[38;2;24;20;0m[48;2;20;24;16m▀[38;2;20;20;0m[48;2;48;56;52m▀[38;2;40;40;12m[48;2;44;48;32m▀[38;2;24;24;8m[48;2;12;8;4m▀[38;2;12;12;4m▀[38;2;24;20;8m[48;2;20;16;4m▀[38;2;32;16;0m[48;2;20;12;4m▀[38;2;92;68;32m[48;2;60;40;8m▀[38;2;228;196;156m[48;2;164;140;104m▀[38;2;204;188;140m[48;2;255;244;208m▀[38;2;108;116;64m[48;2;168;160;112m▀[38;2;68;72;36m[48;2;56;56;20m▀[38;2;40;44;24m[48;2;44;48;24m▀[38;2;112;124;112m[48;2;68;76;60m▀[38;2;156;156;152m[48;2;104;112;104m▀[38;2;172;172;168m[48;2;176;180;172m▀[38;2;148;160;156m[48;2;176;180;176m▀[38;2;172;172;156m[48;2;164;160;152m▀[38;2;200;192;172m[48;2;204;200;180m▀[38;2;196;192;176m[48;2;200;200;184m▀[38;2;188;184;164m[48;2;148;144;128m▀[38;2;204;196;176m[48;2;180;168;148m▀[38;2;176;172;152m[48;2;168;164;148m▀[38;2;196;192;176m[48;2;164;160;148m▀[38;2;216;208;188m[48;2;184;176;156m▀[0m
[38;2;0;4;8m[48;2;0;4;4m▀[48;2;0;4;8m▀[38;2;4;16;12m[48;2;4;12;16m▀[38;2;12;24;28m[48;2;8;20;28m▀[38;2;16;32;40m[48;2;16;32;40m▀[38;2;20;36;40m[48;2;20;36;40m▀[38;2;16;28;28m[48;2;16;28;28m▀[38;2;12;20;16m[48;2;12;24;20m▀[38;2;20;24;16m[48;2;48;56;40m▀[38;2;68;80;64m[48;2;64;72;48m▀[38;2;72;88;68m[48;2;68;80;56m▀[38;2;104;124;116m[48;2;76;88;68m▀[38;2;156;172;172m[48;2;108;120;108m▀[38;2;192;204;196m[48;2;140;160;160m▀[38;2;208;220;204m[48;2;152;168;168m▀[38;2;236;244;212m[48;2;168;180;176m▀[38;2;248;252;220m[48;2;208;220;208m▀[48;2;184;196;188m▀[38;2;244;248;224m[48;2;200;212;192m▀[38;2;160;168;148m[48;2;232;236;212m▀[38;2;200;204;176m[48;2;240;244;216m▀[38;2;232;240;216m▀[38;2;232;240;208m[48;2;216;224;208m▀[38;2;236;244;212m[48;2;176;184;180m▀[38;2;196;204;188m[48;2;136;152;148m▀[38;2;180;192;180m[48;2;132;152;148m▀[38;2;164;176;176m[48;2;108;124;116m▀[38;2;164;180;176m[48;2;108;124;112m▀[38;2;148;164;156m[48;2;108;128;120m▀[38;2;144;160;156m[48;2;96;120;112m▀[38;2;148;164;160m[48;2;96;116;104m▀[38;2;172;184;176m[48;2;104;116;108m▀[38;2;196;200;184m[48;2;124;128;108m▀[38;2;144;152;136m[48;2;180;192;184m▀[38;2;60;72;48m[48;2;148;168;156m▀[38;2;172;172;148m[48;2;176;184;160m▀[38;2;216;220;196m[48;2;200;204;192m▀[38;2;240;240;208m[48;2;188;192;180m▀[38;2;252;252;216m[48;2;240;240;208m▀[38;2;220;220;184m[48;2;228;224;196m▀[38;2;140;148;116m[48;2;124;136;108m▀[38;2;156;168;140m[48;2;108;128;112m▀[38;2;172;180;148m[48;2;128;152;140m▀[38;2;152;160;136m[48;2;152;164;152m▀[38;2;56;76;64m[48;2;92;112;100m▀[38;2;76;104;104m[48;2;52;80;76m▀[38;2;60;68;48m[48;2;36;44;28m▀[38;2;48;52;36m[48;2;40;48;28m▀[38;2;24;24;12m[48;2;36;44;28m▀[38;2;16;12;4m[48;2;24;20;8m▀[38;2;24;20;4m[48;2;24;20;4m▀[38;2;36;20;4m[48;2;32;20;4m▀[38;2;76;60;28m[48;2;20;12;0m▀[38;2;124;104;80m[48;2;8;4;0m▀[38;2;124;108;72m[48;2;44;40;12m▀[38;2;56;48;12m[48;2;56;48;12m▀[38;2;56;56;36m[48;2;44;44;24m▀[38;2;76;80;68m[48;2;64;68;60m▀[38;2;96;104;92m[48;2;88;96;84m▀[38;2;148;152;144m[48;2;116;124;112m▀[38;2;184;184;172m[48;2;124;128;120m▀[38;2;188;184;172m[48;2;172;176;160m▀[38;2;204;204;184m[48;2;204;204;184m▀[38;2;216;212;188m[48;2;204;200;184m▀[38;2;200;196;176m[48;2;220;212;184m▀[38;2;176;164;140m[48;2;208;196;164m▀[38;2;176;168;144m[48;2;188;180;152m▀[38;2;188;180;164m[48;2;196;184;168m▀[38;2;176;168;148m[48;2;200;188;164m▀[0m
[38;2;0;4;4m[48;2;0;4;4m▀▀[38;2;4;12;12m[48;2;4;8;12m▀[38;2;8;20;28m[48;2;8;20;24m▀[38;2;16;32;40m[48;2;12;28;36m▀[48;2;16;32;40m▀[38;2;16;28;28m[48;2;12;24;24m▀[38;2;24;36;24m[48;2;56;72;60m▀[38;2;68;80;64m[48;2;92;112;104m▀[38;2;56;60;40m[48;2;68;80;68m▀[38;2;68;76;56m[48;2;64;72;52m▀[38;2;68;72;48m[48;2;68;72;48m▀[38;2;80;88;68m[48;2;76;80;60m▀[38;2;104;124;108m[48;2;84;96;76m▀[38;2;108;128;116m[48;2;92;104;84m▀[38;2;136;156;152m[48;2;108;120;104m▀[38;2;156;172;172m[48;2;100;116;96m▀[38;2;124;144;144m[48;2;104;120;100m▀[48;2;112;128;120m▀[38;2;128;144;140m[48;2;104;120;108m▀[38;2;140;156;152m[48;2;92;108;96m▀[38;2;164;180;176m[48;2;100;116;104m▀[38;2;140;156;152m[48;2;100;120;104m▀[38;2;124;140;136m[48;2;112;132;116m▀[38;2;132;148;144m[48;2;116;132;124m▀[38;2;136;152;148m[48;2;116;128;116m▀[38;2;104;120;108m[48;2;120;136;128m▀[38;2;88;100;80m[48;2;112;124;116m▀[38;2;116;132;120m[48;2;104;116;104m▀[38;2;80;96;84m[48;2;76;96;84m▀[38;2;60;68;52m[48;2;64;76;64m▀[38;2;76;84;60m[48;2;52;56;40m▀[38;2;96;96;64m[48;2;96;100;76m▀[38;2;152;160;144m[48;2;152;160;136m▀[38;2;148;168;152m[48;2;172;188;172m▀[38;2;132;144;124m[48;2;88;104;76m▀[38;2;176;188;180m[48;2;92;104;92m▀[38;2;140;156;152m[48;2;124;140;128m▀[38;2;136;144;128m[48;2;84;96;76m▀[38;2;172;172;152m[48;2;116;124;108m▀[38;2;132;148;128m[48;2;80;84;68m▀[38;2;92;104;88m[48;2;8;4;0m▀[38;2;76;92;76m[48;2;24;24;4m▀[38;2;48;56;48m[48;2;16;16;4m▀[38;2;48;60;52m[48;2;24;28;16m▀[38;2;36;56;52m[48;2;36;52;48m▀[38;2;32;40;28m[48;2;32;36;32m▀[38;2;24;28;12m[48;2;16;16;8m▀[38;2;16;12;8m[48;2;12;8;4m▀[38;2;8;8;4m[48;2;8;8;0m▀[48;2;0;4;0m▀[38;2;28;24;12m[48;2;16;16;8m▀[38;2;16;12;4m[48;2;20;20;8m▀[38;2;28;28;16m[48;2;16;12;4m▀[38;2;56;60;40m[48;2;24;24;12m▀[38;2;44;44;16m[48;2;40;36;20m▀[38;2;48;52;32m[48;2;48;44;32m▀[38;2;52;56;44m[48;2;48;56;36m▀[38;2;64;68;56m[48;2;60;68;52m▀[38;2;96;104;96m[48;2;72;80;72m▀[38;2;124;136;132m[48;2;88;96;88m▀[38;2;160;164;160m[48;2;120;128;120m▀[38;2;196;196;180m[48;2;148;156;148m▀[38;2;208;204;184m[48;2;168;168;152m▀[38;2;216;208;184m[48;2;204;200;180m▀[38;2;216;208;180m[48;2;228;220;192m▀[38;2;212;200;168m[48;2;224;216;188m▀[38;2;228;220;188m[48;2;212;204;180m▀[38;2;212;200;176m[48;2;216;204;180m▀[0m
[38;2;4;4;4m[48;2;0;4;8m▀[48;2;0;4;4m▀[38;2;4;8;12m[48;2;4;8;8m▀[38;2;4;16;24m[48;2;4;16;20m▀[38;2;12;28;36m[48;2;8;24;32m▀[48;2;12;20;28m▀[38;2;12;28;24m[48;2;24;36;36m▀[38;2;92;108;104m[48;2;100;120;104m▀[38;2;100;116;104m[48;2;100;112;92m▀[38;2;64;72;52m[48;2;76;84;60m▀[38;2;60;68;44m[48;2;68;76;52m▀[38;2;68;76;56m[48;2;72;84;56m▀[38;2;72;80;60m[48;2;76;80;52m▀[38;2;84;92;76m[48;2;72;80;60m▀[38;2;84;92;68m[48;2;80;88;64m▀[48;2;84;96;68m▀[38;2;88;100;80m[48;2;92;108;88m▀[38;2;84;92;68m[48;2;88;100;80m▀[38;2;92;100;76m[48;2;88;96;72m▀[38;2;88;100;76m[48;2;92;104;80m▀[38;2;84;100;80m[48;2;92;104;84m▀[38;2;88;104;84m[48;2;88;104;84m▀[38;2;100;116;104m[48;2;96;112;100m▀[38;2;104;128;112m[48;2;124;140;136m▀[38;2;116;132;124m[48;2;136;156;152m▀[38;2;136;152;144m[48;2;140;160;160m▀[38;2;156;172;172m[48;2;148;168;168m▀[38;2;144;160;160m[48;2;168;184;184m▀[38;2;132;148;148m[48;2;160;176;176m▀[38;2;88;112;108m[48;2;104;120;120m▀[38;2;72;92;80m[48;2;80;104;88m▀[38;2;60;68;52m[48;2;76;88;68m▀[38;2;116;124;96m[48;2;140;144;116m▀[38;2;164;172;144m[48;2;212;224;196m▀[38;2;156;164;132m[48;2;192;204;176m▀[38;2;116;132;100m[48;2;172;184;168m▀[38;2;168;180;164m[48;2;136;148;132m▀[38;2;148;160;152m[48;2;120;128;112m▀[38;2;112;116;104m[48;2;132;136;128m▀[38;2;112;116;96m[48;2;100;112;100m▀[38;2;64;68;48m[48;2;48;44;28m▀[38;2;12;16;4m[48;2;4;4;0m▀[38;2;24;24;8m[48;2;8;4;0m▀[38;2;20;16;0m[48;2;20;12;4m▀[38;2;40;44;28m[48;2;40;44;24m▀[38;2;36;48;44m[48;2;36;48;36m▀[38;2;16;24;16m[48;2;28;32;28m▀[38;2;16;16;12m[48;2;24;24;16m▀[38;2;12;12;4m[48;2;16;16;8m▀[38;2;8;8;4m[48;2;4;4;0m▀[38;2;0;0;0m▀[38;2;4;4;0m[48;2;4;0;0m▀[38;2;24;20;8m[48;2;16;16;4m▀[48;2;24;20;8m▀[48;2;24;20;12m▀[38;2;32;32;16m[48;2;28;28;16m▀[38;2;44;40;28m[48;2;36;36;20m▀[38;2;44;44;32m[48;2;40;40;24m▀[38;2;52;56;40m[48;2;44;48;32m▀[38;2;60;64;52m[48;2;60;68;52m▀[48;2;64;72;60m▀[38;2;76;80;68m[48;2;68;76;60m▀[38;2;108;112;104m[48;2;84;96;84m▀[38;2;140;144;136m[48;2;116;128;124m▀[38;2;196;196;184m[48;2;160;164;156m▀[38;2;204;200;176m[48;2;152;156;148m▀[38;2;192;188;164m[48;2;136;132;116m▀[38;2;124;124;108m[48;2;116;116;96m▀[38;2;144;132;116m[48;2;112;108;88m▀[0m
[38;2;0;4;8m[48;2;4;8;8m▀[38;2;0;4;4m[48;2;0;4;8m▀[38;2;0;8;4m[48;2;0;8;8m▀[38;2;0;12;16m[48;2;0;12;16m▀[38;2;8;20;28m[48;2;4;16;24m▀[38;2;4;16;24m▀[38;2;32;48;44m[48;2;32;44;40m▀[38;2;108;128;116m[48;2;108;124;112m▀[38;2;140;156;144m[48;2;168;184;172m▀[38;2;132;148;136m[48;2;176;188;172m▀[38;2;92;104;80m[48;2;120;128;108m▀[38;2;80;92;64m[48;2;92;104;80m▀[38;2;80;88;60m[48;2;84;92;68m▀[38;2;76;80;52m[48;2;76;84;60m▀[38;2;80;92;68m[48;2;80;92;68m▀[38;2;88;100;76m[48;2;92;104;84m▀[38;2;92;100;80m[48;2;88;100;72m▀[38;2;84;100;84m[48;2;92;108;92m▀[38;2;96;108;92m[48;2;104;120;108m▀[38;2;100;116;92m[48;2;104;120;104m▀[38;2;96;112;92m[48;2;112;132;116m▀[38;2;96;112;96m[48;2;128;148;140m▀[38;2;112;132;120m[48;2;124;144;132m▀[38;2;128;148;144m[48;2;112;132;120m▀[38;2;104;112;100m[48;2;96;108;92m▀[38;2;128;148;144m[48;2;120;132;120m▀[38;2;140;160;160m[48;2;116;132;124m▀[38;2;136;152;152m[48;2;112;128;116m▀[38;2;120;140;132m[48;2;104;120;108m▀[38;2;80;100;96m[48;2;76;100;96m▀[38;2;92;116;104m[48;2;88;104;92m▀[38;2;84;104;92m[48;2;124;140;132m▀[38;2;144;160;144m[48;2;160;180;164m▀[38;2;132;140;120m[48;2;72;84;52m▀[38;2;76;80;48m[48;2;68;80;36m▀[38;2;88;92;76m[48;2;72;80;52m▀[38;2;80;88;76m[48;2;124;140;128m▀[38;2;64;76;56m[48;2;68;76;56m▀[38;2;148;156;144m[48;2;92;104;88m▀[38;2;124;136;120m[48;2;132;144;132m▀[38;2;36;24;12m[48;2;76;68;48m▀[38;2;16;8;0m[48;2;24;12;0m▀[38;2;16;16;12m[48;2;16;20;16m▀[38;2;36;44;40m[48;2;40;48;36m▀[38;2;32;40;28m[48;2;24;32;20m▀[38;2;36;48;36m[48;2;36;44;36m▀[38;2;32;44;36m[48;2;36;40;36m▀[38;2;24;28;20m[48;2;20;24;16m▀[38;2;16;16;8m[48;2;20;20;12m▀[38;2;8;8;0m[48;2;8;8;4m▀[38;2;4;8;4m[48;2;8;12;4m▀[38;2;4;4;0m[48;2;4;4;0m▀[38;2;12;12;4m[48;2;12;8;4m▀[38;2;28;28;16m[48;2;36;36;24m▀[38;2;24;24;16m[48;2;32;36;28m▀[38;2;20;24;16m[48;2;4;8;4m▀[38;2;36;40;24m[48;2;52;60;44m▀[38;2;36;36;20m[48;2;48;52;40m▀[38;2;40;44;24m[48;2;48;52;36m▀[38;2;56;56;40m[48;2;52;52;40m▀[38;2;64;68;56m[48;2;52;56;36m▀[38;2;72;80;68m[48;2;60;60;44m▀[38;2;88;100;92m[48;2;64;68;52m▀[38;2;100;112;108m[48;2;84;92;80m▀[38;2;124;132;128m[48;2;88;96;88m▀[38;2;128;140;132m[48;2;92;104;92m▀[38;2;152;152;140m[48;2;116;124;108m▀[38;2;140;140;120m[48;2;136;132;112m▀[38;2;100;104;76m[48;2;108;108;84m▀[0m
[38;2;0;4;8m[48;2;4;8;8m▀▀[38;2;0;8;8m[48;2;4;8;4m▀[38;2;4;12;16m[48;2;8;8;12m▀[38;2;8;20;20m[48;2;8;16;20m▀[38;2;4;20;24m[48;2;8;20;24m▀[38;2;16;32;32m[48;2;8;16;20m▀[38;2;92;108;96m[48;2;64;80;64m▀[38;2;160;176;168m[48;2;160;176;164m▀[38;2;192;204;184m[48;2;196;204;184m▀[38;2;184;192;176m[48;2;212;220;196m▀[38;2;148;164;148m[48;2;204;220;196m▀[38;2;96;108;88m[48;2;172;188;172m▀[38;2;68;76;52m[48;2;140;156;136m▀[38;2;80;88;64m[48;2;136;148;132m▀[38;2;84;100;80m[48;2;140;152;132m▀[38;2;84;96;72m[48;2;124;136;112m▀[38;2;96;104;84m[48;2;120;128;108m▀[38;2;104;116;96m[48;2;128;140;124m▀[38;2;108;120;100m[48;2;156;168;148m▀[38;2;108;124;104m[48;2;160;176;152m▀[38;2;120;136;124m[48;2;168;176;156m▀[38;2;116;132;112m[48;2;176;184;160m▀[38;2;100;116;92m[48;2;188;196;172m▀[38;2;104;120;96m[48;2;192;204;180m▀[38;2;116;128;104m[48;2;180;192;176m▀[38;2;132;144;124m▀[38;2;140;152;136m[48;2;176;188;168m▀[38;2;120;136;116m[48;2;164;172;152m▀[38;2;108;124;112m[48;2;136;148;128m▀[38;2;136;156;144m[48;2;108;120;104m▀[38;2;164;180;172m[48;2;80;88;76m▀[38;2;148;160;148m[48;2;60;64;40m▀[38;2;88;96;68m[48;2;48;40;12m▀[38;2;60;64;28m[48;2;40;36;12m▀[38;2;32;32;8m[48;2;32;32;8m▀[38;2;72;80;68m[48;2;20;20;0m▀[38;2;72;80;64m[48;2;28;32;24m▀[38;2;60;60;40m[48;2;60;68;52m▀[38;2;108;120;108m[48;2;92;104;92m▀[38;2;84;72;48m[48;2;64;52;28m▀[38;2;36;20;0m[48;2;52;32;0m▀[38;2;12;16;8m[48;2;20;20;16m▀[38;2;24;24;16m[48;2;8;8;4m▀[38;2;20;24;16m[48;2;20;20;12m▀[38;2;36;40;28m[48;2;36;36;24m▀[38;2;28;32;20m[48;2;20;20;12m▀[38;2;20;24;16m[48;2;16;20;16m▀[38;2;20;20;12m[48;2;20;20;12m▀[38;2;12;12;4m[48;2;12;12;4m▀[38;2;12;12;12m[48;2;12;16;12m▀[38;2;12;12;8m[48;2;12;12;8m▀[38;2;8;8;0m[48;2;4;4;0m▀[38;2;32;36;20m[48;2;28;32;16m▀[38;2;36;40;36m[48;2;32;36;28m▀[38;2;0;0;0m[48;2;0;0;0m▀[38;2;48;56;40m[48;2;40;48;36m▀[38;2;60;68;48m[48;2;80;92;72m▀[38;2;52;56;44m[48;2;60;72;52m▀[38;2;56;60;44m[48;2;48;56;44m▀[38;2;40;40;20m[48;2;40;40;24m▀[38;2;44;48;32m[48;2;44;48;32m▀[38;2;52;56;36m[48;2;56;60;40m▀[38;2;56;60;40m[48;2;56;56;36m▀[38;2;60;64;48m[48;2;56;60;44m▀[38;2;76;80;64m[48;2;52;60;48m▀[38;2;80;84;64m[48;2;76;80;60m▀[38;2;96;96;72m[48;2;84;88;68m▀[38;2;88;92;68m[48;2;88;88;64m▀[0m

     * Смотреть «Звёздные войны» в ASCII ты должен. telnet — путь. *

ART
