#!/bin/sh
# apt-update: meme «Oprah You Get A». Regenerate: meme.py render "Oprah You Get A"
cat <<'ART'

[38;2;28;64;132m[48;2;28;60;124m▀[38;2;24;68;156m[48;2;28;64;160m▀[38;2;24;68;160m▀[38;2;20;68;176m[48;2;24;64;176m▀▀[38;2;16;68;184m[48;2;20;64;184m▀[38;2;12;72;188m[48;2;16;68;184m▀[38;2;8;76;192m[48;2;12;72;192m▀[38;2;8;76;200m[48;2;12;72;200m▀[38;2;8;72;204m[48;2;12;72;204m▀▀▀▀[38;2;12;68;192m[48;2;12;68;192m▀[38;2;12;68;188m[48;2;12;68;188m▀[38;2;12;68;192m[48;2;12;68;192m▀[38;2;20;60;176m[48;2;20;60;176m▀[38;2;24;60;168m[48;2;24;60;172m▀[38;2;20;60;168m[48;2;20;56;164m▀[38;2;20;60;164m[48;2;24;56;156m▀[38;2;24;60;164m[48;2;24;56;160m▀▀[38;2;16;60;164m[48;2;20;60;160m▀[38;2;16;64;172m[48;2;16;64;172m▀[38;2;16;64;180m[48;2;20;60;176m▀[38;2;20;64;188m[48;2;24;64;184m▀[38;2;20;68;192m[48;2;24;64;188m▀[38;2;16;68;192m[48;2;24;68;188m▀▀[38;2;24;64;180m[48;2;24;64;180m▀[38;2;24;68;172m[48;2;24;68;172m▀[38;2;24;64;172m[48;2;24;64;172m▀[38;2;28;56;164m[48;2;28;56;164m▀[38;2;28;56;152m[48;2;28;56;152m▀[38;2;32;56;144m[48;2;32;56;140m▀[38;2;32;52;140m[48;2;32;52;140m▀[38;2;32;56;140m[48;2;32;56;140m▀[38;2;32;60;140m[48;2;32;56;148m▀[38;2;28;68;136m[48;2;28;64;148m▀[38;2;24;76;136m[48;2;24;72;140m▀[38;2;24;80;132m[48;2;24;72;136m▀[38;2;20;80;136m[48;2;24;76;136m▀[48;2;20;76;140m▀[38;2;20;80;132m[48;2;24;76;140m▀[38;2;20;80;136m[48;2;24;80;140m▀[38;2;16;84;132m[48;2;16;80;136m▀[38;2;16;84;128m[48;2;12;84;132m▀[48;2;16;80;136m▀[38;2;8;84;136m[48;2;20;76;140m▀[38;2;8;88;136m▀[38;2;12;84;140m[48;2;16;76;136m▀[38;2;12;84;148m[48;2;16;72;136m▀[38;2;12;84;152m[48;2;16;72;140m▀[38;2;12;84;156m[48;2;16;72;148m▀[38;2;12;88;156m▀▀[38;2;12;84;168m[48;2;20;72;156m▀[38;2;12;84;176m[48;2;20;76;168m▀[48;2;20;76;172m▀[38;2;8;84;176m[48;2;16;76;172m▀[48;2;16;80;172m▀[38;2;16;80;176m▀[38;2;20;76;176m[48;2;24;80;172m▀▀[38;2;24;76;168m[48;2;24;76;168m▀[38;2;24;80;168m▀[38;2;28;72;156m[48;2;28;72;156m▀[38;2;32;72;148m[48;2;32;72;148m▀[38;2;36;68;140m[48;2;36;68;140m▀[38;2;32;64;132m[48;2;32;64;132m▀[38;2;36;60;132m[48;2;32;60;132m▀[38;2;36;64;132m[48;2;36;64;136m▀[38;2;28;52;124m[48;2;24;48;120m▀[38;2;48;44;60m[48;2;56;52;68m▀[38;2;112;84;60m[48;2;112;84;56m▀[38;2;112;88;84m[48;2;112;76;64m▀[38;2;68;56;64m[48;2;64;40;32m▀[38;2;56;44;72m[48;2;32;28;48m▀[38;2;120;100;136m[48;2;100;88;132m▀[38;2;124;112;144m[48;2;112;100;132m▀[0m
[38;2;32;60;112m[48;2;32;60;112m▀[38;2;28;60;156m[48;2;28;60;152m▀[38;2;32;60;156m[48;2;28;56;148m▀[38;2;28;60;164m[48;2;24;60;156m▀[38;2;24;60;168m▀[38;2;20;64;176m[48;2;20;64;164m▀[38;2;20;68;180m[48;2;24;68;172m▀[38;2;16;68;184m[48;2;20;64;180m▀[38;2;16;68;192m[48;2;12;64;180m▀[38;2;16;68;200m[48;2;12;64;184m▀[38;2;12;68;200m[48;2;12;68;188m▀[38;2;8;68;200m▀[48;2;12;68;192m▀[38;2;12;68;192m[48;2;16;64;188m▀[38;2;12;64;192m[48;2;16;64;184m▀[38;2;16;64;184m[48;2;16;64;180m▀[38;2;20;60;172m[48;2;16;64;168m▀[38;2;20;60;168m[48;2;20;60;164m▀[38;2;24;56;160m[48;2;24;52;152m▀[38;2;28;56;152m[48;2;28;56;152m▀[38;2;28;52;152m▀[38;2;28;56;152m▀[38;2;20;56;160m[48;2;24;56;160m▀[38;2;16;56;164m[48;2;20;56;156m▀[38;2;20;60;168m[48;2;20;56;160m▀[38;2;28;60;176m[48;2;24;60;168m▀[38;2;28;60;184m[48;2;24;60;176m▀[38;2;28;64;184m[48;2;24;64;180m▀[38;2;28;64;180m▀[38;2;28;64;176m[48;2;28;64;184m▀▀[38;2;28;60;176m[48;2;28;60;180m▀[38;2;24;56;164m[48;2;28;60;164m▀[38;2;28;56;152m[48;2;28;56;152m▀[38;2;36;56;144m[48;2;36;52;156m▀[38;2;36;52;140m▀[38;2;32;56;140m[48;2;32;56;156m▀[38;2;28;60;152m[48;2;28;60;160m▀[38;2;28;64;156m[48;2;28;68;164m▀[38;2;24;68;144m[48;2;28;68;152m▀[38;2;24;72;144m▀[38;2;24;72;136m[48;2;24;68;140m▀[38;2;24;76;140m[48;2;24;72;136m▀[38;2;28;76;144m[48;2;28;72;132m▀[38;2;28;76;140m▀[38;2;20;76;140m[48;2;28;72;128m▀[38;2;20;80;136m[48;2;28;72;124m▀[38;2;24;76;136m[48;2;24;68;120m▀[38;2;28;68;132m[48;2;28;64;116m▀[38;2;28;64;128m[48;2;28;60;112m▀[38;2;24;64;124m[48;2;28;56;120m▀[38;2;24;60;124m[48;2;28;56;128m▀[38;2;20;64;132m[48;2;28;60;136m▀[38;2;20;64;140m[48;2;24;64;148m▀[38;2;20;64;144m[48;2;28;68;156m▀[38;2;20;68;148m[48;2;24;72;164m▀[38;2;20;72;156m[48;2;20;76;168m▀[38;2;20;76;168m[48;2;20;80;172m▀[38;2;20;76;172m[48;2;16;80;176m▀[38;2;20;80;172m▀[38;2;20;76;172m[48;2;20;84;180m▀[38;2;28;80;172m[48;2;24;80;176m▀[38;2;24;80;172m[48;2;20;80;172m▀[48;2;20;76;168m▀[38;2;24;76;168m[48;2;28;72;156m▀[38;2;28;76;164m[48;2;32;68;148m▀[38;2;32;72;156m[48;2;40;64;148m▀[38;2;36;68;148m[48;2;40;60;140m▀[38;2;32;64;136m[48;2;36;60;132m▀[38;2;36;60;128m[48;2;40;60;128m▀[48;2;40;56;124m▀[38;2;36;60;132m[48;2;40;60;124m▀[38;2;32;48;116m[48;2;36;48;116m▀[38;2;64;52;68m[48;2;60;44;60m▀[38;2;116;80;52m[48;2;120;88;56m▀[38;2;120;76;56m[48;2;104;64;36m▀[38;2;136;88;68m[48;2;124;84;60m▀[38;2;128;96;92m[48;2;164;128;100m▀[38;2;128;104;120m[48;2;180;140;116m▀[38;2;128;108;124m[48;2;168;140;124m▀[0m
[38;2;32;60;112m[48;2;28;60;116m▀[38;2;24;60;152m[48;2;28;60;152m▀[38;2;28;60;148m[48;2;28;60;144m▀[38;2;28;60;152m[48;2;20;64;148m▀[38;2;24;60;156m[48;2;20;64;152m▀[38;2;24;64;160m[48;2;20;64;160m▀[38;2;24;64;168m[48;2;20;68;164m▀[38;2;20;68;176m[48;2;16;68;168m▀[38;2;16;64;180m[48;2;8;64;176m▀[38;2;12;64;180m[48;2;8;64;180m▀[38;2;16;64;184m[48;2;12;68;184m▀[38;2;16;68;184m[48;2;12;72;184m▀[38;2;12;68;180m[48;2;12;68;188m▀[38;2;16;64;180m[48;2;16;68;188m▀[38;2;16;64;184m[48;2;16;64;184m▀[38;2;20;64;176m[48;2;20;64;180m▀[38;2;16;64;168m[48;2;20;60;172m▀[38;2;20;60;164m[48;2;20;60;168m▀[38;2;24;52;152m[48;2;16;60;156m▀[38;2;24;52;148m[48;2;20;56;152m▀[48;2;20;56;148m▀[38;2;24;56;152m▀[38;2;24;56;156m[48;2;20;56;152m▀▀[38;2;20;56;156m[48;2;24;56;152m▀[38;2;24;56;160m[48;2;20;56;152m▀[38;2;24;56;168m[48;2;20;56;160m▀[38;2;20;60;176m[48;2;20;60;176m▀[38;2;24;60;180m[48;2;20;60;180m▀▀[48;2;24;60;180m▀[48;2;24;56;180m▀[38;2;28;56;164m[48;2;24;56;168m▀[38;2;28;60;152m[48;2;28;56;164m▀[38;2;32;56;160m[48;2;32;56;164m▀[38;2;36;52;164m[48;2;32;56;160m▀[38;2;32;56;168m[48;2;28;56;164m▀[38;2;28;60;168m[48;2;32;56;168m▀[38;2;32;64;164m[48;2;32;60;160m▀[38;2;32;64;148m[48;2;32;56;140m▀[38;2;32;64;140m[48;2;32;56;132m▀[38;2;28;64;136m[48;2;28;56;124m▀[38;2;28;60;128m[48;2;24;48;112m▀[38;2;32;60;120m[48;2;28;52;112m▀[38;2;28;60;120m[48;2;24;56;116m▀[38;2;28;60;116m[48;2;20;56;116m▀[38;2;24;60;112m▀[38;2;24;56;108m[48;2;24;56;116m▀[38;2;24;56;112m[48;2;24;56;124m▀[38;2;24;56;120m[48;2;20;56;132m▀[38;2;24;60;124m[48;2;16;64;140m▀[38;2;20;60;132m[48;2;16;68;148m▀[38;2;20;64;144m[48;2;12;68;156m▀[38;2;24;68;156m[48;2;16;76;168m▀[38;2;24;68;160m[48;2;16;76;172m▀[38;2;20;72;168m[48;2;12;80;180m▀[38;2;20;80;172m[48;2;8;80;184m▀[38;2;16;80;172m[48;2;8;80;180m▀[38;2;12;80;176m[48;2;12;76;180m▀▀[38;2;20;80;176m[48;2;16;72;176m▀[38;2;20;76;168m[48;2;16;68;168m▀[38;2;16;72;164m[48;2;16;68;164m▀[38;2;20;72;160m[48;2;20;68;156m▀[38;2;28;68;148m[48;2;20;64;148m▀[38;2;32;64;144m[48;2;28;60;144m▀[38;2;36;60;136m[48;2;28;60;136m▀[38;2;40;56;132m[48;2;32;56;128m▀[38;2;40;56;128m[48;2;36;56;120m▀[38;2;40;60;124m▀[38;2;40;56;120m[48;2;36;52;120m▀[38;2;40;60;124m[48;2;36;56;112m▀[38;2;32;48;112m[48;2;24;48;96m▀[38;2;48;32;52m[48;2;48;40;56m▀[38;2;112;76;48m[48;2;124;84;64m▀[38;2;112;76;44m[48;2;124;84;56m▀[38;2;128;88;68m[48;2;128;84;68m▀[38;2;160;120;104m[48;2;160;116;104m▀[38;2;180;140;120m[48;2;176;136;116m▀[38;2;172;136;124m[48;2;172;140;124m▀[0m
[38;2;24;52;96m[48;2;56;52;48m▀[38;2;24;56;128m[48;2;76;60;68m▀[38;2;16;52;132m[48;2;84;60;76m▀[38;2;12;52;144m[48;2;76;60;72m▀[48;2;76;60;80m▀[38;2;8;56;152m[48;2;80;60;84m▀[38;2;12;56;152m[48;2;76;68;96m▀[38;2;8;56;148m[48;2;68;60;88m▀[38;2;4;52;160m[48;2;68;60;80m▀[38;2;4;56;164m[48;2;76;64;80m▀[38;2;8;60;168m[48;2;80;64;88m▀[38;2;8;60;172m[48;2;88;72;92m▀[38;2;4;60;176m[48;2;88;76;92m▀[38;2;8;56;172m[48;2;84;72;96m▀[38;2;8;52;168m[48;2;84;64;92m▀[38;2;8;56;160m[48;2;80;64;88m▀[38;2;4;52;152m[48;2;76;64;88m▀[38;2;8;48;152m[48;2;80;68;88m▀[38;2;4;48;144m[48;2;92;76;100m▀[38;2;12;44;140m[48;2;88;72;88m▀[38;2;8;44;136m[48;2;88;60;76m▀[38;2;8;40;128m[48;2;88;60;72m▀[38;2;12;40;120m[48;2;88;64;72m▀[38;2;12;44;128m[48;2;88;60;76m▀[38;2;8;44;128m[48;2;80;64;84m▀[38;2;8;44;136m[48;2;80;68;84m▀[38;2;8;44;140m[48;2;84;72;92m▀[38;2;8;44;148m[48;2;84;72;108m▀[38;2;12;48;160m[48;2;72;64;92m▀[38;2;12;48;156m[48;2;72;60;84m▀[38;2;4;44;152m[48;2;96;80;96m▀[48;2;88;72;88m▀[38;2;12;44;148m[48;2;76;56;80m▀[38;2;12;44;144m[48;2;88;68;88m▀[38;2;12;40;136m[48;2;108;84;100m▀[38;2;16;40;136m[48;2;100;76;88m▀[38;2;12;40;136m[48;2;104;80;92m▀[38;2;20;36;128m[48;2;100;80;88m▀[38;2;16;36;120m[48;2;104;76;84m▀[38;2;16;40;112m[48;2;104;72;68m▀[38;2;12;32;104m[48;2;116;80;76m▀[38;2;16;32;100m[48;2;96;64;60m▀[38;2;12;32;88m[48;2;92;60;56m▀[38;2;20;36;88m[48;2;92;64;56m▀[38;2;20;36;92m[48;2;96;72;68m▀[38;2;16;40;96m[48;2;96;72;76m▀[38;2;16;40;100m[48;2;96;72;80m▀[38;2;16;40;104m[48;2;88;68;76m▀[38;2;12;44;112m[48;2;96;68;68m▀[38;2;8;52;112m[48;2;104;76;72m▀[38;2;8;52;120m[48;2;104;76;76m▀[38;2;8;52;124m[48;2;92;64;60m▀[38;2;4;52;124m[48;2;96;76;64m▀[38;2;4;52;128m[48;2;100;76;56m▀[38;2;4;56;132m[48;2;100;68;56m▀[38;2;8;52;124m[48;2;112;80;68m▀[38;2;8;52;128m[48;2;116;80;68m▀[38;2;8;48;124m[48;2;100;64;52m▀[38;2;16;44;116m[48;2;100;60;48m▀[48;2;112;72;56m▀[38;2;20;44;116m[48;2;116;76;56m▀[38;2;24;40;108m[48;2;124;84;68m▀[38;2;28;44;100m[48;2;120;80;72m▀[38;2;28;40;96m[48;2;108;72;52m▀[38;2;28;44;100m▀[38;2;28;36;88m[48;2;96;56;40m▀[38;2;28;36;72m[48;2;120;76;52m▀[38;2;36;40;72m[48;2;128;84;68m▀[38;2;36;36;68m[48;2;128;88;76m▀[38;2;40;40;76m[48;2;116;76;60m▀[38;2;36;32;60m[48;2;104;68;44m▀[38;2;36;36;52m[48;2;112;76;52m▀[48;2;128;88;76m▀[38;2;72;56;52m[48;2;108;72;56m▀[38;2;132;104;84m[48;2;116;88;72m▀[38;2;100;68;52m[48;2;108;80;64m▀[38;2;124;84;68m[48;2;128;88;72m▀[38;2;164;124;108m[48;2;164;124;104m▀[38;2;176;136;120m[48;2;176;140;116m▀[38;2;176;140;128m[48;2;176;140;124m▀[0m
[38;2;100;76;52m[48;2;108;88;64m▀[38;2;152;100;76m[48;2;144;96;68m▀[38;2;160;112;84m[48;2;148;108;76m▀[38;2;156;128;100m[48;2;140;112;92m▀[38;2;140;116;96m[48;2;124;108;88m▀[38;2;160;128;108m[48;2;136;120;108m▀[38;2;164;128;104m[48;2;144;108;88m▀[38;2;160;120;100m[48;2;152;108;88m▀[38;2;148;100;76m[48;2;168;128;116m▀[38;2;160;112;84m[48;2;172;132;120m▀[38;2;160;124;108m[48;2;156;124;108m▀[38;2;176;128;112m[48;2;156;116;104m▀[38;2;184;128;96m[48;2;172;124;100m▀[38;2;180;128;96m[48;2;164;116;92m▀[38;2;180;128;100m[48;2;180;140;116m▀[38;2;172;116;88m[48;2;176;136;112m▀[38;2;176;120;96m[48;2;176;136;116m▀[38;2;176;120;84m[48;2;172;124;100m▀[38;2;180;140;100m[48;2;176;128;108m▀[38;2;176;140;112m[48;2;172;124;112m▀[38;2;180;128;100m[48;2;176;132;116m▀[38;2;172;120;88m[48;2;160;120;108m▀[38;2;164;116;92m[48;2;156;116;108m▀[38;2;152;108;96m[48;2;148;112;100m▀[38;2;168;124;120m[48;2;156;116;100m▀[38;2;164;116;96m[48;2;148;108;100m▀[38;2;168;124;100m[48;2;164;120;112m▀[38;2;172;132;116m[48;2;160;120;96m▀[38;2;144;104;84m[48;2;180;140;120m▀[38;2;152;112;92m[48;2;168;124;112m▀[38;2;172;128;112m[48;2;148;104;92m▀[38;2;172;120;100m[48;2;160;112;88m▀[38;2;156;104;84m▀[38;2;156;112;88m[48;2;156;112;88m▀[38;2;188;136;108m[48;2;152;112;92m▀[38;2;188;144;112m[48;2;168;120;100m▀[38;2;188;148;124m[48;2;168;120;96m▀[38;2;164;140;112m[48;2;164;116;92m▀[38;2;176;144;132m[48;2;172;128;108m▀[38;2;160;112;92m[48;2;168;132;116m▀[38;2;156;104;80m[48;2;144;112;84m▀[38;2;156;108;88m[48;2;160;124;100m▀[38;2;164;112;100m[48;2;152;112;96m▀[38;2;148;92;80m[48;2;144;108;96m▀[38;2;152;108;92m[48;2;152;116;112m▀[38;2;156;116;100m[48;2;136;88;80m▀[38;2;152;112;100m[48;2;156;108;100m▀[38;2;156;116;112m[48;2;152;112;112m▀[38;2;152;116;92m[48;2;128;100;88m▀[38;2;156;104;80m[48;2;148;100;80m▀[38;2;156;104;76m[48;2;148;100;76m▀[38;2;144;100;68m[48;2;140;100;76m▀[38;2;156;108;72m[48;2;140;100;80m▀[38;2;160;112;76m[48;2;156;116;96m▀[38;2;152;108;76m[48;2;136;96;68m▀[38;2;148;108;84m[48;2;144;92;60m▀[38;2;144;104;76m[48;2;144;96;60m▀[48;2;140;92;60m▀[38;2;140;100;68m[48;2;136;96;64m▀[38;2;140;100;72m[48;2;140;96;68m▀[38;2;140;100;76m[48;2;136;92;68m▀[38;2;136;96;76m[48;2;128;80;56m▀[38;2;140;100;76m[48;2;132;88;56m▀[38;2;132;96;60m[48;2;128;84;48m▀[38;2;116;80;52m[48;2;136;96;68m▀[38;2;116;76;64m[48;2;136;92;76m▀[38;2;132;92;64m[48;2;128;88;56m▀[38;2;120;84;64m[48;2;108;68;32m▀[38;2;124;84;72m[48;2;120;68;40m▀[38;2;132;92;68m[48;2;124;72;44m▀[38;2;140;96;68m[48;2;120;72;48m▀[38;2;120;84;60m[48;2;124;80;48m▀[38;2;128;96;76m[48;2;132;88;52m▀[38;2;112;80;60m[48;2;124;80;44m▀[38;2;116;88;76m[48;2;128;88;52m▀[38;2;116;92;80m[48;2;128;92;56m▀[38;2;124;96;68m[48;2;132;96;64m▀[38;2;164;124;96m[48;2;164;124;96m▀[38;2;180;136;108m[48;2;184;140;112m▀[38;2;172;136;112m[48;2;176;140;112m▀[0m
[38;2;112;88;56m[48;2;180;120;68m▀[38;2;140;80;44m[48;2;212;136;68m▀[38;2;152;92;52m[48;2;212;136;76m▀[38;2;148;84;44m[48;2;216;140;76m▀[38;2;140;84;40m[48;2;224;144;72m▀[38;2;140;84;48m[48;2;224;148;76m▀[38;2;144;88;48m▀[38;2;152;88;48m[48;2;228;152;80m▀[38;2;172;124;92m[48;2;236;164;92m▀[38;2;180;124;88m[48;2;236;168;92m▀[38;2;172;108;64m▀[38;2;164;104;60m[48;2;240;172;100m▀[38;2;176;108;64m[48;2;240;176;100m▀[38;2;176;104;60m[48;2;244;172;100m▀[38;2;184;116;72m▀[38;2;192;120;80m[48;2;244;176;100m▀[38;2;196;124;84m[48;2;248;176;104m▀[38;2;184;108;68m[48;2;248;180;112m▀[38;2;184;104;64m[48;2;248;180;108m▀[48;2;252;180;108m▀[38;2;200;128;88m▀[38;2;184;124;88m[48;2;248;180;112m▀[38;2;188;120;88m▀[38;2;176;108;72m[48;2;248;184;112m▀[38;2;180;116;72m▀[38;2;176;112;80m[48;2;252;184;108m▀[48;2;248;184;112m▀[38;2;160;100;64m[48;2;248;184;116m▀[38;2;184;120;80m[48;2;252;180;116m▀[38;2;176;104;68m[48;2;252;176;112m▀[48;2;248;172;108m▀[38;2;168;100;52m[48;2;248;172;104m▀[38;2;168;96;56m[48;2;248;172;112m▀[38;2;184;108;72m[48;2;248;172;108m▀[38;2;180;112;76m▀[38;2;184;112;84m[48;2;248;172;112m▀[38;2;184;108;72m[48;2;248;176;108m▀[38;2;180;112;68m[48;2;244;172;104m▀[38;2;188;120;76m[48;2;244;176;112m▀[38;2;176;120;76m[48;2;232;160;96m▀[38;2;168;104;60m[48;2;156;96;48m▀[38;2;172;108;68m[48;2;124;68;32m▀[38;2;152;92;68m[48;2;124;76;40m▀[38;2;156;100;80m[48;2;144;92;60m▀[38;2;160;96;68m[48;2;180;116;68m▀[38;2;144;76;44m[48;2;204;132;72m▀[38;2;156;88;52m[48;2;224;144;76m▀[38;2;148;92;60m[48;2;220;140;72m▀[38;2;140;80;44m[48;2;220;144;76m▀[38;2;144;76;36m[48;2;220;140;68m▀[38;2;152;84;40m[48;2;216;136;68m▀[38;2;148;84;44m[48;2;220;136;64m▀[38;2;140;80;44m[48;2;216;136;64m▀[38;2;148;84;48m[48;2;212;128;64m▀[38;2;148;80;40m[48;2;204;124;64m▀[38;2;152;84;36m[48;2;200;120;56m▀[38;2;144;84;32m[48;2;196;120;52m▀[38;2;144;80;32m[48;2;196;120;60m▀[38;2;148;80;32m[48;2;196;112;56m▀[38;2;152;84;40m[48;2;196;112;52m▀[38;2;148;84;44m[48;2;188;108;52m▀[38;2;144;84;40m[48;2;180;108;48m▀[38;2;144;80;36m[48;2;180;104;44m▀[38;2;140;80;28m[48;2;176;100;40m▀[38;2;140;80;36m[48;2;172;96;36m▀[38;2;140;80;40m[48;2;172;92;32m▀[38;2;140;80;36m[48;2;172;92;40m▀[38;2;140;76;28m[48;2;168;92;36m▀[38;2;140;76;24m[48;2;168;84;32m▀[38;2;136;76;28m[48;2;160;88;28m▀[38;2;140;80;36m[48;2;164;88;28m▀[38;2;148;84;36m[48;2;164;84;32m▀[38;2;148;84;40m[48;2;160;88;32m▀[48;2;156;88;32m▀[38;2;148;84;36m[48;2;160;88;32m▀[38;2;152;88;36m[48;2;164;92;32m▀[38;2;148;88;48m[48;2;160;88;32m▀[38;2;156;104;68m[48;2;160;88;36m▀[38;2;176;120;88m[48;2;168;96;44m▀[38;2;168;124;96m[48;2;160;92;48m▀[0m
[38;2;244;184;116m[48;2;88;52;24m▀[38;2;255;196;120m[48;2;100;48;28m▀[38;2;255;192;124m[48;2;100;44;24m▀[38;2;255;192;120m[48;2;92;40;20m▀[38;2;255;188;116m▀[38;2;255;192;116m[48;2;108;56;24m▀[38;2;255;192;124m[48;2;120;68;32m▀[38;2;252;196;132m[48;2;92;40;20m▀[38;2;248;204;136m[48;2;96;44;24m▀[38;2;248;208;144m[48;2;96;48;28m▀[38;2;248;208;148m[48;2;92;40;20m▀[48;2;80;32;16m▀[38;2;248;208;144m[48;2;76;28;12m▀[38;2;244;204;144m[48;2;80;32;8m▀[38;2;244;200;144m[48;2;80;28;8m▀[38;2;240;196;140m[48;2;80;28;12m▀[38;2;240;196;136m[48;2;84;28;12m▀[38;2;240;196;132m[48;2;84;28;8m▀[38;2;240;192;132m▀[38;2;236;188;128m[48;2;80;24;8m▀[38;2;236;184;124m[48;2;80;24;4m▀[38;2;232;184;124m[48;2;84;20;0m▀▀[38;2;236;184;124m[48;2;72;16;0m▀[38;2;228;180;120m[48;2;52;16;0m▀[38;2;228;180;116m[48;2;56;16;0m▀[38;2;228;180;120m[48;2;56;16;4m▀[38;2;228;180;124m[48;2;60;20;8m▀[38;2;228;176;116m[48;2;56;16;0m▀[38;2;232;176;112m[48;2;60;24;4m▀[38;2;232;176;108m[48;2;56;20;4m▀[38;2;232;176;112m[48;2;60;24;12m▀[38;2;228;176;120m[48;2;60;24;16m▀[38;2;228;180;116m[48;2;56;16;12m▀[38;2;228;176;116m▀[48;2;60;20;16m▀[38;2;228;172;108m[48;2;64;28;20m▀[38;2;228;176;116m[48;2;60;32;20m▀[38;2;232;180;124m[48;2;36;16;4m▀[38;2;172;120;76m[48;2;28;12;4m▀[38;2;84;52;44m[48;2;32;12;4m▀[38;2;52;28;28m[48;2;16;0;0m▀[38;2;44;20;12m[48;2;8;0;0m▀[38;2;60;32;24m[48;2;20;0;4m▀[38;2;108;68;48m[48;2;20;0;0m▀[38;2;208;148;104m[48;2;40;16;8m▀[38;2;244;172;116m[48;2;56;28;12m▀[38;2;252;180;116m[48;2;64;28;16m▀[38;2;252;184;120m[48;2;76;32;16m▀[38;2;252;184;116m[48;2;84;36;20m▀[48;2;84;32;16m▀[38;2;252;180;108m[48;2;92;36;16m▀[38;2;255;180;108m[48;2;96;40;20m▀[38;2;255;184;120m[48;2;104;44;28m▀[38;2;255;188;124m[48;2;108;48;32m▀[38;2;255;188;120m[48;2;96;48;32m▀[38;2;255;188;116m[48;2;92;48;28m▀[48;2;116;64;40m▀[38;2;255;188;120m[48;2;132;68;40m▀[48;2;128;60;36m▀[38;2;255;184;120m[48;2;136;64;40m▀[38;2;255;188;116m[48;2;144;72;40m▀[48;2;148;76;44m▀[38;2;255;184;112m[48;2;152;80;44m▀[38;2;255;180;104m[48;2;152;80;48m▀[38;2;255;176;104m[48;2;156;84;52m▀[48;2;160;92;56m▀[48;2;164;96;64m▀[38;2;255;172;96m[48;2;172;100;64m▀[38;2;255;168;96m[48;2;176;104;64m▀[38;2;252;164;96m[48;2;172;108;64m▀[48;2;180;116;72m▀[38;2;252;160;100m▀[48;2;196;124;76m▀[38;2;236;148;88m[48;2;232;140;84m▀[38;2;220;140;76m[48;2;228;136;80m▀[38;2;232;152;88m[48;2;224;128;76m▀[38;2;240;152;88m[48;2;228;144;88m▀[38;2;240;156;84m[48;2;228;156;96m▀[38;2;220;144;80m[48;2;216;144;92m▀[0m
[38;2;32;12;8m[48;2;56;40;44m▀[38;2;52;16;4m[48;2;76;44;48m▀[38;2;60;16;12m[48;2;84;44;52m▀[38;2;60;16;20m[48;2;84;48;64m▀[38;2;64;24;24m[48;2;88;48;68m▀[38;2;76;32;36m[48;2;88;56;72m▀[38;2;80;40;36m[48;2;92;56;76m▀[38;2;80;36;36m[48;2;96;60;80m▀[38;2;88;48;36m[48;2;96;60;72m▀[38;2;116;80;56m[48;2;100;68;72m▀[38;2;100;64;36m[48;2;104;68;68m▀[38;2;92;56;36m[48;2;116;68;72m▀[38;2;100;56;40m[48;2;116;72;72m▀[38;2;104;60;32m[48;2;116;76;72m▀[38;2;108;68;36m[48;2;116;80;76m▀[38;2;96;56;24m[48;2;104;64;56m▀[38;2;108;60;28m[48;2;124;80;72m▀[38;2;112;60;32m[48;2;132;88;76m▀[38;2;104;56;28m[48;2;120;76;64m▀[38;2;104;56;24m[48;2;116;72;60m▀[38;2;100;52;24m[48;2;124;80;64m▀[38;2;104;60;28m[48;2;116;80;64m▀[48;2;112;72;56m▀[38;2;88;44;16m[48;2;104;64;56m▀[38;2;76;36;12m[48;2;96;56;64m▀[38;2;72;36;16m[48;2;92;52;60m▀[38;2;76;40;24m[48;2;88;52;60m▀[38;2;76;36;24m[48;2;88;48;60m▀[38;2;68;32;12m[48;2;88;48;56m▀[38;2;64;28;12m[48;2;92;48;56m▀[38;2;60;24;20m[48;2;88;44;60m▀[38;2;64;24;28m[48;2;84;48;60m▀[38;2;68;28;32m[48;2;84;48;68m▀[38;2;64;28;32m▀[38;2;68;32;36m[48;2;76;36;56m▀[38;2;56;28;32m[48;2;40;16;16m▀[38;2;24;8;12m[48;2;8;0;0m▀[38;2;12;4;12m[48;2;36;12;4m▀[38;2;52;24;20m[48;2;192;120;84m▀[38;2;164;96;72m[48;2;255;176;128m▀[38;2;208;124;84m[48;2;255;172;120m▀[38;2;184;108;64m[48;2;255;160;100m▀[38;2;100;48;24m[48;2;216;124;76m▀[38;2;32;4;4m[48;2;96;36;20m▀[38;2;40;20;16m[48;2;28;4;0m▀[38;2;24;4;0m[48;2;24;4;0m▀[48;2;24;8;4m▀[38;2;20;0;0m[48;2;24;4;4m▀[38;2;36;8;4m[48;2;32;4;4m▀[38;2;60;16;16m[48;2;52;12;16m▀[38;2;60;16;12m[48;2;64;28;20m▀[38;2;68;20;12m[48;2;72;28;24m▀[38;2;64;16;12m[48;2;76;28;24m▀[38;2;60;8;4m[48;2;92;44;32m▀[38;2;48;0;0m[48;2;84;40;16m▀[38;2;36;0;0m[48;2;96;44;16m▀[38;2;52;20;4m[48;2;100;40;8m▀[38;2;80;36;16m[48;2;100;28;0m▀[38;2;88;24;0m[48;2;108;28;0m▀[38;2;96;28;0m[48;2;108;28;4m▀[38;2;92;28;0m[48;2;100;28;4m▀[38;2;92;24;0m▀[38;2;88;24;0m[48;2;104;28;4m▀[38;2;84;20;0m▀[38;2;80;16;0m[48;2;100;24;4m▀[38;2;72;12;0m[48;2;96;24;4m▀[48;2;92;20;4m▀[38;2;64;4;0m[48;2;88;16;4m▀[38;2;56;0;0m[48;2;80;16;4m▀[38;2;52;0;0m[48;2;72;8;0m▀[38;2;48;0;0m[48;2;64;4;0m▀[38;2;36;0;0m[48;2;132;56;36m▀[38;2;72;24;20m[48;2;220;136;96m▀[38;2;164;96;68m[48;2;240;140;108m▀[38;2;224;132;92m[48;2;236;132;96m▀[38;2;240;140;100m[48;2;232;128;88m▀[38;2;248;148;100m[48;2;232;136;92m▀[38;2;160;76;32m[48;2;172;88;44m▀[38;2;124;60;16m[48;2;156;92;52m▀[38;2;120;56;24m[48;2;160;104;76m▀[0m
[38;2;84;64;80m[48;2;96;80;100m▀[38;2;92;68;88m[48;2;108;84;108m▀[38;2;100;72;88m[48;2;116;88;108m▀[38;2;100;72;96m[48;2;112;92;116m▀[38;2;104;76;104m[48;2;116;96;128m▀[38;2;104;84;108m[48;2;124;100;132m▀[38;2;108;84;112m[48;2;128;104;136m▀[38;2;112;84;112m▀[38;2;112;84;116m[48;2;128;104;140m▀[38;2;108;84;112m[48;2;128;104;144m▀[38;2;116;84;112m[48;2;132;108;140m▀[38;2;120;88;116m[48;2;136;108;140m▀[48;2;140;108;140m▀[38;2;124;88;124m[48;2;144;116;144m▀[38;2;124;92;124m[48;2;148;120;148m▀[38;2;128;96;124m[48;2;152;124;152m▀[38;2;136;100;128m[48;2;164;140;168m▀[38;2;144;108;132m[48;2;180;148;180m▀[38;2;148;112;132m[48;2;184;152;180m▀[38;2;148;108;124m[48;2;180;148;180m▀[38;2;140;104;120m[48;2;176;144;172m▀[38;2;128;96;112m[48;2;156;124;152m▀[38;2;124;92;108m[48;2;140;112;136m▀[38;2;120;88;112m[48;2;132;100;132m▀[38;2;116;84;108m[48;2;124;96;124m▀[38;2;112;80;108m[48;2;120;92;120m▀[38;2;108;76;104m[48;2;116;88;116m▀[38;2;108;76;100m[48;2;112;88;112m▀[38;2;104;72;96m[48;2;108;84;112m▀[38;2;104;72;100m[48;2;108;80;108m▀[38;2;100;72;100m[48;2;104;80;104m▀[38;2;96;68;96m[48;2;100;76;104m▀[38;2;100;72;108m[48;2;92;72;100m▀[38;2;64;44;64m[48;2;56;32;44m▀[38;2;24;8;12m[48;2;16;0;0m▀[38;2;32;16;12m[48;2;32;8;8m▀[38;2;16;4;4m[48;2;16;0;0m▀[38;2;104;52;36m[48;2;144;84;68m▀[38;2;228;136;92m[48;2;196;120;92m▀[38;2;236;148;104m[48;2;176;100;68m▀[38;2;252;172;120m[48;2;240;148;104m▀[38;2;224;136;92m[48;2;208;116;88m▀[38;2;196;112;80m[48;2;160;80;52m▀[38;2;176;104;76m[48;2;140;72;48m▀[38;2;60;20;12m[48;2;104;48;36m▀[38;2;12;0;0m[48;2;24;0;0m▀[38;2;16;0;0m[48;2;24;4;0m▀[48;2;16;0;0m▀[38;2;20;0;0m[48;2;24;4;4m▀[38;2;44;20;12m[48;2;44;20;12m▀[38;2;64;36;24m[48;2;72;48;36m▀[38;2;92;56;44m[48;2;136;100;84m▀[38;2;120;72;60m[48;2;140;88;76m▀[38;2;112;68;48m[48;2;96;40;24m▀[38;2;88;40;12m[48;2;88;28;8m▀[38;2;100;36;4m[48;2;104;44;12m▀[38;2;104;32;0m[48;2;116;56;20m▀[38;2;116;36;4m[48;2;120;60;28m▀[38;2;112;40;4m[48;2;116;56;24m▀[48;2;116;52;20m▀[38;2;108;36;0m[48;2;112;48;12m▀[48;2;112;44;8m▀[38;2;104;32;0m[48;2;108;40;0m▀[38;2;100;28;0m[48;2;104;36;0m▀[48;2;104;32;4m▀[38;2;100;24;0m[48;2;100;32;0m▀[38;2;92;20;0m[48;2;92;24;0m▀[38;2;88;24;0m[48;2;88;20;0m▀[38;2;84;16;0m[48;2;136;40;16m▀[38;2;100;24;12m[48;2;204;104;72m▀[38;2;156;76;48m[48;2;216;124;80m▀[38;2;220;124;84m[48;2;192;96;56m▀[38;2;232;136;92m[48;2;184;96;56m▀[48;2;184;100;56m▀[38;2;240;140;92m[48;2;164;76;40m▀[38;2;244;140;100m[48;2;148;60;32m▀[38;2;208;112;72m[48;2;164;84;52m▀[38;2;220;144;108m[48;2;208;136;108m▀[38;2;224;172;140m[48;2;216;164;132m▀[38;2;184;128;104m[48;2;184;136;112m▀[0m
[38;2;84;76;92m[48;2;76;60;68m▀[38;2;100;84;100m[48;2;88;60;72m▀[38;2;108;84;112m[48;2;88;60;76m▀[38;2;112;92;120m[48;2;96;68;84m▀[38;2;116;92;128m[48;2;100;72;92m▀[38;2;116;96;132m[48;2;100;68;96m▀[38;2;116;96;136m[48;2;100;72;96m▀[48;2;100;72;100m▀[48;2;104;72;96m▀[38;2;116;96;132m[48;2;108;76;88m▀[38;2;120;96;136m[48;2;112;80;96m▀[38;2;124;100;140m[48;2;116;84;100m▀[38;2;124;104;132m[48;2;120;88;100m▀[38;2;124;104;128m[48;2;120;84;96m▀[38;2;124;104;132m[48;2;120;88;100m▀[38;2;128;104;132m[48;2;116;88;100m▀[38;2;136;112;140m[48;2;56;36;52m▀[38;2;132;108;136m[48;2;44;20;36m▀[38;2;148;116;140m[48;2;80;44;60m▀[38;2;140;116;140m[48;2;132;92;96m▀[38;2;136;108;132m[48;2;132;92;92m▀[38;2;128;100;128m[48;2;132;88;92m▀[38;2;120;88;120m[48;2;136;84;92m▀[38;2;116;84;112m[48;2;132;84;80m▀[38;2;108;80;112m[48;2;128;84;80m▀[38;2;104;80;104m[48;2;128;80;80m▀[38;2;100;76;100m[48;2;124;76;76m▀[38;2;92;76;100m[48;2;120;76;76m▀[38;2;92;72;100m[48;2;120;76;80m▀[38;2;92;68;100m[48;2;116;76;76m▀[48;2;120;76;76m▀[38;2;92;64;96m[48;2;112;68;68m▀[38;2;68;44;60m[48;2;52;20;24m▀[38;2;48;20;20m[48;2;28;4;4m▀[38;2;28;0;0m▀[38;2;32;8;8m[48;2;36;12;12m▀[38;2;24;4;4m[48;2;16;0;0m▀[38;2;112;64;48m[48;2;136;76;52m▀[38;2;140;68;48m[48;2;248;156;116m▀[38;2;168;84;56m[48;2;244;140;104m▀[38;2;236;136;92m[48;2;220;104;72m▀[38;2;224;116;72m[48;2;216;96;60m▀[38;2;220;120;80m[48;2;228;120;80m▀[38;2;232;136;100m[48;2;255;156;116m▀[38;2;200;112;84m[48;2;228;124;96m▀[38;2;80;28;24m[48;2;144;64;48m▀[38;2;20;4;0m[48;2;12;0;0m▀[48;2;24;4;0m▀[38;2;20;0;0m▀[38;2;32;8;8m[48;2;24;0;0m▀[38;2;44;20;12m[48;2;32;4;0m▀[38;2;100;68;56m[48;2;76;44;36m▀[38;2;120;72;60m[48;2;124;76;60m▀[38;2;92;44;28m[48;2;108;60;40m▀[48;2;104;56;40m▀[38;2;96;52;32m[48;2;104;56;36m▀[38;2;104;64;40m[48;2;108;60;36m▀[38;2;108;68;44m▀[38;2;108;60;32m[48;2;104;56;24m▀[38;2;108;52;24m[48;2;108;52;16m▀[38;2;112;52;16m[48;2;108;48;12m▀[38;2;108;48;12m[48;2;104;44;8m▀[38;2;104;40;8m[48;2;104;44;4m▀[38;2;104;36;4m[48;2;112;44;8m▀[38;2;92;32;0m[48;2;124;56;20m▀[38;2;92;24;0m[48;2;176;88;56m▀[38;2;120;48;16m[48;2;232;140;100m▀[38;2;176;72;44m[48;2;252;140;96m▀[38;2;208;56;36m[48;2;208;72;36m▀[38;2;224;116;76m[48;2;204;80;40m▀[38;2;176;88;36m[48;2;152;60;20m▀[38;2;128;48;8m[48;2;120;40;12m▀[38;2;140;60;20m[48;2;148;68;20m▀[38;2;148;68;28m[48;2;144;68;16m▀[38;2;124;48;8m[48;2;140;68;16m▀[38;2;112;44;12m[48;2;140;72;28m▀[38;2;156;100;76m[48;2;168;108;76m▀[38;2;192;132;108m[48;2;192;136;104m▀[38;2;196;140;116m[48;2;212;152;124m▀[38;2;184;144;120m[48;2;200;148;124m▀[0m
[38;2;136;92;60m[48;2;224;164;92m▀[38;2;160;92;52m[48;2;248;180;96m▀[38;2;160;96;48m[48;2;248;180;104m▀[38;2;168;100;56m[48;2;252;184;108m▀[38;2;172;100;60m[48;2;252;192;108m▀[38;2;176;104;64m[48;2;255;204;120m▀[38;2;176;108;72m[48;2;255;212;132m▀[38;2;180;112;76m[48;2;255;224;140m▀[38;2;184;116;76m[48;2;255;228;148m▀[38;2;196;120;72m[48;2;255;232;156m▀[38;2;204;120;76m[48;2;255;232;160m▀[38;2;204;124;80m[48;2;255;236;164m▀[38;2;204;128;80m[48;2;255;236;160m▀[38;2;200;124;76m[48;2;255;244;164m▀[38;2;212;148;92m[48;2;248;200;132m▀[38;2;120;76;52m[48;2;76;32;20m▀[38;2;28;0;8m[48;2;24;4;16m▀[38;2;36;12;16m[48;2;20;8;8m▀[38;2;32;8;8m[48;2;20;0;0m▀[38;2;176;104;68m[48;2;220;176;116m▀[38;2;216;136;84m[48;2;255;240;152m▀[38;2;208;132;76m[48;2;255;224;136m▀[38;2;216;136;72m[48;2;255;224;140m▀[38;2;212;132;72m[48;2;255;228;144m▀[38;2;216;128;72m▀▀[38;2;212;124;72m[48;2;255;232;148m▀[38;2;212;128;68m[48;2;255;232;144m▀[38;2;208;128;68m▀[38;2;204;128;68m[48;2;255;228;144m▀[48;2;255;220;132m▀[38;2;176;104;64m[48;2;236;160;96m▀[38;2;56;20;12m[48;2;56;20;12m▀[38;2;32;8;8m[48;2;32;8;8m▀[38;2;28;4;4m[48;2;20;0;0m▀[38;2;24;4;4m[48;2;8;0;0m▀[38;2;16;0;0m[48;2;12;0;0m▀[38;2;176;104;80m[48;2;176;116;88m▀[38;2;255;168;132m[48;2;255;168;128m▀[38;2;244;124;96m[48;2;220;128;104m▀[38;2;244;160;148m[48;2;208;148;128m▀[38;2;240;184;176m[48;2;168;80;64m▀[38;2;216;112;92m[48;2;204;112;100m▀[38;2;236;128;96m[48;2;216;120;96m▀[38;2;240;136;100m[48;2;244;144;108m▀[38;2;176;84;60m[48;2;208;112;80m▀[38;2;28;0;0m[48;2;64;24;16m▀[38;2;24;4;4m[48;2;16;0;0m▀[38;2;20;4;0m▀[38;2;20;0;0m[48;2;24;4;4m▀[38;2;24;4;0m▀[38;2;72;32;20m[48;2;84;40;24m▀[38;2;156;88;48m[48;2;232;156;88m▀[38;2;164;96;44m[48;2;252;168;92m▀[38;2;168;96;48m[48;2;252;176;100m▀[48;2;248;176;100m▀[38;2;168;92;44m[48;2;248;168;96m▀[38;2;164;92;44m[48;2;244;168;96m▀[38;2;160;88;32m[48;2;240;160;84m▀[38;2;164;84;28m[48;2;236;164;88m▀[38;2;156;84;32m[48;2;236;132;72m▀[38;2;180;72;32m[48;2;255;56;28m▀[38;2;196;72;40m[48;2;248;108;72m▀[38;2;200;108;64m[48;2;248;160;112m▀[38;2;236;144;100m[48;2;255;184;136m▀[38;2;255;168;128m[48;2;252;184;140m▀[38;2;255;168;124m[48;2;255;172;132m▀[38;2;255;160;108m[48;2;252;152;104m▀[38;2;216;112;60m[48;2;204;108;48m▀[38;2;156;32;4m[48;2;192;92;36m▀[38;2;148;48;20m[48;2;204;112;56m▀[38;2;168;80;40m[48;2;200;112;44m▀[38;2;168;84;24m[48;2;192;108;32m▀[38;2;160;80;20m[48;2;184;104;28m▀[38;2;156;84;20m[48;2;184;100;28m▀[38;2;156;88;24m[48;2;184;104;32m▀[38;2;168;104;52m[48;2;188;112;48m▀[38;2;180;116;68m[48;2;196;116;56m▀[38;2;200;132;84m[48;2;200;120;64m▀[38;2;192;132;92m[48;2;184;112;60m▀[0m
[38;2;232;176;112m[48;2;48;16;8m▀[38;2;244;180;120m[48;2;60;12;8m▀[38;2;236;176;120m[48;2;60;16;12m▀[38;2;236;172;116m[48;2;64;16;12m▀[38;2;228;176;112m[48;2;68;20;16m▀[48;2;64;24;20m▀[38;2;224;184;120m[48;2;64;28;32m▀[38;2;224;184;128m[48;2;72;28;44m▀[38;2;220;184;124m▀[38;2;220;180;120m▀[38;2;216;176;120m[48;2;76;32;52m▀[38;2;212;176;116m[48;2;72;36;52m▀[38;2;208;176;112m[48;2;72;36;48m▀[38;2;208;172;112m[48;2;84;28;44m▀[38;2;200;132;80m[48;2;176;100;76m▀[38;2;68;24;24m[48;2;144;76;56m▀[38;2;20;8;16m[48;2;12;0;0m▀[38;2;8;0;0m▀[38;2;16;4;0m[48;2;96;48;44m▀[38;2;180;136;92m[48;2;136;72;56m▀[38;2;200;160;108m[48;2;112;60;52m▀[38;2;188;144;92m[48;2;92;56;60m▀[38;2;180;132;80m[48;2;76;36;44m▀[38;2;176;128;72m[48;2;64;28;28m▀[38;2;176;124;72m[48;2;52;20;20m▀[38;2;168;116;68m[48;2;52;12;20m▀[38;2;164;116;68m[48;2;52;8;12m▀[38;2;164;116;72m[48;2;48;4;8m▀▀[38;2;156;108;68m▀[38;2;152;96;52m[48;2;44;4;4m▀[38;2;112;56;28m[48;2;36;0;0m▀[38;2;36;4;4m[48;2;32;0;0m▀[38;2;32;4;8m[48;2;24;4;4m▀[38;2;24;4;4m[48;2;20;0;0m▀[38;2;4;0;0m[48;2;4;0;0m▀[38;2;8;0;0m[48;2;12;0;0m▀[38;2;172;108;88m[48;2;172;96;80m▀[38;2;255;172;132m[48;2;255;168;136m▀[38;2;220;124;100m[48;2;236;128;104m▀[38;2;224;112;84m[48;2;232;96;76m▀[38;2;240;96;76m[48;2;255;156;140m▀[38;2;232;96;88m[48;2;220;104;88m▀[38;2;220;120;96m[48;2;216;96;68m▀[38;2;228;136;88m[48;2;220;124;76m▀[38;2;216;124;88m[48;2;196;116;84m▀[38;2;108;76;68m[48;2;124;108;104m▀[38;2;4;0;0m[48;2;0;0;0m▀[38;2;16;0;0m[48;2;8;4;4m▀[38;2;24;8;8m[48;2;8;0;0m▀[38;2;48;24;20m[48;2;28;0;0m▀[38;2;72;32;16m[48;2;60;12;0m▀[38;2;200;132;80m[48;2;72;12;0m▀[38;2;224;140;76m[48;2;92;28;0m▀[38;2;228;160;92m[48;2;96;28;0m▀[38;2;232;172;104m[48;2;96;32;4m▀[38;2;240;176;108m[48;2;104;48;8m▀[38;2;248;180;112m[48;2;108;56;8m▀[38;2;248;184;112m[48;2;172;44;16m▀[38;2;255;176;104m[48;2;244;40;16m▀[38;2;255;64;28m[48;2;255;16;0m▀[38;2;255;44;20m[48;2;255;72;40m▀[38;2;252;152;104m[48;2;255;176;120m▀[38;2;255;184;136m[48;2;255;176;132m▀[38;2;255;192;136m[48;2;255;172;120m▀[38;2;255;176;124m[48;2;248;156;108m▀[38;2;252;152;108m[48;2;192;112;60m▀[38;2;208;108;52m[48;2;152;76;28m▀[38;2;220;136;72m[48;2;180;108;52m▀[38;2;255;188;120m[48;2;176;100;44m▀[38;2;255;188;108m[48;2;176;104;48m▀[48;2;176;108;56m▀[48;2;184;112;60m▀[38;2;255;180;100m[48;2;196;120;72m▀[48;2;200;128;76m▀[48;2;204;132;76m▀[38;2;255;176;100m[48;2;212;144;80m▀[38;2;252;168;96m[48;2;220;148;80m▀[38;2;252;168;92m[48;2;228;152;80m▀[38;2;236;152;80m[48;2;220;148;80m▀[0m
[38;2;48;20;8m[48;2;112;80;60m▀[38;2;60;16;8m[48;2;136;84;64m▀[38;2;56;20;12m[48;2;120;80;60m▀[38;2;60;24;20m[48;2;104;76;60m▀[38;2;64;32;44m[48;2;100;64;64m▀[38;2;68;40;56m[48;2;96;56;60m▀[38;2;72;48;68m[48;2;100;64;68m▀[38;2;80;52;76m[48;2;96;64;84m▀[38;2;88;56;76m[48;2;96;64;92m▀[38;2;92;60;84m[48;2;96;68;100m▀[38;2;92;60;88m[48;2;92;72;96m▀[38;2;92;64;92m[48;2;96;68;100m▀[38;2;88;68;92m[48;2;104;76;108m▀[38;2;116;68;96m[48;2;112;72;96m▀[38;2;172;92;60m[48;2;164;96;60m▀[38;2;200;108;72m[48;2;244;172;128m▀[38;2;168;96;72m[48;2;204;116;76m▀[38;2;164;92;64m[48;2;140;56;28m▀[38;2;188;104;76m[48;2;112;32;4m▀[38;2;152;60;28m[48;2;112;28;0m▀[38;2;144;64;32m[48;2;120;32;0m▀[38;2;132;76;56m[48;2;144;56;16m▀[38;2;108;68;60m[48;2;160;76;36m▀[38;2;112;56;52m[48;2;172;80;40m▀[38;2;124;40;44m[48;2;188;68;32m▀[38;2;92;40;48m[48;2;200;44;32m▀[38;2;76;44;60m[48;2;128;48;56m▀[38;2;76;40;56m[48;2;96;64;80m▀[38;2;72;36;52m[48;2;92;56;72m▀[38;2;72;36;40m[48;2;100;56;60m▀[38;2;56;20;24m[48;2;72;36;32m▀[38;2;48;8;12m[48;2;32;4;4m▀[38;2;36;8;4m[48;2;24;0;0m▀[38;2;24;4;4m▀[38;2;12;0;0m[48;2;12;0;0m▀[38;2;16;0;4m[48;2;16;4;4m▀[38;2;12;4;4m[48;2;8;4;0m▀[38;2;148;92;80m[48;2;72;56;48m▀[38;2;204;120;92m[48;2;144;84;68m▀[38;2;232;140;116m[48;2;212;124;96m▀[38;2;224;108;80m[48;2;236;144;108m▀[38;2;212;100;72m[48;2;252;148;112m▀[38;2;212;92;68m[48;2;255;144;112m▀[38;2;220;116;80m[48;2;216;120;84m▀[38;2;204;116;72m[48;2;168;80;40m▀[38;2;112;48;28m[48;2;60;20;8m▀[38;2;12;8;8m[48;2;0;0;0m▀[38;2;0;0;0m[48;2;4;0;0m▀[38;2;8;0;0m[48;2;12;0;0m▀[38;2;12;0;0m[48;2;8;0;0m▀[38;2;32;4;0m[48;2;28;0;0m▀[38;2;64;24;4m[48;2;76;24;4m▀[38;2;88;36;12m[48;2;88;40;12m▀[38;2;88;40;12m[48;2;100;36;12m▀[38;2;92;40;12m[48;2;88;44;16m▀[38;2;92;48;16m[48;2;96;40;8m▀[38;2;92;48;12m[48;2;200;32;8m▀[38;2;176;40;12m[48;2;255;28;12m▀[38;2;252;32;24m[48;2;255;28;16m▀[38;2;255;24;20m▀[38;2;255;20;12m[48;2;255;24;8m▀[38;2;255;76;44m[48;2;255;44;24m▀[38;2;255;168;108m[48;2;248;136;80m▀[38;2;255;156;108m[48;2;224;128;80m▀[38;2;244;144;96m[48;2;172;68;28m▀[38;2;180;100;52m[48;2;104;36;0m▀[38;2;112;56;16m[48;2;88;32;4m▀[38;2;104;52;24m[48;2;84;32;8m▀[38;2;100;40;12m[48;2;80;28;4m▀[38;2;84;32;0m[48;2;68;24;4m▀[38;2;76;28;0m[48;2;64;20;0m▀[38;2;76;24;0m[48;2;64;16;0m▀[38;2;72;20;0m[48;2;60;16;0m▀[38;2;68;16;0m▀[38;2;60;8;0m[48;2;44;8;4m▀[38;2;60;12;0m[48;2;60;16;8m▀[38;2;92;40;8m[48;2;124;80;48m▀[38;2;112;52;12m[48;2;148;96;60m▀[38;2;128;64;24m[48;2;168;112;80m▀[38;2;120;64;32m[48;2;160;116;84m▀[0m
[38;2;60;36;20m[48;2;68;48;36m▀[38;2;104;56;36m[48;2;84;44;32m▀[38;2;116;76;48m[48;2;76;40;24m▀[38;2;128;92;68m[48;2;84;44;24m▀[38;2;136;92;64m[48;2;88;48;28m▀[38;2;152;96;68m[48;2;100;60;44m▀[38;2;180;116;100m[48;2;120;76;56m▀[38;2;172;116;108m[48;2;128;88;64m▀[38;2;152;108;96m[48;2;148;108;84m▀[38;2;132;92;88m[48;2;152;108;92m▀[38;2;136;104;104m[48;2;172;124;112m▀[38;2;136;104;108m[48;2;176;124;116m▀[38;2;132;96;108m[48;2;160;120;108m▀[38;2;132;92;108m[48;2;164;124;120m▀[38;2;176;112;92m[48;2;92;52;48m▀[38;2;168;84;40m[48;2;56;20;12m▀[38;2;108;36;16m[48;2;88;44;36m▀[38;2;100;36;20m[48;2;152;112;100m▀[38;2;96;28;12m[48;2;144;104;92m▀[38;2;80;8;0m[48;2;112;60;44m▀[38;2;112;32;8m[48;2;100;32;4m▀[38;2;160;68;28m[48;2;148;64;28m▀[38;2;180;80;36m[48;2;180;92;48m▀[38;2;192;96;48m[48;2;200;104;52m▀[38;2;188;112;52m[48;2;204;112;64m▀[38;2;204;80;40m[48;2;208;112;72m▀[38;2;240;32;24m[48;2;236;44;16m▀[38;2;220;68;56m[48;2;255;20;4m▀[38;2;164;92;64m[48;2;252;36;12m▀[38;2;124;88;68m[48;2;200;40;32m▀[38;2;96;68;52m[48;2;92;40;28m▀[38;2;36;4;0m[48;2;28;8;4m▀[38;2;24;0;0m[48;2;12;0;0m▀[38;2;28;4;4m[48;2;12;4;0m▀[38;2;16;0;0m[48;2;4;0;0m▀[48;2;20;4;0m▀[38;2;12;0;0m[48;2;16;4;4m▀[38;2;0;0;0m[48;2;0;0;0m▀[38;2;72;32;28m[48;2;12;4;4m▀[38;2;188;108;80m[48;2;156;84;60m▀[38;2;196;108;72m[48;2;176;88;52m▀[38;2;212;112;76m[48;2;156;68;36m▀[38;2;200;96;60m[48;2;140;48;16m▀[38;2;156;64;32m[48;2;148;52;16m▀[38;2;140;52;20m[48;2;164;72;36m▀[38;2;64;24;16m[48;2;84;44;28m▀[38;2;0;0;0m[48;2;0;0;0m▀[38;2;4;0;0m[48;2;40;4;4m▀[38;2;12;0;0m[48;2;12;0;0m▀[38;2;8;0;0m[48;2;36;8;12m▀[38;2;40;20;16m[48;2;144;80;76m▀[38;2;104;60;44m[48;2;160;100;84m▀[38;2;112;68;40m[48;2;172;100;64m▀[38;2;116;72;40m[48;2;196;92;60m▀[38;2;156;60;32m[48;2;252;36;20m▀[38;2;220;36;16m[48;2;255;24;0m▀[38;2;255;28;4m[48;2;255;28;0m▀[38;2;252;28;0m[48;2;255;24;0m▀[38;2;255;28;4m[48;2;255;28;0m▀[38;2;255;24;4m▀[38;2;255;24;0m▀[38;2;255;24;4m[48;2;255;24;0m▀[38;2;255;52;20m[48;2;244;8;0m▀[38;2;200;40;20m[48;2;196;44;28m▀[38;2;140;32;8m[48;2;144;88;64m▀[38;2;96;44;8m[48;2;132;80;60m▀[38;2;92;40;8m[48;2;128;80;56m▀[38;2;88;36;8m[48;2;124;76;56m▀[38;2;80;32;8m[48;2;120;76;52m▀[38;2;76;28;0m[48;2;116;72;48m▀[38;2;72;24;4m[48;2;108;64;40m▀[38;2;68;20;0m[48;2;104;60;32m▀[48;2;100;60;32m▀[38;2;64;20;0m[48;2;100;56;32m▀[38;2;52;12;0m[48;2;84;40;20m▀[38;2;68;24;12m[48;2;96;52;36m▀[38;2;156;108;80m[48;2;172;124;108m▀[38;2;184;132;104m[48;2;192;144;116m▀[38;2;208;152;120m[48;2;212;160;132m▀[38;2;200;152;128m[48;2;200;156;136m▀[0m
[38;2;116;104;84m[48;2;132;116;100m▀[38;2;144;108;92m[48;2;164;128;108m▀[38;2;140;104;92m[48;2;164;128;112m▀[38;2;136;100;96m[48;2;172;132;120m▀[38;2;132;96;96m[48;2;176;136;124m▀[38;2;132;96;88m[48;2;180;140;128m▀[38;2;124;92;76m[48;2;188;148;136m▀[38;2;120;88;68m[48;2;184;144;132m▀[38;2;120;84;76m[48;2;192;152;140m▀[38;2;124;88;84m[48;2;192;152;144m▀[38;2;128;88;92m[48;2;188;148;140m▀[38;2;144;100;92m[48;2;192;152;144m▀[38;2;140;112;96m[48;2;196;160;148m▀[38;2;148;116;108m[48;2;148;124;120m▀[38;2;28;12;12m[48;2;4;4;0m▀[38;2;0;0;0m[48;2;20;8;4m▀[38;2;108;76;68m[48;2;176;140;124m▀[38;2;160;128;116m[48;2;196;160;140m▀[38;2;148;116;104m[48;2;192;152;136m▀[38;2;148;120;104m[48;2;196;156;140m▀[38;2;140;96;76m[48;2;204;164;148m▀[38;2;120;48;12m[48;2;184;128;100m▀[38;2;148;64;20m[48;2;124;44;8m▀[38;2;180;88;40m[48;2;144;64;16m▀[38;2;192;100;52m[48;2;172;84;32m▀[38;2;204;112;60m[48;2;172;76;32m▀[38;2;232;52;20m[48;2;232;28;4m▀[38;2;255;16;4m[48;2;255;20;0m▀[38;2;252;20;0m▀[38;2;255;24;16m▀[38;2;212;56;44m[48;2;255;28;12m▀[38;2;88;36;16m[48;2;255;36;16m▀[38;2;104;12;8m[48;2;255;28;12m▀[38;2;112;8;12m[48;2;255;28;16m▀[38;2;124;12;12m[48;2;255;28;20m▀[38;2;124;16;12m[48;2;255;32;20m▀[38;2;108;12;12m[48;2;255;32;24m▀[38;2;68;4;4m[48;2;252;28;16m▀[38;2;36;12;12m[48;2;232;32;32m▀[38;2;164;92;64m[48;2;176;60;36m▀[38;2;192;100;60m[48;2;168;84;40m▀[38;2;172;88;48m[48;2;204;104;60m▀[38;2;192;92;52m[48;2;228;120;76m▀[38;2;208;104;68m[48;2;196;100;56m▀[38;2;180;88;52m[48;2;188;72;36m▀[38;2;148;56;32m[48;2;244;44;20m▀[38;2;160;20;12m[48;2;255;28;4m▀[38;2;236;24;16m[48;2;255;16;0m▀[38;2;140;8;4m[48;2;236;16;0m▀[38;2;192;20;24m[48;2;255;24;4m▀[38;2;255;32;24m[48;2;255;20;0m▀[38;2;240;24;8m▀[38;2;240;36;8m▀[38;2;255;32;8m▀[38;2;255;20;0m[48;2;255;24;0m▀[38;2;252;20;0m[48;2;255;20;0m▀[38;2;255;20;0m▀▀[38;2;255;24;0m▀[48;2;255;16;0m▀[48;2;255;20;0m▀[38;2;255;12;0m[48;2;240;12;0m▀[38;2;220;32;20m[48;2;200;88;68m▀[38;2;164;100;80m[48;2;156;120;96m▀[38;2;148;104;92m[48;2;156;108;92m▀[38;2;148;100;84m[48;2;156;104;88m▀[38;2;144;100;84m[48;2;148;108;92m▀[38;2;144;104;84m[48;2;148;104;92m▀[48;2;148;104;88m▀[38;2;140;100;84m[48;2;144;104;88m▀[38;2;136;100;80m▀[38;2;136;96;80m▀[38;2;136;96;84m▀▀[38;2;132;88;76m▀[38;2;132;88;72m[48;2;148;104;88m▀[38;2;168;124;108m[48;2;160;116;96m▀[38;2;192;148;124m[48;2;176;136;112m▀[38;2;208;160;136m[48;2;196;156;132m▀[38;2;200;164;148m[48;2;200;160;136m▀[0m
[38;2;164;152;128m[48;2;220;196;176m▀[38;2;200;164;140m[48;2;252;216;192m▀[38;2;204;164;148m[48;2;252;224;200m▀[38;2;204;168;148m[48;2;252;220;196m▀[38;2;208;168;152m[48;2;255;220;196m▀[38;2;212;176;156m[48;2;255;228;204m▀[38;2;216;180;160m[48;2;255;224;200m▀[48;2;255;232;208m▀[38;2;220;184;168m[48;2;255;244;220m▀[38;2;224;192;176m[48;2;255;248;224m▀[38;2;228;196;180m▀[38;2;224;188;172m[48;2;255;240;224m▀[38;2;236;212;200m[48;2;255;255;244m▀[38;2;112;96;92m[48;2;160;148;136m▀[38;2;0;0;0m[48;2;16;8;8m▀[38;2;68;52;48m[48;2;168;152;144m▀[38;2;236;216;200m[48;2;255;255;244m▀[38;2;232;204;188m[48;2;255;240;224m▀▀[38;2;236;204;184m[48;2;255;236;220m▀[38;2;232;196;176m[48;2;255;232;216m▀[38;2;244;220;200m▀[38;2;208;148;132m[48;2;255;244;228m▀[38;2;136;12;0m[48;2;232;160;148m▀[38;2;116;28;4m[48;2;164;16;16m▀[38;2;152;28;8m[48;2;196;12;4m▀[38;2;240;20;0m[48;2;232;16;0m▀[38;2;255;16;0m[48;2;248;12;0m▀[38;2;255;20;0m[48;2;255;16;0m▀▀[38;2;255;16;0m▀[38;2;255;20;0m▀[38;2;252;24;0m[48;2;255;20;0m▀[38;2;252;20;0m▀[38;2;252;24;0m[48;2;255;20;4m▀[38;2;252;24;4m[48;2;255;24;4m▀[38;2;252;28;4m[48;2;255;32;8m▀[38;2;255;28;4m[48;2;255;28;8m▀[38;2;255;24;12m[48;2;252;28;4m▀[38;2;208;16;12m[48;2;255;28;12m▀[38;2;212;64;28m[48;2;255;32;16m▀[38;2;196;88;40m[48;2;248;52;20m▀[38;2;176;96;48m[48;2;204;64;20m▀[38;2;176;68;24m[48;2;228;44;8m▀[38;2;240;32;4m[48;2;255;24;4m▀[38;2;255;24;8m[48;2;252;24;4m▀[38;2;252;24;0m[48;2;255;24;0m▀[38;2;255;24;0m[48;2;255;28;0m▀[38;2;255;20;0m[48;2;252;24;4m▀[38;2;255;16;4m[48;2;252;16;0m▀[38;2;255;20;0m[48;2;255;20;0m▀[38;2;255;24;0m[48;2;255;16;0m▀[38;2;255;20;0m[48;2;255;20;0m▀[38;2;255;24;0m▀[38;2;255;20;0m▀[48;2;255;16;0m▀▀▀[38;2;255;16;0m[48;2;248;16;4m▀[38;2;248;16;0m[48;2;216;8;0m▀[38;2;220;4;0m[48;2;188;32;20m▀[38;2;212;52;36m[48;2;248;188;168m▀[38;2;192;144;120m[48;2;236;200;188m▀[38;2;180;144;124m[48;2;240;196;180m▀[38;2;184;144;120m[48;2;236;196;180m▀[38;2;180;136;116m[48;2;232;184;168m▀[38;2;180;132;120m[48;2;232;188;172m▀[38;2;184;136;124m[48;2;228;188;168m▀[38;2;180;132;120m[48;2;228;184;168m▀[38;2;172;132;112m[48;2;216;176;160m▀[38;2;168;128;112m▀[38;2;168;128;108m▀[38;2;164;124;104m[48;2;212;172;152m▀[48;2;204;164;148m▀[38;2;164;124;108m[48;2;200;160;140m▀[48;2;192;152;136m▀[38;2;164;124;104m▀[38;2;168;124;108m[48;2;192;152;132m▀[38;2;176;136;112m[48;2;188;148;132m▀[38;2;168;132;104m[48;2;172;136;120m▀[0m
[38;2;236;208;184m[48;2;236;208;184m▀[38;2;255;224;196m[48;2;255;224;192m▀[48;2;255;220;188m▀[38;2;255;220;192m▀[38;2;255;224;200m[48;2;255;228;200m▀[38;2;255;228;204m▀[48;2;255;232;208m▀[38;2;255;232;208m[48;2;255;228;204m▀[38;2;255;244;220m[48;2;255;232;208m▀[38;2;255;240;216m[48;2;255;232;212m▀[48;2;255;236;212m▀[38;2;252;244;228m[48;2;255;236;216m▀[38;2;255;252;232m[48;2;255;240;220m▀[38;2;228;204;188m[48;2;252;228;208m▀[38;2;196;184;172m[48;2;255;244;224m▀[38;2;255;255;240m[48;2;255;240;224m▀[38;2;252;240;220m[48;2;255;240;220m▀[38;2;255;232;216m[48;2;255;236;220m▀[48;2;255;240;220m▀[48;2;255;236;220m▀[38;2;255;236;220m[48;2;255;232;216m▀[38;2;255;236;216m[48;2;255;228;212m▀[38;2;252;224;208m[48;2;255;232;212m▀[38;2;255;248;228m[48;2;252;224;204m▀[38;2;248;196;172m[48;2;255;252;228m▀[38;2;192;16;8m[48;2;212;92;80m▀[38;2;220;8;4m[48;2;220;0;0m▀[38;2;236;12;0m[48;2;236;16;4m▀[38;2;252;16;0m[48;2;236;12;0m▀[38;2;255;16;0m[48;2;248;16;0m▀[48;2;255;16;0m▀▀[48;2;244;16;0m▀[48;2;252;16;0m▀[38;2;255;20;4m[48;2;255;20;0m▀[38;2;255;24;4m[48;2;255;24;4m▀[48;2;255;28;12m▀[48;2;255;32;12m▀[38;2;255;28;8m[48;2;255;28;12m▀[38;2;255;24;8m[48;2;255;24;8m▀[38;2;255;24;4m[48;2;255;28;4m▀[48;2;255;24;4m▀[38;2;255;28;4m▀[48;2;255;28;0m▀[38;2;255;24;4m▀[48;2;255;24;0m▀[38;2;255;20;0m▀[48;2;255;28;0m▀▀[48;2;255;20;0m▀[38;2;255;16;0m[48;2;255;12;0m▀[38;2;252;16;0m[48;2;244;16;0m▀▀[38;2;255;16;0m[48;2;252;16;0m▀[48;2;255;16;0m▀[48;2;244;16;0m▀[48;2;248;16;4m▀[48;2;232;8;0m▀[38;2;236;12;4m[48;2;180;0;0m▀[38;2;172;4;0m[48;2;216;128;112m▀[38;2;228;164;140m[48;2;255;220;200m▀[38;2;255;220;196m[48;2;244;204;184m▀[38;2;248;204;188m[48;2;252;204;188m▀[38;2;252;212;196m[48;2;252;212;196m▀[38;2;252;208;196m[48;2;252;212;200m▀[38;2;248;200;192m▀[38;2;252;208;196m[48;2;252;204;192m▀[38;2;244;208;192m[48;2;244;204;188m▀[38;2;240;204;188m[48;2;240;204;188m▀[48;2;240;208;188m▀[38;2;244;208;192m[48;2;244;208;188m▀[38;2;248;208;192m[48;2;240;200;180m▀[38;2;244;204;188m[48;2;236;196;176m▀[38;2;244;204;184m[48;2;248;204;184m▀[38;2;248;208;188m[48;2;240;200;180m▀[38;2;240;200;184m[48;2;236;196;180m▀[48;2;232;192;176m▀[38;2;236;196;180m[48;2;236;196;180m▀[38;2;232;192;176m[48;2;240;200;180m▀[38;2;216;176;160m[48;2;220;184;168m▀[0m
[38;2;232;204;180m[48;2;240;212;188m▀[38;2;255;220;192m[48;2;255;224;196m▀[38;2;255;224;200m[48;2;255;228;204m▀[38;2;255;228;200m[48;2;255;232;208m▀[38;2;255;224;192m[48;2;255;228;204m▀[38;2;255;228;196m▀[38;2;255;236;208m[48;2;255;232;208m▀[38;2;255;232;208m[48;2;255;236;208m▀[38;2;255;228;204m[48;2;255;228;204m▀[38;2;255;228;208m[48;2;255;232;208m▀[38;2;255;236;208m[48;2;255;236;212m▀[38;2;255;236;212m▀[38;2;255;232;216m[48;2;255;232;208m▀[38;2;255;240;220m[48;2;255;232;212m▀[38;2;255;232;216m[48;2;255;236;216m▀▀[38;2;255;236;220m[48;2;255;232;212m▀[38;2;255;240;224m▀[38;2;255;236;220m[48;2;255;236;220m▀[38;2;255;236;216m[48;2;255;232;220m▀[38;2;255;232;216m[48;2;255;236;220m▀[38;2;255;232;212m[48;2;255;232;212m▀[38;2;255;236;220m[48;2;255;236;216m▀[38;2;255;236;216m[48;2;255;240;220m▀[48;2;255;236;216m▀[38;2;244;204;180m[48;2;255;255;232m▀[38;2;200;20;8m[48;2;224;136;116m▀[38;2;228;8;4m[48;2;200;0;0m▀[38;2;224;12;0m[48;2;224;12;4m▀[38;2;236;16;0m[48;2;224;16;4m▀[38;2;248;12;0m[48;2;240;12;0m▀[38;2;248;16;0m[48;2;228;12;0m▀[38;2;200;12;0m[48;2;180;8;0m▀[38;2;252;20;0m[48;2;248;20;0m▀[38;2;255;24;0m[48;2;255;28;4m▀[38;2;255;28;8m[48;2;255;28;8m▀[38;2;255;28;12m▀[38;2;255;32;12m[48;2;255;32;4m▀[38;2;255;28;12m▀[38;2;255;32;8m[48;2;255;28;4m▀[38;2;255;28;4m[48;2;255;28;0m▀▀[38;2;255;28;0m[48;2;255;24;0m▀▀▀[38;2;255;24;0m▀[48;2;255;28;0m▀[48;2;255;24;0m▀[48;2;255;20;0m▀[38;2;255;20;0m▀[38;2;252;16;0m[48;2;252;16;0m▀[38;2;240;16;0m[48;2;232;16;0m▀[48;2;236;16;0m▀[38;2;248;12;0m[48;2;244;16;0m▀[48;2;248;20;4m▀[38;2;240;16;4m[48;2;208;0;0m▀[38;2;212;4;0m[48;2;176;40;28m▀[38;2;172;12;8m[48;2;232;180;164m▀[38;2;220;140;128m[48;2;255;228;212m▀[38;2;255;224;204m[48;2;252;216;200m▀[38;2;248;208;192m[48;2;252;212;196m▀[38;2;252;212;196m[48;2;255;216;200m▀[48;2;255;220;200m▀[38;2;248;208;192m[48;2;252;212;192m▀[38;2;252;212;192m▀[38;2;252;212;196m▀[38;2;252;208;192m[48;2;248;208;192m▀[38;2;244;204;188m▀[48;2;252;212;192m▀[48;2;248;208;192m▀[38;2;240;200;184m[48;2;244;204;184m▀[38;2;240;200;180m[48;2;244;204;188m▀[48;2;244;208;192m▀[38;2;244;200;184m[48;2;244;204;192m▀[38;2;248;204;188m[48;2;240;200;184m▀[38;2;240;200;184m[48;2;244;200;184m▀[48;2;244;204;188m▀[38;2;244;204;188m[48;2;240;200;184m▀[38;2;240;200;184m[48;2;240;200;180m▀[38;2;216;180;168m[48;2;220;180;172m▀[0m
[38;2;236;212;188m[48;2;232;212;184m▀[38;2;255;224;200m[48;2;255;232;204m▀[48;2;255;228;204m▀[38;2;255;228;204m[48;2;255;224;200m▀[38;2;255;232;204m[48;2;255;232;208m▀[38;2;255;228;204m[48;2;255;228;208m▀[48;2;255;228;204m▀[48;2;255;232;204m▀[38;2;255;232;208m[48;2;255;232;208m▀[38;2;255;228;204m▀[48;2;255;228;204m▀[38;2;255;232;208m[48;2;255;236;212m▀[48;2;255;236;216m▀[38;2;255;228;208m[48;2;255;232;208m▀[48;2;255;236;212m▀[38;2;255;240;220m[48;2;255;232;212m▀[38;2;255;232;212m[48;2;255;236;212m▀[38;2;255;228;212m[48;2;255;236;216m▀[38;2;255;232;216m[48;2;255;240;216m▀[38;2;255;236;212m[48;2;255;236;212m▀[38;2;255;236;216m[48;2;255;240;216m▀[38;2;255;240;216m[48;2;255;240;220m▀[38;2;255;236;216m[48;2;255;236;216m▀[38;2;255;240;216m[48;2;255;240;216m▀[38;2;255;240;220m▀[38;2;255;236;216m[48;2;255;236;216m▀[38;2;255;240;216m[48;2;255;244;224m▀[38;2;220;116;100m[48;2;255;255;236m▀[38;2;196;0;0m[48;2;228;176;148m▀[38;2;212;4;0m[48;2;188;36;28m▀[38;2;232;16;4m[48;2;204;0;0m▀[38;2;212;12;0m[48;2;196;16;4m▀[38;2;184;8;0m[48;2;208;12;0m▀[38;2;252;20;0m[48;2;255;20;0m▀[38;2;255;24;4m[48;2;255;24;4m▀[38;2;255;28;8m[48;2;255;28;4m▀[38;2;255;28;4m▀[48;2;224;36;16m▀[48;2;224;52;28m▀[48;2;255;32;12m▀[48;2;255;24;0m▀[38;2;255;24;0m[48;2;255;28;0m▀[48;2;255;24;0m▀[48;2;255;20;0m▀▀[38;2;255;20;0m[48;2;255;16;0m▀[38;2;252;20;0m[48;2;200;44;28m▀[38;2;244;12;0m[48;2;176;88;68m▀[38;2;255;20;4m[48;2;224;20;4m▀[38;2;255;16;0m[48;2;255;20;0m▀[38;2;252;16;0m[48;2;252;16;0m▀[38;2;236;12;0m[48;2;236;12;0m▀[48;2;228;12;4m▀[38;2;224;12;0m[48;2;188;8;0m▀[38;2;192;0;0m[48;2;216;136;124m▀[38;2;192;76;64m[48;2;255;232;212m▀[38;2;248;212;184m[48;2;255;224;208m▀[38;2;255;228;212m[48;2;255;216;200m▀[38;2;252;212;196m▀[38;2;255;216;200m[48;2;255;220;204m▀▀[38;2;255;216;196m[48;2;252;212;196m▀[38;2;255;216;200m[48;2;255;216;200m▀[38;2;252;212;196m[48;2;255;220;204m▀[48;2;255;212;196m▀[48;2;252;212;196m▀▀▀[38;2;248;208;192m▀[48;2;248;208;192m▀[38;2;244;204;184m[48;2;252;212;192m▀[38;2;244;204;188m[48;2;244;204;188m▀[38;2;244;208;192m▀[38;2;244;204;192m[48;2;248;204;188m▀[38;2;244;200;188m[48;2;244;204;188m▀[38;2;240;196;180m[48;2;236;196;180m▀▀▀[38;2;240;200;184m▀[38;2;224;184;176m[48;2;220;184;172m▀[0m
[38;2;232;212;188m[48;2;232;216;188m▀[38;2;255;232;204m[48;2;255;228;196m▀[38;2;255;224;200m[48;2;255;224;200m▀[38;2;255;228;204m[48;2;255;228;204m▀[38;2;255;232;212m[48;2;255;232;208m▀[38;2;255;224;204m[48;2;255;228;212m▀[38;2;255;232;208m[48;2;255;228;208m▀[38;2;255;236;212m[48;2;255;232;208m▀[38;2;255;232;208m[48;2;255;236;208m▀▀[38;2;255;232;212m[48;2;255;240;216m▀[48;2;255;228;208m▀[38;2;255;232;208m[48;2;255;232;212m▀[38;2;255;240;216m[48;2;255;244;224m▀[38;2;255;240;212m[48;2;255;236;212m▀[38;2;255;232;208m▀[38;2;255;236;212m[48;2;255;244;216m▀[38;2;255;244;220m[48;2;255;244;212m▀[38;2;255;240;220m[48;2;255;236;212m▀[38;2;255;236;212m[48;2;255;236;216m▀[38;2;255;236;216m▀▀[38;2;255;240;216m[48;2;255;240;220m▀[38;2;255;244;220m[48;2;255;240;216m▀[38;2;255;240;220m[48;2;255;244;220m▀[48;2;255;240;224m▀[38;2;255;248;224m[48;2;255;240;220m▀[38;2;255;244;220m[48;2;255;244;220m▀[38;2;255;255;236m[48;2;255;240;220m▀[38;2;248;232;216m[48;2;255;248;220m▀[38;2;200;80;68m[48;2;255;248;224m▀[38;2;192;0;0m[48;2;224;96;84m▀[38;2;244;16;4m[48;2;244;4;0m▀[38;2;255;20;0m[48;2;255;20;0m▀[38;2;255;24;0m[48;2;255;24;4m▀[38;2;255;28;4m[48;2;255;28;4m▀[38;2;255;20;0m▀[38;2;240;124;80m[48;2;255;44;28m▀[38;2;196;116;84m[48;2;232;24;20m▀[38;2;244;20;4m[48;2;252;24;4m▀[38;2;255;28;4m[48;2;255;28;4m▀[38;2;255;24;0m▀▀[48;2;255;24;0m▀▀[38;2;255;20;0m[48;2;255;28;0m▀[38;2;192;48;28m[48;2;252;24;0m▀[38;2;200;108;84m[48;2;244;16;0m▀[38;2;224;20;0m[48;2;255;20;0m▀[38;2;255;20;0m[48;2;255;16;0m▀[38;2;252;16;0m[48;2;255;16;4m▀[38;2;244;16;4m[48;2;240;4;0m▀[38;2;212;4;0m[48;2;224;60;40m▀[38;2;220;132;112m[48;2;255;228;204m▀[38;2;255;240;224m[48;2;255;224;204m▀[38;2;255;224;208m[48;2;255;228;212m▀[38;2;255;228;212m▀[38;2;255;224;208m[48;2;255;220;204m▀[38;2;255;220;204m[48;2;255;224;208m▀[38;2;255;224;208m[48;2;255;220;204m▀[38;2;255;216;200m[48;2;255;224;208m▀▀[38;2;255;224;208m[48;2;255;220;204m▀[38;2;255;216;200m[48;2;255;224;208m▀[38;2;255;212;200m[48;2;255;224;204m▀[38;2;255;216;200m[48;2;255;220;204m▀[48;2;255;216;200m▀[38;2;252;216;196m▀[38;2;252;212;196m▀[38;2;252;208;192m[48;2;255;216;196m▀[38;2;255;216;200m[48;2;248;208;188m▀[38;2;244;204;188m[48;2;252;212;196m▀[38;2;248;204;188m▀[38;2;244;200;188m[48;2;244;200;184m▀[38;2;240;196;180m[48;2;240;200;180m▀[38;2;240;200;180m[48;2;240;200;184m▀[38;2;244;204;184m[48;2;244;204;188m▀[38;2;236;196;180m[48;2;240;196;180m▀[38;2;232;196;176m[48;2;236;196;180m▀[38;2;224;184;176m[48;2;220;180;172m▀[0m
[38;2;236;212;184m[48;2;236;208;184m▀[38;2;255;228;196m[48;2;255;224;192m▀[38;2;255;228;200m[48;2;255;224;188m▀[38;2;255;232;196m[48;2;255;232;196m▀[38;2;255;232;204m[48;2;255;232;200m▀[38;2;255;232;208m[48;2;255;228;204m▀[38;2;255;232;212m▀[38;2;255;232;204m[48;2;255;224;196m▀[38;2;255;232;200m[48;2;252;232;200m▀[48;2;252;228;192m▀[38;2;255;236;212m[48;2;252;232;204m▀[48;2;252;236;212m▀[38;2;255;240;216m[48;2;252;236;208m▀[38;2;255;236;212m[48;2;252;232;208m▀[48;2;252;232;204m▀[38;2;255;240;220m[48;2;252;244;216m▀[38;2;255;248;220m[48;2;252;240;212m▀[38;2;255;240;208m[48;2;255;236;204m▀[38;2;255;240;212m[48;2;255;240;212m▀[38;2;255;236;212m[48;2;255;236;208m▀▀[38;2;255;240;220m[48;2;255;232;208m▀[48;2;255;236;212m▀[38;2;255;244;224m[48;2;255;244;220m▀[38;2;255;240;216m[48;2;255;240;216m▀[38;2;255;244;216m[48;2;255;240;208m▀[38;2;255;240;216m[48;2;255;240;212m▀[38;2;255;236;216m[48;2;255;240;216m▀[38;2;255;240;220m[48;2;255;244;220m▀[38;2;255;236;220m[48;2;255;236;220m▀[38;2;255;248;228m▀[38;2;255;248;232m[48;2;255;255;236m▀[38;2;244;48;36m[48;2;248;88;68m▀[38;2;255;12;0m[48;2;255;8;0m▀[38;2;255;28;4m[48;2;255;32;4m▀[48;2;255;28;0m▀[48;2;255;28;4m▀[38;2;255;24;12m[48;2;255;28;8m▀[38;2;255;28;8m[48;2;255;28;4m▀[38;2;255;28;4m[48;2;255;28;0m▀[38;2;255;28;0m▀[38;2;255;28;4m[48;2;255;28;4m▀▀[38;2;255;24;0m[48;2;255;24;0m▀[38;2;255;28;4m[48;2;255;28;0m▀[38;2;255;24;4m[48;2;255;24;0m▀[38;2;255;24;0m[48;2;255;20;0m▀[38;2;255;28;4m[48;2;255;24;0m▀[38;2;255;16;0m[48;2;255;20;0m▀[38;2;255;20;0m▀[38;2;255;20;4m[48;2;255;16;4m▀[38;2;232;0;0m[48;2;224;0;0m▀[38;2;236;116;100m[48;2;236;148;132m▀[38;2;255;240;224m[48;2;252;236;220m▀[38;2;255;224;212m[48;2;252;228;212m▀[38;2;255;228;216m[48;2;252;224;212m▀[38;2;255;224;208m[48;2;255;224;208m▀[38;2;255;228;212m[48;2;255;228;212m▀[38;2;255;220;204m[48;2;252;220;204m▀[38;2;255;216;200m[48;2;255;220;204m▀[38;2;255;224;208m[48;2;255;216;196m▀[48;2;255;216;200m▀[38;2;255;216;204m[48;2;255;220;204m▀[38;2;255;220;204m▀[38;2;255;224;204m[48;2;255;220;208m▀[38;2;255;220;204m[48;2;255;212;200m▀[38;2;255;216;200m[48;2;255;216;200m▀[38;2;255;212;196m[48;2;252;216;200m▀[38;2;255;216;200m[48;2;255;216;200m▀[38;2;252;212;196m▀[48;2;255;220;200m▀[38;2;255;216;196m[48;2;255;212;196m▀[38;2;248;212;196m[48;2;248;208;192m▀[38;2;248;204;188m[48;2;252;208;192m▀[48;2;248;208;192m▀[38;2;244;204;188m[48;2;244;204;188m▀[38;2;240;196;180m[48;2;240;200;184m▀[38;2;236;192;180m[48;2;240;196;180m▀[38;2;240;200;180m[48;2;240;200;180m▀[38;2;220;180;172m[48;2;220;180;168m▀[0m
[38;2;240;216;188m[48;2;232;212;188m▀[38;2;255;228;196m[48;2;244;220;188m▀[38;2;255;224;196m[48;2;236;212;184m▀[38;2;255;232;204m[48;2;232;208;180m▀[38;2;255;236;208m[48;2;228;200;168m▀[38;2;255;232;212m[48;2;224;192;160m▀[38;2;255;236;220m[48;2;216;192;164m▀[38;2;255;248;220m[48;2;216;192;160m▀[38;2;255;248;224m[48;2;212;188;156m▀[38;2;255;244;220m[48;2;208;180;152m▀[38;2;255;244;216m[48;2;200;168;132m▀[38;2;255;248;220m[48;2;200;164;128m▀[38;2;255;244;216m▀[38;2;255;244;220m[48;2;196;160;120m▀[38;2;255;252;224m[48;2;196;156;120m▀[48;2;192;152;112m▀[48;2;184;144;104m▀[38;2;255;248;220m[48;2;180;144;112m▀[38;2;255;252;224m[48;2;184;144;108m▀[38;2;255;248;220m[48;2;180;140;96m▀[48;2;180;144;100m▀[38;2;255;244;216m[48;2;180;144;104m▀[38;2;255;248;216m[48;2;184;144;104m▀[38;2;255;248;220m▀[38;2;255;244;212m[48;2;176;136;96m▀[38;2;255;240;208m[48;2;172;132;88m▀[38;2;255;248;220m[48;2;172;132;92m▀[38;2;255;252;224m[48;2;168;132;96m▀[38;2;255;248;220m[48;2;168;128;92m▀[38;2;255;244;220m[48;2;168;124;92m▀[38;2;255;240;216m[48;2;168;124;88m▀[38;2;255;255;232m[48;2;164;128;92m▀[38;2;252;136;112m[48;2;196;92;56m▀[38;2;255;8;0m[48;2;255;16;0m▀[38;2;255;28;4m[48;2;255;24;4m▀[38;2;255;28;0m▀[38;2;255;24;0m▀[38;2;255;28;4m[48;2;232;28;12m▀[38;2;255;32;4m[48;2;212;44;28m▀[38;2;252;28;4m[48;2;248;20;8m▀[38;2;255;28;4m[48;2;255;28;4m▀[48;2;255;28;0m▀[48;2;255;28;4m▀[38;2;255;28;0m[48;2;255;28;0m▀[48;2;255;20;0m▀[38;2;252;28;4m[48;2;216;32;16m▀[38;2;252;32;4m[48;2;192;128;92m▀[38;2;255;28;4m[48;2;208;28;8m▀[38;2;255;16;0m[48;2;255;12;0m▀[48;2;255;16;0m▀[38;2;248;16;0m[48;2;252;16;0m▀[38;2;228;20;8m[48;2;224;28;16m▀[38;2;255;208;184m[48;2;208;160;132m▀[38;2;255;252;228m[48;2;204;180;148m▀[38;2;255;240;220m[48;2;208;176;144m▀[48;2;212;180;152m▀[38;2;255;244;224m[48;2;216;188;160m▀[38;2;255;244;220m▀[38;2;255;240;220m[48;2;220;188;160m▀[38;2;255;232;220m[48;2;224;200;172m▀[38;2;255;228;212m[48;2;228;200;176m▀[38;2;255;228;208m[48;2;236;208;184m▀[48;2;240;212;184m▀[38;2;255;220;200m[48;2;244;208;180m▀[38;2;255;212;196m[48;2;248;212;192m▀[38;2;255;220;200m[48;2;252;224;200m▀[48;2;255;224;204m▀[38;2;255;216;200m▀[38;2;252;212;192m▀[38;2;255;216;196m▀[38;2;252;208;196m▀[38;2;248;204;188m[48;2;255;220;204m▀[38;2;244;204;188m[48;2;255;224;200m▀[48;2;252;220;200m▀▀[38;2;240;196;180m[48;2;252;216;196m▀[38;2;240;200;184m[48;2;252;212;192m▀[38;2;240;200;180m[48;2;244;208;180m▀[38;2;240;196;176m[48;2;244;204;180m▀[38;2;220;180;168m[48;2;224;188;172m▀[0m
[38;2;148;112;76m[48;2;212;168;120m▀[38;2;176;116;72m[48;2;252;180;116m▀[38;2;168;116;68m[48;2;248;184;116m▀[48;2;252;192;124m▀[38;2;172;120;68m[48;2;255;200;132m▀[38;2;180;128;68m▀[38;2;188;128;68m[48;2;255;204;136m▀[38;2;196;136;76m[48;2;255;208;140m▀[38;2;196;140;72m[48;2;255;212;140m▀[38;2;204;144;76m▀[38;2;208;144;76m[48;2;255;208;136m▀[38;2;216;152;80m▀[38;2;220;152;88m▀[38;2;224;160;96m[48;2;255;212;136m▀[38;2;228;168;100m[48;2;255;216;140m▀[38;2;232;172;100m[48;2;255;220;140m▀[38;2;228;176;104m[48;2;255;212;140m▀[38;2;228;172;120m[48;2;255;208;148m▀[38;2;232;180;124m[48;2;255;212;148m▀[38;2;236;180;124m▀[38;2;236;180;120m[48;2;255;208;144m▀[38;2;236;180;112m[48;2;255;204;136m▀[38;2;244;184;120m[48;2;255;204;140m▀[38;2;244;188;128m[48;2;255;204;144m▀[38;2;244;188;136m▀[38;2;244;188;132m[48;2;255;204;140m▀[38;2;244;192;136m[48;2;255;200;140m▀[38;2;240;188;136m▀[38;2;244;188;136m▀[38;2;240;188;132m[48;2;255;200;144m▀[38;2;240;184;128m[48;2;255;204;144m▀[38;2;240;192;136m[48;2;255;208;156m▀[38;2;244;156;112m[48;2;252;188;144m▀[38;2;252;24;0m[48;2;248;36;16m▀[38;2;255;24;4m[48;2;255;24;4m▀[38;2;255;24;8m[48;2;255;28;4m▀[38;2;255;28;8m[48;2;255;24;4m▀[38;2;240;24;4m[48;2;255;28;4m▀[38;2;244;28;16m[48;2;255;28;0m▀[38;2;255;28;12m[48;2;255;24;0m▀[38;2;255;24;0m▀[38;2;255;28;0m▀[38;2;255;24;0m▀▀▀[38;2;240;24;8m▀[38;2;184;20;12m[48;2;255;20;0m▀[38;2;220;16;4m[48;2;255;28;4m▀[38;2;255;16;0m[48;2;255;20;0m▀[48;2;255;20;4m▀[38;2;255;8;0m[48;2;252;4;0m▀[38;2;228;44;20m[48;2;244;92;56m▀[38;2;212;148;96m[48;2;255;208;156m▀[38;2;200;144;92m[48;2;255;204;152m▀[48;2;255;212;160m▀[38;2;196;140;96m▀▀[38;2;188;132;88m▀[38;2;180;124;80m[48;2;255;212;156m▀[38;2;176;120;76m[48;2;255;204;152m▀[38;2;176;120;80m[48;2;255;200;148m▀[38;2;172;116;76m▀[38;2;172;112;72m[48;2;255;192;144m▀[38;2;160;108;68m[48;2;248;188;136m▀[38;2;156;104;76m[48;2;232;180;124m▀[38;2;148;100;68m[48;2;224;172;120m▀[38;2;144;96;68m[48;2;220;164;112m▀[38;2;148;100;72m[48;2;216;160;108m▀[38;2;152;112;84m[48;2;212;156;108m▀[38;2;156;112;88m[48;2;200;152;104m▀[38;2;160;124;96m[48;2;188;140;96m▀[38;2;164;128;100m[48;2;180;136;88m▀[38;2;172;132;104m[48;2;172;124;76m▀[38;2;180;144;116m[48;2;160;112;64m▀[38;2;184;144;120m[48;2;148;100;60m▀[38;2;196;156;132m[48;2;144;96;56m▀[38;2;208;172;148m[48;2;140;88;56m▀[38;2;212;176;148m[48;2;132;84;52m▀[38;2;224;184;156m[48;2;132;80;48m▀[38;2;220;180;164m[48;2;116;72;48m▀[0m
[38;2;220;176;124m[48;2;216;172;120m▀[38;2;248;188;116m[48;2;248;184;112m▀[38;2;244;184;112m[48;2;244;184;112m▀[38;2;248;188;116m[48;2;248;188;112m▀[38;2;252;192;116m[48;2;255;192;120m▀▀[38;2;252;188;120m[48;2;255;188;124m▀[38;2;252;192;128m[48;2;255;188;120m▀[38;2;252;196;128m[48;2;255;184;120m▀[38;2;255;196;128m[48;2;252;184;120m▀[38;2;255;192;124m[48;2;252;180;120m▀[48;2;252;180;124m▀[38;2;255;192;120m[48;2;252;180;120m▀[38;2;255;192;124m▀[38;2;255;196;128m[48;2;255;184;124m▀[38;2;255;200;128m[48;2;252;188;124m▀▀[38;2;255;200;132m▀[38;2;255;200;136m[48;2;252;192;124m▀[48;2;255;192;128m▀[48;2;255;196;132m▀[38;2;255;196;132m[48;2;255;196;128m▀[48;2;255;196;132m▀[38;2;255;192;132m[48;2;255;196;136m▀[38;2;252;188;128m[48;2;255;192;132m▀[48;2;252;192;132m▀▀[48;2;255;192;132m▀[38;2;248;188;124m[48;2;255;192;136m▀[38;2;252;188;132m▀[38;2;255;192;136m▀[38;2;255;200;144m[48;2;255;204;148m▀[38;2;252;180;132m[48;2;244;144;100m▀[38;2;252;32;20m[48;2;252;16;0m▀[38;2;255;24;4m[48;2;255;24;8m▀[38;2;255;28;4m[48;2;255;24;4m▀[38;2;255;24;0m▀[48;2;255;28;4m▀▀[48;2;255;24;0m▀▀▀▀[48;2;255;20;0m▀[38;2;255;20;0m▀▀[38;2;252;24;0m▀[38;2;255;24;0m[48;2;255;24;0m▀[38;2;255;20;0m[48;2;255;20;0m▀▀[38;2;255;12;0m[48;2;255;24;0m▀[38;2;255;68;32m[48;2;252;16;0m▀[38;2;252;188;136m[48;2;252;144;100m▀[38;2;252;192;140m[48;2;252;196;148m▀[38;2;255;196;144m[48;2;248;184;132m▀[38;2;252;196;144m[48;2;244;184;132m▀[38;2;252;192;144m[48;2;244;180;132m▀[38;2;252;196;144m[48;2;240;180;128m▀[38;2;252;200;144m[48;2;240;180;124m▀[38;2;255;196;144m[48;2;240;176;124m▀[38;2;252;192;136m[48;2;236;172;116m▀[48;2;240;176;124m▀[38;2;255;192;144m[48;2;240;176;128m▀[38;2;248;196;144m[48;2;240;180;128m▀[38;2;244;196;140m[48;2;236;184;132m▀[48;2;236;184;128m▀[38;2;252;196;140m▀[38;2;252;192;144m[48;2;236;180;132m▀[38;2;252;196;144m[48;2;232;180;128m▀[38;2;244;196;144m[48;2;228;180;128m▀[38;2;248;196;144m[48;2;232;180;128m▀[38;2;244;192;136m[48;2;224;176;116m▀[38;2;236;188;128m[48;2;220;168;108m▀[38;2;240;188;136m[48;2;216;164;112m▀[38;2;232;184;132m▀[38;2;224;172;120m[48;2;208;156;108m▀[38;2;224;172;116m[48;2;212;160;108m▀[38;2;220;168;112m[48;2;208;160;108m▀[38;2;216;164;108m[48;2;216;164;112m▀[38;2;200;148;100m[48;2;208;156;112m▀[0m
[38;2;228;184;136m[48;2;224;184;136m▀[38;2;255;200;124m[48;2;252;196;124m▀[38;2;252;196;128m[48;2;248;196;120m▀[38;2;255;200;128m[48;2;248;192;120m▀[38;2;255;204;132m▀[38;2;255;204;136m[48;2;248;192;124m▀[38;2;255;200;132m▀[38;2;255;192;128m[48;2;248;184;120m▀[48;2;244;180;116m▀[38;2;252;192;132m[48;2;240;184;116m▀[38;2;252;192;136m[48;2;244;184;116m▀[38;2;255;192;136m[48;2;244;184;112m▀[38;2;252;192;136m[48;2;244;188;120m▀[38;2;255;192;140m[48;2;248;184;124m▀[48;2;244;184;120m▀[38;2;255;188;136m[48;2;244;184;116m▀[38;2;252;188;132m[48;2;244;184;120m▀[38;2;252;188;128m▀[38;2;252;188;124m[48;2;244;184;116m▀[48;2;244;180;120m▀[38;2;252;188;132m[48;2;244;176;120m▀[48;2;240;172;116m▀[48;2;236;168;108m▀[38;2;252;192;132m[48;2;236;164;104m▀[38;2;252;188;132m[48;2;232;160;100m▀[38;2;255;192;132m[48;2;232;164;104m▀[38;2;255;192;136m[48;2;236;168;108m▀[38;2;255;192;140m[48;2;236;168;112m▀[38;2;255;196;140m[48;2;232;168;112m▀[38;2;255;196;144m[48;2;236;172;104m▀[38;2;252;196;140m[48;2;240;168;108m▀[38;2;252;208;148m[48;2;236;176;112m▀[38;2;244;120;80m[48;2;252;92;56m▀[38;2;255;16;8m[48;2;204;4;4m▀[38;2;252;32;16m[48;2;196;12;8m▀[38;2;252;24;12m[48;2;240;16;4m▀[48;2;248;20;0m▀[38;2;255;24;12m[48;2;252;20;0m▀[38;2;255;28;8m[48;2;255;20;0m▀[38;2;255;28;4m[48;2;255;24;0m▀[48;2;255;24;4m▀[48;2;255;20;0m▀[38;2;255;24;4m▀[38;2;255;20;0m▀▀[38;2;255;24;0m▀[38;2;255;28;0m[48;2;252;20;0m▀[48;2;252;16;0m▀[38;2;255;24;0m[48;2;255;20;0m▀[48;2;252;20;0m▀[38;2;255;28;4m[48;2;244;20;0m▀[38;2;255;20;0m[48;2;216;16;4m▀[38;2;255;72;36m[48;2;204;24;4m▀[38;2;240;176;128m[48;2;216;124;80m▀[38;2;232;168;120m[48;2;208;148;96m▀[38;2;232;168;116m[48;2;204;140;92m▀[48;2;208;144;96m▀[38;2;228;168;116m[48;2;208;148;96m▀[38;2;228;164;112m[48;2;208;144;92m▀▀[38;2;228;168;112m[48;2;208;148;96m▀[38;2;228;164;112m[48;2;208;148;92m▀[48;2;208;144;96m▀[38;2;228;164;120m[48;2;212;148;100m▀[38;2;228;172;120m▀[38;2;228;172;124m▀[38;2;228;172;120m[48;2;208;148;96m▀[38;2;224;172;120m[48;2;212;148;100m▀[38;2;224;168;116m[48;2;212;152;100m▀[38;2;228;172;120m▀▀[38;2;220;164;112m▀[38;2;212;152;104m[48;2;212;148;100m▀[38;2;208;148;100m[48;2;204;144;92m▀[38;2;204;152;100m[48;2;200;144;96m▀[48;2;200;148;96m▀[38;2;204;152;104m▀[38;2;204;152;100m▀[38;2;208;156;104m[48;2;204;148;100m▀[38;2;192;144;104m[48;2;188;136;100m▀[0m
[38;2;192;144;92m[48;2;180;136;84m▀[38;2;224;156;88m[48;2;212;144;76m▀[38;2;216;152;84m[48;2;208;140;76m▀[38;2;216;148;80m[48;2;212;136;76m▀[38;2;212;148;80m[48;2;208;140;76m▀[48;2;208;144;76m▀[38;2;216;152;84m[48;2;212;144;80m▀[38;2;220;148;84m[48;2;216;144;80m▀[38;2;216;148;80m▀[38;2;208;144;80m[48;2;212;144;76m▀[38;2;212;144;76m[48;2;208;140;76m▀[48;2;208;140;80m▀[38;2;216;148;80m[48;2;208;140;76m▀[38;2;220;148;80m[48;2;212;144;76m▀[38;2;216;148;80m[48;2;212;144;80m▀[48;2;208;144;80m▀[38;2;212;144;80m▀[38;2;212;148;80m[48;2;204;140;80m▀[38;2;216;152;84m▀[38;2;224;156;92m[48;2;208;140;80m▀[38;2;232;160;96m[48;2;212;144;84m▀[38;2;236;160;100m[48;2;216;144;84m▀[38;2;240;168;104m[48;2;220;148;88m▀[38;2;244;168;104m[48;2;224;152;88m▀[38;2;240;168;104m[48;2;232;160;92m▀[38;2;236;160;96m[48;2;244;164;96m▀[38;2;228;152;88m[48;2;248;172;100m▀[38;2;224;152;84m[48;2;240;164;92m▀[38;2;220;152;88m[48;2;228;152;84m▀[38;2;224;152;88m[48;2;216;144;88m▀[38;2;224;148;92m[48;2;208;152;92m▀[38;2;224;152;88m[48;2;212;136;76m▀[38;2;244;48;16m[48;2;236;32;4m▀[38;2;236;8;0m[48;2;255;20;0m▀[38;2;252;24;4m[48;2;255;24;0m▀[38;2;255;28;0m▀[48;2;255;28;0m▀▀[48;2;255;24;0m▀[38;2;255;24;0m▀[38;2;255;28;0m▀▀[38;2;255;24;0m▀▀[48;2;255;20;0m▀▀▀[38;2;255;20;0m▀▀[38;2;255;16;0m▀[38;2;252;16;0m▀[38;2;168;8;0m[48;2;244;16;0m▀[38;2;116;0;0m[48;2;180;4;0m▀[38;2;176;68;36m[48;2;196;84;52m▀[38;2;192;132;80m[48;2;192;128;80m▀[38;2;188;124;72m[48;2;184;124;72m▀[38;2;188;124;76m[48;2;184;120;72m▀▀▀[48;2;184;120;68m▀[48;2;184;120;72m▀[38;2;188;128;76m▀[48;2;184;120;68m▀[38;2;188;124;76m▀[38;2;188;128;76m[48;2;184;120;72m▀▀▀[38;2;188;124;76m[48;2;184;120;68m▀[48;2;180;120;68m▀▀[48;2;180;116;68m▀[48;2;184;120;68m▀[38;2;188;124;72m▀[48;2;180;116;64m▀[38;2;184;124;72m▀[38;2;184;120;72m[48;2;180;112;60m▀[38;2;184;124;76m▀[38;2;184;120;72m[48;2;176;112;56m▀[38;2;184;124;72m[48;2;176;112;60m▀[38;2;168;112;72m[48;2;164;104;60m▀[0m
[38;2;176;132;80m[48;2;168;128;80m▀[38;2;200;140;68m[48;2;192;136;72m▀[38;2;200;136;72m[48;2;196;136;72m▀[38;2;204;132;72m[48;2;200;132;72m▀[38;2;204;136;76m[48;2;196;136;80m▀[38;2;200;132;76m▀[38;2;204;136;76m▀[48;2;200;136;80m▀[38;2;208;136;76m▀[38;2;204;136;72m[48;2;204;140;80m▀[48;2;208;140;88m▀[38;2;200;132;76m▀[38;2;200;132;72m[48;2;208;140;92m▀[38;2;200;136;72m[48;2;208;144;92m▀[38;2;204;136;76m[48;2;212;144;96m▀[38;2;200;136;76m[48;2;208;144;96m▀[38;2;196;132;76m[48;2;204;144;92m▀[38;2;192;132;76m[48;2;200;148;92m▀[38;2;196;136;76m[48;2;200;144;96m▀[38;2;200;136;80m[48;2;204;148;100m▀[38;2;204;140;84m[48;2;208;148;100m▀[48;2;208;148;96m▀[38;2;208;140;84m▀[48;2;208;148;100m▀[38;2;208;144;84m[48;2;208;148;104m▀[38;2;216;148;84m[48;2;216;156;108m▀[38;2;232;160;92m[48;2;224;160;104m▀[38;2;252;180;104m[48;2;248;192;132m▀[38;2;240;168;96m[48;2;252;200;136m▀[38;2;220;148;84m[48;2;232;164;108m▀[38;2;204;144;84m[48;2;208;160;104m▀[38;2;208;116;60m[48;2;224;104;60m▀[38;2;244;24;0m[48;2;252;16;0m▀[38;2;255;20;0m[48;2;255;24;0m▀[38;2;255;24;0m▀▀▀[38;2;255;28;0m▀▀[38;2;255;24;0m▀▀▀[38;2;255;20;0m[48;2;255;20;0m▀[48;2;255;16;0m▀[48;2;255;20;0m▀[48;2;255;16;0m▀▀[48;2;255;20;0m▀▀▀▀[38;2;255;12;0m[48;2;255;16;0m▀[38;2;212;36;12m[48;2;228;36;12m▀[38;2;196;120;72m[48;2;200;112;68m▀[38;2;188;120;72m[48;2;184;120;72m▀[38;2;180;116;68m[48;2;180;116;68m▀[38;2;180;116;64m▀[48;2;176;116;68m▀[48;2;172;116;64m▀[48;2;172;116;68m▀[38;2;176;116;60m[48;2;172;112;68m▀[48;2;168;112;68m▀[38;2;176;116;64m▀[48;2;168;112;64m▀[38;2;180;116;64m[48;2;172;112;68m▀▀[38;2;176;116;64m[48;2;168;112;64m▀▀[38;2;176;116;60m[48;2;172;112;60m▀[48;2;176;112;64m▀[38;2;180;116;64m▀▀[48;2;176;112;60m▀[38;2;176;116;60m[48;2;172;108;60m▀[38;2;176;116;64m▀[38;2;176;112;64m[48;2;172;104;60m▀[38;2;176;112;60m[48;2;168;104;56m▀[38;2;172;112;56m[48;2;168;108;56m▀[38;2;176;112;60m[48;2;172;108;56m▀[38;2;160;104;60m[48;2;160;100;56m▀[0m
[38;2;180;144;96m[48;2;184;152;104m▀[38;2;208;152;92m[48;2;212;160;96m▀[38;2;212;152;96m[48;2;212;160;100m▀[38;2;216;152;96m[48;2;216;156;100m▀[38;2;216;156;104m[48;2;216;160;108m▀[38;2;212;156;104m[48;2;212;164;108m▀[38;2;212;160;104m▀[38;2;216;156;104m[48;2;216;160;108m▀[38;2;220;156;104m▀[38;2;220;156;108m▀[38;2;220;160;108m[48;2;216;156;108m▀[38;2;224;160;112m▀▀[48;2;220;160;112m▀[38;2;224;164;112m[48;2;220;164;112m▀▀[38;2;216;164;112m[48;2;216;160;108m▀[38;2;212;164;112m[48;2;216;164;112m▀[38;2;208;156;116m[48;2;212;160;116m▀[38;2;208;156;120m[48;2;208;156;112m▀[38;2;204;152;112m[48;2;204;152;112m▀[38;2;208;152;112m[48;2;204;156;108m▀[38;2;208;156;112m[48;2;208;160;112m▀[38;2;212;160;112m[48;2;212;164;116m▀[38;2;216;164;120m▀[38;2;224;168;124m▀[38;2;240;180;132m[48;2;240;192;140m▀[38;2;255;220;164m[48;2;255;224;164m▀[38;2;255;212;156m[48;2;240;188;128m▀[38;2;224;172;116m[48;2;216;176;120m▀[38;2;220;164;116m[48;2;216;112;76m▀[38;2;240;64;40m[48;2;248;12;0m▀[38;2;255;12;0m[48;2;255;20;0m▀[38;2;255;24;0m[48;2;255;24;0m▀▀▀▀[48;2;255;20;0m▀[38;2;255;20;0m[48;2;255;16;0m▀[48;2;255;20;0m▀▀▀[38;2;255;16;0m▀[38;2;255;20;0m▀[48;2;255;24;0m▀[48;2;255;20;0m▀[38;2;255;16;0m▀▀[38;2;255;20;0m▀[48;2;255;16;0m▀[38;2;255;16;0m[48;2;255;20;0m▀[38;2;255;16;4m[48;2;255;20;4m▀[38;2;240;8;0m[48;2;248;8;0m▀[38;2;208;88;52m[48;2;216;80;48m▀[38;2;196;156;108m[48;2;200;156;108m▀[38;2;192;140;92m[48;2;196;144;96m▀[38;2;188;136;92m[48;2;188;144;96m▀[38;2;188;136;88m[48;2;188;140;92m▀[38;2;184;132;88m▀[38;2;180;128;88m[48;2;188;140;96m▀[38;2;176;124;84m[48;2;184;136;96m▀[38;2;172;120;80m▀▀[38;2;176;120;80m▀[38;2;176;120;84m[48;2;188;136;96m▀▀[38;2;176;120;80m▀[38;2;176;120;76m▀[38;2;176;120;72m[48;2;184;136;96m▀[38;2;176;112;72m[48;2;188;132;92m▀[48;2;192;132;92m▀[38;2;176;112;68m[48;2;188;132;92m▀[38;2;172;112;68m[48;2;188;128;92m▀[38;2;172;108;68m[48;2;184;128;88m▀[38;2;168;108;64m[48;2;180;128;88m▀[38;2;164;104;60m[48;2;176;124;84m▀[38;2;164;104;56m[48;2;176;124;80m▀[38;2;160;104;56m[48;2;172;120;76m▀[38;2;164;104;52m[48;2;168;116;76m▀[38;2;152;96;56m[48;2;156;108;72m▀[0m
[38;2;184;148;100m[48;2;176;144;96m▀[38;2;212;156;92m[48;2;200;152;88m▀[38;2;212;156;96m[48;2;204;148;96m▀[38;2;212;156;100m[48;2;208;148;96m▀[38;2;212;156;104m[48;2;212;152;104m▀[38;2;212;156;108m[48;2;216;160;108m▀[38;2;212;156;104m▀[38;2;216;156;104m▀[38;2;212;156;108m[48;2;216;156;108m▀[38;2;212;156;104m[48;2;216;156;104m▀[38;2;216;156;108m[48;2;216;160;108m▀[38;2;212;160;108m[48;2;208;160;104m▀[38;2;208;160;104m[48;2;204;156;104m▀[38;2;216;164;108m▀[38;2;216;168;112m▀[48;2;208;156;104m▀[38;2;220;164;112m[48;2;212;156;104m▀[48;2;216;156;108m▀[38;2;216;164;112m[48;2;208;156;104m▀[38;2;212;160;104m[48;2;204;156;100m▀[38;2;212;160;108m▀[48;2;200;152;100m▀[38;2;208;160;108m[48;2;196;148;96m▀[38;2;208;156;104m[48;2;220;172;116m▀[38;2;216;168;112m[48;2;220;172;120m▀[38;2;244;196;136m[48;2;192;148;100m▀[38;2;255;212;156m[48;2;156;112;80m▀[38;2;228;180;120m[48;2;88;56;28m▀[38;2;212;160;108m[48;2;80;48;28m▀[38;2;216;184;128m[48;2;124;96;64m▀[38;2;220;104;64m[48;2;216;92;60m▀[38;2;248;12;0m[48;2;255;12;4m▀[38;2;255;24;4m[48;2;255;20;4m▀[38;2;255;20;0m[48;2;255;20;0m▀▀[48;2;255;24;0m▀▀[48;2;255;20;0m▀▀[48;2;255;24;0m▀[48;2;255;20;0m▀▀▀▀▀▀▀[38;2;255;16;0m▀[38;2;255;20;0m▀[38;2;255;16;0m▀[48;2;255;16;0m▀[38;2;255;20;0m▀[38;2;255;8;0m▀[38;2;220;44;24m[48;2;228;16;4m▀[38;2;196;140;92m[48;2;196;120;76m▀[38;2;184;140;92m[48;2;176;136;88m▀[48;2;176;128;84m▀[38;2;184;136;88m[48;2;176;128;80m▀[38;2;184;132;88m[48;2;176;128;84m▀[38;2;184;136;88m[48;2;180;128;84m▀▀[38;2;184;136;92m[48;2;176;128;88m▀[38;2;184;136;96m▀[48;2;180;132;92m▀[48;2;184;132;92m▀▀[48;2;184;132;96m▀[38;2;184;132;88m[48;2;192;140;96m▀[38;2;184;136;88m[48;2;188;140;96m▀[38;2;188;136;92m[48;2;176;124;80m▀[48;2;176;120;80m▀[38;2;184;132;92m[48;2;192;140;100m▀[38;2;188;132;92m[48;2;188;132;92m▀[38;2;184;136;92m[48;2;180;132;88m▀[38;2;184;132;92m[48;2;180;128;88m▀[38;2;184;132;96m[48;2;180;128;92m▀[38;2;180;132;92m[48;2;176;128;92m▀▀▀[38;2;160;120;92m[48;2;160;120;88m▀[0m
[38;2;168;132;84m[48;2;204;168;120m▀[38;2;204;148;80m[48;2;248;208;132m▀[38;2;224;168;108m[48;2;255;224;144m▀[38;2;240;192;128m▀[38;2;252;208;140m[48;2;252;204;120m▀[48;2;236;176;100m▀[38;2;236;172;112m[48;2;216;160;96m▀[38;2;216;152;100m[48;2;204;148;92m▀[38;2;208;148;100m[48;2;204;156;104m▀[38;2;204;148;96m[48;2;220;176;124m▀[38;2;208;148;96m[48;2;236;196;136m▀[38;2;216;160;108m[48;2;244;204;148m▀[38;2;220;172;116m[48;2;204;160;112m▀[38;2;224;180;124m[48;2;208;168;116m▀[48;2;172;136;88m▀[38;2;216;168;112m[48;2;152;112;72m▀[38;2;204;156;104m[48;2;184;144;100m▀[38;2;204;148;96m[48;2;204;160;108m▀[38;2;200;148;96m[48;2;204;160;112m▀[48;2;220;172;120m▀[38;2;204;148;92m[48;2;240;192;136m▀[38;2;212;164;112m[48;2;255;216;152m▀[38;2;236;184;124m[48;2;204;164;112m▀[38;2;176;132;92m[48;2;48;24;20m▀[38;2;52;24;16m[48;2;32;20;24m▀[38;2;36;12;4m[48;2;64;52;52m▀[38;2;28;4;0m[48;2;44;32;32m▀[38;2;20;0;0m[48;2;40;24;24m▀▀[38;2;4;0;0m[48;2;24;20;16m▀[38;2;76;16;4m[48;2;12;16;16m▀[38;2;212;24;8m[48;2;84;32;20m▀[38;2;255;20;0m[48;2;212;40;16m▀[38;2;255;16;0m[48;2;252;36;12m▀[48;2;255;36;16m▀[48;2;255;32;12m▀▀▀[48;2;255;36;12m▀▀▀[38;2;255;20;0m▀[38;2;255;16;0m[48;2;252;36;12m▀▀▀[38;2;255;20;0m[48;2;255;36;12m▀[38;2;255;16;0m▀▀▀▀▀▀[38;2;255;12;0m[48;2;252;32;16m▀[38;2;240;12;0m[48;2;240;24;12m▀[38;2;196;88;44m[48;2;196;76;40m▀[38;2;168;124;72m[48;2;176;128;80m▀[38;2;168;120;72m[48;2;172;124;76m▀[38;2;168;120;68m▀[38;2;168;116;68m[48;2;172;128;76m▀[38;2;168;116;76m[48;2;172;124;84m▀[48;2;168;124;84m▀▀[38;2;168;116;80m[48;2;164;124;84m▀[38;2;168;120;80m[48;2;168;124;84m▀[38;2;176;124;88m[48;2;176;132;92m▀[38;2;180;124;88m[48;2;180;136;96m▀[38;2;184;132;96m[48;2;164;120;84m▀[38;2;144;96;64m[48;2;84;44;28m▀[38;2;124;76;48m[48;2;52;16;12m▀[38;2;128;84;52m[48;2;84;52;32m▀[38;2;120;72;40m[48;2;136;100;72m▀[38;2;148;100;64m[48;2;96;56;32m▀[38;2;168;116;76m[48;2;100;60;32m▀[38;2;176;128;80m[48;2;128;88;52m▀[38;2;176;124;80m[48;2;176;132;92m▀[38;2;172;120;80m[48;2;172;128;84m▀▀[38;2;168;120;80m[48;2;172;124;80m▀[38;2;172;120;80m[48;2;172;124;84m▀[38;2;160;112;76m[48;2;160;120;84m▀[0m

     * Ты получаешь sl! И ты получаешь sl! Все получают sl! *

ART
