#!/bin/sh
# intro-hello: meme «Epic Handshake». Regenerate: meme.py render "Epic Handshake" --label "student@0.13,0.62" --label "hashpass@0.84,0.55"
cat <<'ART'

[38;2;56;60;68m[48;2;60;68;72m▀[38;2;60;64;72m[48;2;52;60;68m▀[38;2;64;72;76m[48;2;56;64;68m▀[38;2;64;72;80m[48;2;68;76;84m▀[38;2;68;76;84m[48;2;68;80;88m▀[38;2;68;80;88m[48;2;76;88;96m▀[48;2;80;92;100m▀[38;2;64;76;84m[48;2;84;96;100m▀[38;2;68;80;84m[48;2;96;108;112m▀[38;2;68;76;84m[48;2;92;104;108m▀[38;2;80;88;96m[48;2;88;96;100m▀[38;2;72;80;84m[48;2;80;88;92m▀[38;2;76;84;88m[48;2;76;88;92m▀[38;2;84;92;100m[48;2;76;84;92m▀[38;2;80;88;88m[48;2;80;84;88m▀[38;2;72;72;76m▀[38;2;72;72;72m[48;2;80;80;84m▀[38;2;64;64;64m[48;2;80;84;84m▀[38;2;56;56;56m[48;2;76;80;84m▀[38;2;52;52;52m[48;2;84;84;88m▀[48;2;88;92;92m▀[38;2;56;56;52m[48;2;88;88;88m▀[38;2;52;52;48m[48;2;72;72;72m▀[38;2;48;48;44m[48;2;68;68;68m▀[38;2;64;64;60m[48;2;64;64;60m▀[38;2;76;72;68m[48;2;68;64;64m▀[38;2;84;84;80m[48;2;100;96;96m▀[38;2;100;96;96m[48;2;184;168;156m▀[38;2;148;140;140m[48;2;255;196;168m▀[38;2;172;144;128m[48;2;255;168;124m▀[38;2;156;140;128m[48;2;255;172;132m▀[38;2;132;132;132m[48;2;204;164;144m▀[38;2;128;132;128m[48;2;180;168;160m▀[38;2;152;152;148m[48;2;224;196;184m▀[38;2;152;156;152m[48;2;232;204;184m▀[38;2;144;144;140m[48;2;160;152;144m▀[38;2;132;132;132m[48;2;124;124;124m▀[38;2;116;120;120m[48;2;128;132;128m▀[38;2;104;108;112m[48;2;120;124;128m▀[38;2;100;104;104m[48;2;100;112;116m▀[38;2;92;100;104m[48;2;92;104;108m▀[38;2;88;96;100m[48;2;84;96;100m▀[38;2;80;92;96m[48;2;88;100;104m▀[38;2;72;80;88m[48;2;84;96;100m▀[38;2;68;76;80m[48;2;84;96;96m▀[38;2;60;68;72m[48;2;80;92;92m▀[38;2;60;68;68m[48;2;76;88;88m▀[38;2;72;76;80m[48;2;84;92;96m▀[38;2;80;84;84m[48;2;92;96;100m▀[38;2;72;76;76m[48;2;92;92;96m▀[48;2;92;96;96m▀[38;2;60;64;64m[48;2;84;88;84m▀[38;2;56;56;56m[48;2;72;72;76m▀[38;2;44;44;48m[48;2;64;68;72m▀[38;2;32;36;36m[48;2;56;56;60m▀[38;2;32;32;36m[48;2;44;48;48m▀[38;2;28;28;28m[48;2;36;36;40m▀[48;2;32;32;36m▀[48;2;32;32;32m▀[38;2;24;24;24m[48;2;28;28;32m▀[38;2;28;28;28m[48;2;28;28;28m▀[48;2;24;28;28m▀[38;2;24;24;24m[48;2;28;28;28m▀[38;2;20;20;20m[48;2;28;28;24m▀[48;2;24;24;24m▀[48;2;20;20;24m▀[48;2;20;20;20m▀[38;2;24;24;24m▀[38;2;28;28;28m▀[38;2;24;24;24m▀[38;2;12;12;12m[48;2;12;12;12m▀[38;2;4;4;4m▀[38;2;0;0;0m[48;2;8;8;8m▀[48;2;4;4;4m▀▀[48;2;0;0;0m▀▀▀▀▀[0m
[38;2;40;44;44m[48;2;32;36;36m▀[38;2;36;36;40m[48;2;36;36;40m▀[38;2;40;40;44m[48;2;40;44;44m▀[38;2;52;56;60m[48;2;44;44;48m▀[38;2;56;64;68m[48;2;44;48;52m▀[38;2;60;68;72m[48;2;52;52;56m▀[38;2;68;72;76m[48;2;56;56;60m▀[38;2;72;80;84m[48;2;64;64;68m▀[48;2;64;68;72m▀[38;2;72;76;80m[48;2;60;64;68m▀[38;2;76;76;80m[48;2;64;64;68m▀[38;2;76;80;88m[48;2;68;68;72m▀[38;2;80;92;96m[48;2;84;88;92m▀[38;2;84;92;100m[48;2;96;108;112m▀[38;2;76;84;88m[48;2;104;108;116m▀[48;2;96;100;104m▀[38;2;80;84;88m[48;2;96;96;96m▀[38;2;84;88;88m[48;2;92;92;92m▀[38;2;88;92;92m[48;2;92;96;92m▀[38;2;96;100;100m[48;2;88;92;92m▀[38;2;104;104;104m[48;2;88;88;88m▀[48;2;92;92;88m▀[38;2;80;80;80m[48;2;80;80;76m▀[38;2;68;64;64m[48;2;68;68;64m▀[38;2;64;60;60m[48;2;96;92;92m▀[38;2;76;72;72m[48;2;140;132;128m▀[38;2;136;132;128m[48;2;200;168;156m▀[38;2;220;172;152m[48;2;228;156;132m▀[38;2;240;136;92m[48;2;248;116;80m▀[38;2;236;132;88m[48;2;248;120;80m▀[38;2;236;144;100m[48;2;232;136;96m▀[38;2;252;164;120m[48;2;224;140;100m▀[38;2;232;168;136m[48;2;236;156;112m▀[38;2;196;148;124m[48;2;208;136;100m▀[38;2;228;164;124m[48;2;192;132;100m▀[38;2;184;160;144m[48;2;216;188;168m▀[38;2;132;136;132m[48;2;172;172;168m▀[38;2;144;144;140m[48;2;160;160;156m▀[38;2;128;132;132m[48;2;140;140;136m▀[38;2;104;112;108m[48;2;100;104;92m▀[38;2;112;116;108m[48;2;92;92;80m▀[38;2;104;112;104m[48;2;92;96;88m▀[38;2;96;100;92m[48;2;92;92;88m▀[38;2;88;96;76m[48;2;88;92;88m▀[38;2;88;92;76m[48;2;88;92;84m▀[38;2;80;80;72m[48;2;84;88;84m▀[38;2;76;84;84m▀[38;2;84;88;92m[48;2;84;88;88m▀[38;2;92;96;92m[48;2;88;92;88m▀[38;2;88;92;92m[48;2;80;84;84m▀[38;2;84;84;84m[48;2;72;76;76m▀[38;2;76;80;76m[48;2;72;72;72m▀[38;2;68;72;72m[48;2;72;72;76m▀[38;2;72;72;76m[48;2;72;76;76m▀[38;2;64;64;68m[48;2;68;72;76m▀[38;2;56;56;60m[48;2;68;68;72m▀[38;2;48;52;56m[48;2;64;64;68m▀[38;2;48;48;52m▀[48;2;68;68;72m▀[38;2;44;44;48m[48;2;64;68;68m▀[48;2;60;64;64m▀[38;2;40;40;44m[48;2;60;60;64m▀[38;2;32;36;36m[48;2;48;52;52m▀[38;2;32;32;32m[48;2;44;44;48m▀[38;2;28;28;32m[48;2;40;44;44m▀[38;2;24;24;28m[48;2;36;36;36m▀[38;2;16;20;20m[48;2;28;28;28m▀[38;2;16;16;20m[48;2;24;24;28m▀[38;2;16;16;16m[48;2;16;16;20m▀[38;2;8;8;8m[48;2;8;8;8m▀[38;2;4;4;4m▀▀[48;2;12;12;12m▀[48;2;8;8;8m▀▀[48;2;4;4;4m▀[38;2;0;0;0m[48;2;0;0;0m▀▀▀▀[0m
[38;2;36;40;44m[48;2;40;44;40m▀[38;2;36;36;36m[48;2;32;36;36m▀[38;2;36;40;40m[48;2;36;36;36m▀[38;2;44;48;52m[48;2;40;44;40m▀[38;2;44;44;48m[48;2;44;44;44m▀[38;2;48;52;52m▀[38;2;60;64;64m[48;2;48;48;48m▀[38;2;68;68;72m[48;2;56;56;56m▀[38;2;72;72;72m[48;2;52;52;52m▀[38;2;80;80;80m[48;2;60;60;60m▀[38;2;80;84;84m[48;2;68;68;68m▀[38;2;76;80;80m▀[38;2;84;88;88m[48;2;68;72;68m▀[38;2;112;116;116m[48;2;72;72;72m▀[38;2;128;128;132m[48;2;80;80;80m▀[38;2;124;124;128m[48;2;88;88;92m▀[38;2;116;120;120m[48;2;104;104;104m▀[38;2;108;108;108m[48;2;116;116;116m▀[38;2;96;96;96m[48;2;120;124;124m▀[38;2;88;88;88m[48;2;120;120;120m▀[48;2;112;112;112m▀[38;2;92;96;92m[48;2;116;116;116m▀[38;2;92;92;88m[48;2;132;132;132m▀[38;2;96;96;92m[48;2;160;160;156m▀[38;2;148;144;144m[48;2;188;184;176m▀[38;2;204;168;148m[48;2;196;148;132m▀[38;2;224;152;128m[48;2;228;172;148m▀[38;2;244;156;124m[48;2;255;156;124m▀[38;2;255;152;112m[48;2;255;144;104m▀[38;2;248;144;104m[48;2;244;180;144m▀[38;2;236;136;96m[48;2;216;164;132m▀[38;2;248;148;108m[48;2;220;164;132m▀[38;2;252;164;120m[48;2;216;152;120m▀[38;2;255;176;136m[48;2;224;132;92m▀[38;2;240;192;164m[48;2;244;148;104m▀[38;2;236;216;200m[48;2;236;188;156m▀[38;2;184;176;168m[48;2;180;172;156m▀[38;2;148;144;140m[48;2;148;148;144m▀[38;2;128;128;124m[48;2;160;156;152m▀[38;2;116;120;116m[48;2;140;140;136m▀[38;2;100;104;104m[48;2;116;120;120m▀[38;2;88;92;92m[48;2;112;116;120m▀[38;2;84;88;88m[48;2;108;112;116m▀[38;2;88;92;88m[48;2;104;108;112m▀[38;2;88;92;84m[48;2;96;100;104m▀[38;2;84;88;80m[48;2;96;96;100m▀[38;2;88;92;88m[48;2;96;100;100m▀[38;2;92;96;92m[48;2;92;96;96m▀[38;2;96;96;96m▀[48;2;92;92;96m▀[38;2;92;96;92m[48;2;92;96;92m▀[38;2;80;80;84m[48;2;84;84;84m▀[48;2;80;80;84m▀[38;2;76;80;84m[48;2;76;76;80m▀[38;2;76;80;80m[48;2;72;72;76m▀[38;2;72;72;76m[48;2;68;72;72m▀[38;2;64;68;72m[48;2;68;68;72m▀[38;2;64;64;68m[48;2;64;68;68m▀[38;2;64;68;68m[48;2;64;64;68m▀[38;2;64;64;68m▀[38;2;60;60;60m[48;2;60;60;60m▀[38;2;56;56;56m[48;2;56;56;60m▀[48;2;60;60;60m▀[38;2;52;52;52m[48;2;56;56;60m▀[38;2;48;48;52m[48;2;52;52;56m▀[38;2;40;40;44m[48;2;44;44;48m▀[38;2;32;32;36m[48;2;40;40;44m▀[38;2;28;28;28m[48;2;40;40;40m▀[38;2;20;20;24m[48;2;32;36;36m▀[38;2;16;16;20m[48;2;28;28;32m▀[38;2;16;16;16m▀[48;2;24;24;28m▀[48;2;24;24;24m▀[48;2;20;20;20m▀[38;2;12;12;12m[48;2;16;16;20m▀[48;2;12;12;12m▀[38;2;4;4;4m▀[38;2;0;0;0m▀[48;2;8;8;8m▀[48;2;12;12;12m▀[0m
[38;2;40;40;40m[48;2;32;36;32m▀[38;2;36;36;36m[48;2;40;40;40m▀[48;2;44;44;44m▀[48;2;48;48;48m▀[38;2;40;40;40m▀[38;2;44;44;44m▀[48;2;48;48;44m▀[38;2;40;40;44m[48;2;40;40;40m▀[38;2;44;44;44m[48;2;44;44;44m▀[38;2;48;48;48m[48;2;48;48;48m▀[38;2;56;56;56m[48;2;52;52;52m▀[48;2;60;60;56m▀[38;2;60;60;60m[48;2;60;60;60m▀▀[38;2;64;64;60m[48;2;64;64;64m▀[38;2;72;72;72m[48;2;68;68;72m▀[38;2;84;84;84m[48;2;88;88;88m▀[38;2;92;92;92m[48;2;96;96;96m▀[38;2;112;112;112m[48;2;100;100;96m▀[38;2;148;148;152m[48;2;124;124;120m▀[38;2;148;148;148m[48;2;140;136;136m▀[38;2;144;144;148m[48;2;152;152;152m▀[38;2;160;160;160m[48;2;172;168;168m▀[38;2;180;180;180m[48;2;176;176;176m▀[38;2;204;192;184m[48;2;212;184;172m▀[38;2;212;184;168m[48;2;220;172;144m▀[38;2;248;180;144m[48;2;252;152;112m▀[38;2;255;148;108m[48;2;255;148;108m▀[38;2;255;160;132m[48;2;248;172;144m▀[38;2;255;188;156m[48;2;248;180;156m▀[38;2;255;184;140m[48;2;255;176;144m▀[38;2;255;160;116m[48;2;255;148;104m▀[38;2;244;144;108m[48;2;255;108;60m▀[38;2;228;140;104m[48;2;255;124;76m▀[38;2;216;100;64m[48;2;244;168;132m▀[38;2;240;140;96m[48;2;240;132;88m▀[38;2;180;168;152m[48;2;216;184;164m▀[38;2;156;156;148m[48;2;176;176;172m▀[38;2;172;172;168m[48;2;176;176;168m▀[38;2;152;152;152m[48;2;156;156;152m▀[38;2;132;136;136m[48;2;136;140;136m▀[38;2;124;128;128m[48;2;124;128;132m▀[38;2;108;116;120m▀[38;2;112;116;120m[48;2;128;132;132m▀[38;2;104;108;108m[48;2;120;124;124m▀[38;2;96;100;104m[48;2;112;116;116m▀[38;2;100;104;104m[48;2;112;112;112m▀[38;2;96;104;100m[48;2;108;108;108m▀[38;2;96;100;100m[48;2;100;100;100m▀[38;2;88;92;92m[48;2;92;92;92m▀[38;2;92;92;92m▀[38;2;88;92;92m▀[38;2;84;84;84m[48;2;84;84;84m▀[38;2;80;80;80m[48;2;76;76;76m▀[38;2;76;76;76m▀[38;2;72;76;76m[48;2;72;76;76m▀[38;2;68;68;72m[48;2;72;76;72m▀[48;2;68;68;72m▀[38;2;68;68;68m[48;2;64;64;68m▀▀[48;2;64;68;68m▀[38;2;64;64;68m[48;2;64;64;64m▀[38;2;60;60;64m[48;2;60;60;64m▀[38;2;56;56;60m[48;2;56;60;60m▀[48;2;52;56;60m▀[38;2;52;52;56m[48;2;48;52;56m▀▀[38;2;48;52;56m[48;2;44;48;52m▀[38;2;48;48;52m[48;2;44;44;48m▀[38;2;44;44;48m▀[38;2;36;40;44m[48;2;40;40;44m▀[38;2;32;36;36m[48;2;36;40;40m▀[38;2;28;28;32m▀[48;2;36;40;44m▀[38;2;24;24;28m[48;2;40;40;44m▀[38;2;16;16;16m[48;2;36;36;40m▀[38;2;12;12;16m[48;2;20;20;24m▀[38;2;12;12;12m[48;2;20;24;24m▀[38;2;8;8;8m[48;2;16;16;16m▀[38;2;8;4;8m[48;2;8;8;8m▀[0m
[38;2;24;24;24m[48;2;20;20;24m▀[38;2;24;28;28m[48;2;20;20;20m▀[38;2;28;32;32m▀[38;2;36;40;40m[48;2;24;28;28m▀[38;2;44;44;44m[48;2;28;32;32m▀[38;2;48;48;48m[48;2;36;36;36m▀[38;2;52;52;52m[48;2;36;40;40m▀[38;2;60;60;56m[48;2;44;48;44m▀[38;2;68;68;60m[48;2;56;56;52m▀[38;2;72;68;60m[48;2;64;64;56m▀[38;2;72;68;64m▀[38;2;80;76;68m[48;2;76;72;64m▀[38;2;80;80;68m[48;2;84;80;64m▀[38;2;80;80;72m▀[48;2;80;76;68m▀[38;2;84;84;80m[48;2;92;92;76m▀[38;2;100;100;92m[48;2;104;100;88m▀[38;2;92;92;88m[48;2;96;96;88m▀[38;2;88;88;88m[48;2;104;100;96m▀[38;2;104;104;100m[48;2;116;116;112m▀[38;2;120;120;116m[48;2;124;124;124m▀[38;2;160;156;156m[48;2;152;152;152m▀[38;2;184;180;180m[48;2;180;180;180m▀[38;2;172;172;172m[48;2;184;184;184m▀[38;2;196;164;152m[48;2;176;152;140m▀[38;2;208;156;132m[48;2;224;196;184m▀[38;2;252;144;108m[48;2;252;156;116m▀[38;2;255;124;76m[48;2;255;120;68m▀[38;2;248;168;120m[48;2;255;152;92m▀[38;2;220;160;124m[48;2;255;172;112m▀[38;2;228;160;128m[48;2;255;176;128m▀[38;2;228;164;136m[48;2;252;188;140m▀[38;2;216;144;116m[48;2;244;212;184m▀[38;2;228;136;96m[48;2;216;176;152m▀[38;2;255;184;144m[48;2;248;172;132m▀[38;2;244;180;144m[48;2;252;204;168m▀[38;2;228;192;172m[48;2;212;200;188m▀[38;2;176;176;168m[48;2;160;160;152m▀[38;2;172;168;160m[48;2;148;148;144m▀[38;2;160;160;152m[48;2;152;152;148m▀[38;2;148;148;144m[48;2;156;156;148m▀[38;2;140;140;140m[48;2;144;144;144m▀[48;2;132;136;136m▀[38;2;136;140;140m[48;2;128;132;132m▀[38;2;132;132;132m[48;2;120;124;120m▀[38;2;124;124;124m[48;2;112;116;112m▀[38;2;116;116;116m[48;2;116;116;112m▀[48;2;116;116;116m▀[38;2;108;108;108m[48;2;108;108;108m▀[38;2;100;100;100m[48;2;104;104;104m▀[38;2;96;96;96m[48;2;100;100;100m▀[38;2;88;88;88m[48;2;96;96;96m▀[38;2;84;84;84m▀[38;2;80;80;84m▀[38;2;80;80;80m[48;2;96;96;92m▀[38;2;88;88;84m[48;2;92;92;92m▀[38;2;84;84;84m▀[38;2;76;76;80m[48;2;80;80;80m▀[38;2;72;72;72m[48;2;68;68;68m▀[38;2;64;64;64m[48;2;60;60;60m▀[48;2;56;56;56m▀[38;2;56;56;56m▀[38;2;52;52;52m▀▀[38;2;48;48;48m[48;2;52;52;52m▀[48;2;48;52;48m▀[38;2;48;48;52m▀[38;2;48;48;48m[48;2;48;48;48m▀[38;2;44;44;48m[48;2;48;48;52m▀▀[38;2;44;48;52m▀[48;2;48;52;56m▀[38;2;48;48;52m[48;2;52;56;60m▀▀[38;2;52;52;56m[48;2;52;56;64m▀[38;2;52;52;60m[48;2;56;64;72m▀[38;2;36;40;44m[48;2;56;64;68m▀[38;2;32;36;36m[48;2;44;48;52m▀[38;2;36;36;40m[48;2;48;48;52m▀[38;2;28;28;28m[48;2;44;44;48m▀[0m
[38;2;12;12;12m[48;2;8;8;8m▀[38;2;12;12;8m▀[38;2;12;12;12m▀[38;2;20;20;20m[48;2;12;12;12m▀[38;2;24;24;24m▀▀[38;2;28;28;28m[48;2;20;20;20m▀[38;2;36;36;36m[48;2;32;32;32m▀▀[38;2;40;40;40m[48;2;40;40;40m▀[38;2;48;48;48m[48;2;44;44;44m▀[38;2;56;56;52m[48;2;52;52;48m▀[38;2;68;64;60m[48;2;60;60;56m▀[38;2;76;72;64m[48;2;76;72;68m▀[38;2;76;76;68m[48;2;80;80;72m▀[38;2;80;80;72m[48;2;84;80;76m▀[38;2;88;84;80m[48;2;88;88;80m▀[38;2;92;92;84m[48;2;92;88;84m▀[38;2;100;100;96m[48;2;96;96;88m▀[38;2;108;104;104m[48;2;104;104;104m▀[38;2;108;108;104m[48;2;100;100;96m▀[38;2;128;128;124m[48;2;104;100;100m▀[38;2;160;156;156m[48;2;140;140;136m▀[38;2;200;196;192m[48;2;196;184;180m▀[38;2;200;168;156m[48;2;212;152;124m▀[38;2;232;192;176m[48;2;244;176;140m▀[38;2;252;156;112m[48;2;244;160;116m▀[38;2;255;136;80m[48;2;248;160;116m▀[38;2;248;148;96m[48;2;248;180;136m▀[38;2;244;148;100m[48;2;180;128;104m▀[38;2;255;160;100m[48;2;176;112;76m▀[38;2;255;164;112m[48;2;236;144;92m▀[38;2;255;184;128m[48;2;255;168;108m▀[38;2;240;192;152m[48;2;240;136;76m▀[38;2;204;148;116m[48;2;212;128;80m▀[38;2;240;192;164m[48;2;184;148;132m▀[38;2;228;216;196m[48;2;216;204;188m▀[38;2;192;188;176m[48;2;204;200;188m▀[38;2;180;180;172m[48;2;188;184;176m▀[38;2;176;176;168m[48;2;172;172;164m▀[38;2;164;164;160m[48;2;168;168;160m▀[38;2;148;152;148m[48;2;164;164;156m▀[38;2;128;132;128m[48;2;132;132;132m▀[38;2;120;124;124m[48;2;124;124;124m▀[38;2;116;120;116m[48;2;128;128;128m▀[38;2;112;112;112m[48;2;124;128;128m▀[38;2;120;120;116m[48;2;124;128;124m▀[38;2;124;124;120m[48;2;128;128;124m▀[38;2;116;116;112m[48;2;120;120;116m▀[38;2;112;112;112m▀[38;2;112;112;108m[48;2;116;116;112m▀[38;2;112;108;108m[48;2;112;112;108m▀[38;2;104;104;104m[48;2;108;108;104m▀[38;2;100;100;96m[48;2;100;100;100m▀[48;2;96;96;96m▀[38;2;96;96;92m[48;2;92;92;88m▀[48;2;96;96;92m▀[38;2;92;88;88m▀[38;2;68;68;68m[48;2;84;84;84m▀[38;2;68;68;64m[48;2;80;80;80m▀▀[38;2;72;68;68m[48;2;76;76;76m▀[38;2;64;64;64m[48;2;72;72;72m▀[38;2;60;60;60m[48;2;76;76;72m▀[48;2;72;72;72m▀[38;2;56;56;56m[48;2;72;76;76m▀[38;2;52;52;56m[48;2;76;80;80m▀[38;2;56;56;60m[48;2;72;76;80m▀[38;2;56;60;64m[48;2;68;76;80m▀[38;2;60;60;64m[48;2;72;76;84m▀[38;2;60;64;68m[48;2;72;80;88m▀[38;2;60;68;76m▀[38;2;64;72;76m▀[38;2;68;76;84m▀[38;2;72;80;88m[48;2;68;80;88m▀[38;2;68;80;88m[48;2;64;68;76m▀[38;2;64;68;76m[48;2;48;56;64m▀[38;2;52;56;64m[48;2;48;64;72m▀[38;2;36;44;52m[48;2;64;76;84m▀[48;2;72;76;80m▀[0m
[38;2;0;0;0m[48;2;144;144;148m▀[48;2;132;132;140m▀[48;2;104;104;112m▀[48;2;116;120;128m▀[38;2;4;4;8m[48;2;184;184;192m▀[38;2;4;4;4m[48;2;164;168;172m▀[38;2;0;0;0m[48;2;152;156;160m▀[48;2;84;84;84m▀[38;2;20;20;20m[48;2;0;0;0m▀[38;2;28;28;28m[48;2;8;8;8m▀[38;2;32;32;32m[48;2;24;24;24m▀[38;2;40;40;40m[48;2;28;28;28m▀[38;2;52;52;52m[48;2;32;32;32m▀[48;2;40;40;40m▀[38;2;56;56;52m[48;2;44;44;44m▀[38;2;68;68;64m[48;2;52;52;52m▀[38;2;88;88;80m[48;2;64;64;64m▀[38;2;96;96;92m[48;2;80;80;80m▀[38;2;104;104;96m▀[38;2;116;116;112m[48;2;88;88;84m▀[38;2;112;112;112m[48;2;100;100;100m▀[38;2;116;116;112m[48;2;144;140;144m▀[38;2;168;172;172m[48;2;204;204;200m▀[38;2;192;176;168m[48;2;216;188;180m▀[38;2;216;152;124m[48;2;224;172;152m▀[38;2;252;168;128m[48;2;244;160;116m▀[38;2;228;148;104m[48;2;255;180;128m▀[38;2;236;160;120m[48;2;255;156;100m▀[38;2;248;164;116m[48;2;255;144;80m▀[38;2;240;172;128m[48;2;228;148;104m▀[38;2;88;72;60m[48;2;72;44;36m▀[38;2;72;44;32m[48;2;76;24;20m▀[38;2;136;84;60m[48;2;72;28;24m▀[38;2;220;112;56m[48;2;96;44;28m▀[38;2;236;136;92m[48;2;156;88;64m▀[38;2;204;144;124m[48;2;124;76;60m▀[38;2;140;100;88m[48;2;100;40;32m▀[38;2;220;212;196m[48;2;176;148;132m▀[38;2;176;176;164m[48;2;208;208;192m▀[38;2;168;168;156m[48;2;184;184;164m▀[38;2;164;164;152m[48;2;172;172;152m▀[48;2;172;168;156m▀[38;2;148;148;140m[48;2;168;168;156m▀[38;2;136;136;132m[48;2;152;156;144m▀[38;2;140;140;132m[48;2;140;144;136m▀[38;2;132;132;128m[48;2;136;136;128m▀[38;2;124;128;120m[48;2;128;132;124m▀[38;2;128;132;124m▀[38;2;128;128;120m[48;2;128;128;120m▀▀[38;2;124;124;120m[48;2;140;140;132m▀[38;2;120;120;116m[48;2;124;124;112m▀[38;2;112;112;108m[48;2;116;116;104m▀[38;2;104;104;100m▀[38;2;100;100;96m[48;2;112;112;100m▀[38;2;96;96;96m[48;2;112;108;96m▀[38;2;100;100;96m[48;2;112;108;92m▀[48;2;116;112;96m▀[48;2;116;116;96m▀[48;2;116;112;96m▀[48;2;108;104;88m▀[48;2;104;104;88m▀[38;2;96;100;96m[48;2;104;104;92m▀[38;2;100;100;100m[48;2;100;100;100m▀[38;2;104;104;104m[48;2;104;104;104m▀[48;2;100;100;104m▀[38;2;100;100;100m[48;2;96;100;104m▀[38;2;84;88;96m[48;2;88;92;100m▀[38;2;80;84;88m[48;2;76;84;88m▀[38;2;76;80;88m[48;2;68;76;84m▀[48;2;64;76;84m▀[48;2;64;80;84m▀[48;2;56;76;84m▀[38;2;64;72;80m[48;2;76;88;100m▀[38;2;52;64;72m[48;2;108;116;124m▀[38;2;40;56;64m[48;2;104;112;120m▀[38;2;64;76;88m[48;2;180;148;152m▀[38;2;168;148;148m[48;2;196;92;80m▀[38;2;192;136;136m[48;2;180;88;76m▀[38;2;180;76;64m[48;2;184;52;40m▀[0m
[38;2;220;220;220m[48;2;208;208;208m▀[38;2;224;224;228m[48;2;212;208;216m▀[38;2;228;228;232m[48;2;208;208;212m▀[38;2;208;208;216m[48;2;200;200;200m▀[38;2;180;180;184m[48;2;192;192;196m▀[38;2;168;168;176m[48;2;200;200;204m▀[38;2;172;172;176m[48;2;196;196;200m▀[38;2;176;176;180m[48;2;188;188;192m▀[38;2;100;100;100m[48;2;192;192;196m▀[38;2;44;44;44m[48;2;192;192;200m▀[38;2;8;8;8m[48;2;168;168;168m▀[38;2;12;12;12m[48;2;48;48;48m▀[38;2;32;32;32m[48;2;20;20;20m▀[38;2;40;40;40m[48;2;40;40;40m▀[38;2;44;44;44m[48;2;36;36;40m▀[38;2;52;52;52m[48;2;40;40;40m▀[38;2;56;56;56m[48;2;44;44;44m▀[38;2;60;60;60m[48;2;52;52;52m▀[38;2;60;64;64m[48;2;64;64;64m▀[38;2;68;68;68m[48;2;80;80;80m▀[38;2;84;84;84m[48;2;100;100;100m▀[38;2;144;144;144m[48;2;152;152;156m▀[38;2;208;208;208m[48;2;212;212;212m▀[38;2;240;208;188m[48;2;212;176;156m▀[38;2;224;160;128m[48;2;216;140;96m▀[38;2;236;148;104m[48;2;232;144;96m▀[38;2;255;172;120m[48;2;252;176;128m▀[38;2;252;148;88m[48;2;255;192;148m▀[38;2;255;172;112m[48;2;228;168;128m▀[38;2;180;132;104m[48;2;120;88;76m▀[38;2;80;36;28m[48;2;108;56;48m▀[38;2;108;36;28m[48;2;108;44;32m▀[38;2;112;44;36m[48;2;112;56;48m▀[38;2;96;40;32m[48;2;132;80;76m▀[38;2;96;40;36m[48;2;136;76;64m▀[38;2;100;32;28m[48;2;116;56;44m▀[38;2;116;52;44m[48;2;124;64;56m▀[38;2;116;56;48m[48;2;104;36;28m▀[38;2;188;172;160m[48;2;140;104;92m▀[38;2;180;184;172m[48;2;196;204;192m▀[38;2;176;176;164m[48;2;188;188;176m▀[38;2;188;184;172m[48;2;192;196;180m▀[38;2;192;192;176m[48;2;192;192;176m▀[38;2;184;184;172m[48;2;188;188;168m▀[38;2;168;168;160m[48;2;180;180;160m▀[38;2;156;160;148m[48;2;172;176;160m▀[38;2;152;156;144m[48;2;180;184;168m▀[48;2;184;184;168m▀[38;2;148;148;136m[48;2;176;176;160m▀[38;2;148;148;132m[48;2;172;172;152m▀[38;2;136;136;120m[48;2;168;164;136m▀[38;2;132;128;100m[48;2;164;160;124m▀[38;2;128;124;88m[48;2;160;156;120m▀[38;2;128;120;80m[48;2;156;156;112m▀[38;2;124;120;72m[48;2;152;148;108m▀[38;2;124;116;72m[48;2;148;144;104m▀[48;2;148;144;108m▀[38;2;128;124;80m[48;2;140;140;112m▀[38;2;128;124;84m[48;2;136;136;112m▀[38;2;128;120;76m[48;2;128;132;112m▀[38;2;120;112;84m[48;2;124;128;116m▀[38;2;112;112;92m[48;2;120;124;124m▀[38;2;112;112;104m[48;2;108;116;120m▀[38;2;104;108;112m[48;2;96;104;112m▀[38;2;92;96;104m[48;2;112;116;124m▀[48;2;144;144;148m▀[38;2;100;104;108m[48;2;160;144;144m▀[48;2;208;164;164m▀[38;2;124;124;128m[48;2;244;180;176m▀[38;2;148;140;144m[48;2;248;152;144m▀[38;2;144;124;128m[48;2;240;104;88m▀[38;2;156;128;132m[48;2;228;132;124m▀[38;2;168;136;136m[48;2;196;64;40m▀[38;2;204;124;120m[48;2;184;40;16m▀[38;2;212;100;80m[48;2;172;24;0m▀[38;2;200;88;72m▀[38;2;196;96;80m[48;2;176;28;4m▀[38;2;184;56;36m[48;2;176;36;12m▀[38;2;180;80;68m[48;2;172;72;60m▀[38;2;184;64;48m[48;2;168;48;32m▀[0m
[38;2;216;216;220m[48;2;204;200;204m▀[38;2;208;208;208m[48;2;152;152;152m▀[38;2;180;180;184m[48;2;136;136;144m▀[38;2;164;164;168m[48;2;164;164;168m▀[38;2;168;168;176m[48;2;196;196;200m▀[38;2;208;208;212m[48;2;228;228;228m▀[38;2;240;240;236m[48;2;232;232;228m▀[38;2;236;236;236m[48;2;168;168;168m▀[38;2;212;212;212m[48;2;156;156;164m▀[38;2;196;196;200m[48;2;180;180;184m▀[38;2;220;220;220m[48;2;188;188;192m▀[38;2;212;208;208m[48;2;196;196;196m▀[38;2;68;68;68m[48;2;180;180;180m▀[38;2;32;32;32m[48;2;56;56;56m▀[38;2;40;44;40m[48;2;52;52;52m▀[38;2;48;48;48m[48;2;60;60;60m▀[38;2;52;52;52m[48;2;64;68;64m▀[38;2;64;64;64m[48;2;72;76;76m▀[38;2;72;72;72m[48;2;76;76;80m▀[38;2;80;80;80m[48;2;88;88;92m▀[38;2;96;96;96m[48;2;104;104;108m▀[38;2;136;136;136m[48;2;140;140;144m▀[38;2;200;204;208m[48;2;200;204;208m▀[38;2;208;176;152m[48;2;204;176;156m▀[38;2;216;132;80m[48;2;196;108;56m▀[38;2;224;132;80m[48;2;220;124;72m▀[38;2;244;168;120m[48;2;236;144;92m▀[38;2;244;192;156m[48;2;244;172;128m▀[38;2;160;116;92m[48;2;200;132;96m▀[38;2;92;68;52m[48;2;172;100;64m▀[38;2;100;60;52m[48;2;76;48;36m▀[38;2;128;68;56m[48;2;84;40;32m▀[38;2;116;64;56m[48;2;108;48;40m▀[38;2;136;76;68m[48;2;144;92;84m▀[38;2;160;96;92m[48;2;160;108;100m▀[38;2;132;72;60m[48;2;128;64;56m▀[38;2;112;48;40m[48;2;120;48;40m▀[38;2;104;36;28m[48;2;104;32;20m▀[38;2;144;100;88m[48;2;180;148;136m▀[38;2;184;184;172m[48;2;188;188;176m▀[38;2;184;180;164m[48;2;188;184;152m▀[38;2;188;188;160m[48;2;192;184;136m▀[38;2;188;184;156m[48;2;192;180;128m▀[38;2;188;184;152m[48;2;192;184;124m▀[38;2;184;184;144m[48;2;188;180;116m▀[38;2;184;184;148m[48;2;184;176;112m▀[38;2;188;188;152m[48;2;172;164;100m▀[38;2;188;188;140m[48;2;164;156;92m▀[38;2;192;184;136m[48;2;168;160;92m▀[38;2;192;188;148m[48;2;164;156;92m▀[38;2;188;188;152m[48;2;164;156;96m▀[38;2;176;176;144m[48;2;160;160;112m▀[48;2;156;156;116m▀[38;2;172;172;140m[48;2;152;156;124m▀[38;2;164;164;136m[48;2;148;156;132m▀[38;2;156;156;128m[48;2;144;152;140m▀[38;2;152;156;140m[48;2;140;152;148m▀[38;2;144;148;140m[48;2;140;152;152m▀[38;2;136;144;136m[48;2;140;156;160m▀[38;2;132;140;140m[48;2;132;144;152m▀[38;2;136;140;144m[48;2;132;140;148m▀[38;2;124;132;136m[48;2;152;156;164m▀[38;2;116;120;128m[48;2;208;192;192m▀[38;2;176;168;168m[48;2;252;188;180m▀[38;2;232;200;200m[48;2;244;128;116m▀[38;2;244;172;168m[48;2;216;52;32m▀[38;2;244;164;160m[48;2;224;60;36m▀[38;2;232;104;88m[48;2;232;60;36m▀[38;2;236;108;96m[48;2;236;92;80m▀[38;2;228;56;36m[48;2;232;48;28m▀[38;2;212;48;24m[48;2;224;40;12m▀[38;2;204;72;52m[48;2;220;48;16m▀[38;2;176;24;0m[48;2;196;36;8m▀[38;2;176;36;8m[48;2;180;28;4m▀[38;2;176;32;4m▀[48;2;180;28;0m▀[38;2;176;28;4m[48;2;184;28;4m▀[38;2;160;20;0m[48;2;176;24;0m▀[38;2;168;64;48m[48;2;176;40;16m▀[38;2;172;52;36m[48;2;176;44;20m▀[0m
[38;2;152;152;156m[48;2;160;160;164m▀[38;2;132;136;140m[48;2;164;164;172m▀[38;2;180;176;184m[48;2;196;196;200m▀[38;2;200;200;204m[48;2;204;204;208m▀[38;2;216;216;220m[48;2;220;220;224m▀[38;2;236;232;232m[48;2;212;212;212m▀[38;2;184;180;184m[48;2;168;168;176m▀[38;2;164;164;172m[48;2;216;216;216m▀[38;2;212;212;216m[48;2;232;232;232m▀[38;2;232;232;236m[48;2;240;240;240m▀[38;2;224;224;224m[48;2;180;180;180m▀[38;2;196;192;196m[48;2;148;148;144m▀[38;2;220;216;220m[48;2;172;168;164m▀[38;2;184;184;184m[48;2;224;220;216m▀[38;2;80;80;84m[48;2;176;172;176m▀[48;2;80;80;80m▀[38;2;88;88;92m[48;2;92;96;100m▀[38;2;84;88;92m[48;2;104;108;112m▀[38;2;84;88;88m[48;2;96;100;100m▀[38;2;100;100;104m[48;2;100;104;104m▀[38;2;120;120;124m[48;2;120;124;128m▀[38;2;148;148;148m[48;2;156;160;164m▀[38;2;200;200;204m[48;2;196;196;200m▀[38;2;192;180;168m[48;2;208;208;208m▀[38;2;168;104;68m[48;2;136;100;80m▀[38;2;212;140;100m[48;2;200;140;108m▀[38;2;200;128;88m[48;2;216;156;128m▀[38;2;176;112;76m[48;2;208;152;120m▀[38;2;156;96;60m[48;2;208;148;116m▀[38;2;144;80;44m[48;2;164;84;48m▀[38;2;152;96;64m[48;2;152;88;48m▀[38;2;84;56;48m[48;2;92;56;40m▀[38;2;104;44;36m[48;2;104;36;28m▀[38;2;128;64;56m[48;2;104;36;24m▀[38;2;148;92;84m[48;2;112;44;40m▀[38;2;128;60;52m[48;2;132;68;60m▀[38;2;136;68;60m[48;2;144;76;68m▀[38;2;96;24;16m[48;2;92;20;8m▀[38;2;160;112;100m[48;2;140;80;68m▀[38;2;196;196;172m[48;2;208;200;172m▀[38;2;184;180;148m[48;2;192;196;172m▀[38;2;188;188;156m[48;2;204;204;184m▀[38;2;188;188;152m▀[38;2;180;180;148m[48;2;184;188;164m▀[38;2;180;180;136m[48;2;180;180;144m▀[38;2;180;176;124m[48;2;176;176;128m▀[38;2;168;164;112m[48;2;164;164;120m▀[38;2;160;156;104m[48;2;144;148;112m▀[38;2;156;156;104m[48;2;140;144;112m▀[38;2;160;160;116m[48;2;140;144;116m▀[38;2;152;156;120m[48;2;136;140;116m▀[38;2;148;152;112m[48;2;132;136;112m▀[38;2;144;148;116m[48;2;136;144;128m▀[38;2;140;144;124m[48;2;132;140;140m▀[38;2;140;144;132m[48;2;128;140;144m▀[38;2;136;148;148m[48;2;132;148;156m▀[38;2;136;156;164m▀[38;2;124;140;152m[48;2;120;132;140m▀[38;2;112;128;140m[48;2;128;132;140m▀[38;2;112;124;132m[48;2;184;192;192m▀[38;2;144;152;160m[48;2;248;208;208m▀[38;2;232;220;216m[48;2;255;180;176m▀[38;2;244;180;176m[48;2;228;112;100m▀[38;2;228;112;100m[48;2;232;56;36m▀[38;2;224;40;16m[48;2;232;44;20m▀[38;2;216;24;0m[48;2;232;36;12m▀[38;2;236;40;16m[48;2;244;48;28m▀[38;2;244;40;16m[48;2;240;44;20m▀[38;2;240;68;48m[48;2;240;44;24m▀[38;2;232;48;28m[48;2;236;44;28m▀[38;2;232;40;12m[48;2;228;40;16m▀[38;2;228;40;12m[48;2;224;36;12m▀[38;2;212;36;8m[48;2;224;40;12m▀[38;2;192;28;0m[48;2;204;32;4m▀[38;2;184;24;0m[48;2;200;32;4m▀[38;2;184;28;4m[48;2;196;28;4m▀[38;2;184;28;0m[48;2;188;24;0m▀[38;2;180;20;0m[48;2;172;12;0m▀[38;2;176;20;0m[48;2;168;16;0m▀[38;2;176;28;4m[48;2;176;28;4m▀[0m
[38;2;176;176;176m[48;2;184;184;184m▀[38;2;180;176;184m[48;2;184;184;188m▀[38;2;200;200;204m[48;2;204;204;208m▀[38;2;208;208;212m[48;2;212;212;216m▀[38;2;228;228;228m[48;2;228;228;228m▀[38;2;196;196;196m[48;2;204;204;204m▀[38;2;184;184;188m[48;2;196;196;196m▀[38;2;228;228;228m[48;2;240;236;236m▀[38;2;240;240;240m[48;2;236;236;236m▀[48;2;224;224;224m▀[38;2;236;236;236m[48;2;200;200;204m▀[38;2;216;216;220m[48;2;188;188;192m▀[38;2;220;220;220m[48;2;188;188;188m▀[38;2;228;224;224m[48;2;180;180;184m▀[38;2;232;232;232m[48;2;212;212;212m▀[38;2;104;108;108m[48;2;188;192;192m▀[38;2;80;84;84m[48;2;88;92;96m▀[38;2;104;108;112m[48;2;100;100;100m▀[38;2;104;104;108m[48;2;100;104;108m▀[48;2;96;100;104m▀[38;2;112;116;120m[48;2;108;112;116m▀[38;2;132;136;140m[48;2;140;140;140m▀[38;2;180;184;188m[48;2;168;168;160m▀[38;2;224;224;228m[48;2;180;180;172m▀[38;2;172;168;164m[48;2;204;204;196m▀[38;2;144;84;52m[48;2;172;120;92m▀[38;2;212;144;104m[48;2;204;136;104m▀[38;2;220;152;124m[48;2;232;176;152m▀[38;2;240;172;136m[48;2;240;168;128m▀[38;2;240;112;64m[48;2;255;144;92m▀[38;2;192;84;40m[48;2;232;88;40m▀[38;2;152;92;64m[48;2;220;128;84m▀[38;2;100;32;24m[48;2;112;44;36m▀[38;2;100;28;20m[48;2;100;28;20m▀[38;2;112;44;36m[48;2;132;68;60m▀[38;2;140;76;64m[48;2;124;64;60m▀[38;2;152;84;76m[48;2;144;84;72m▀[38;2;120;56;52m[48;2;124;64;56m▀[38;2;136;76;68m[48;2;132;72;64m▀[38;2;220;204;188m[48;2;204;188;168m▀[38;2;216;220;204m[48;2;200;204;196m▀[38;2;224;220;200m[48;2;208;212;200m▀[38;2;204;204;180m[48;2;200;200;188m▀[38;2;172;176;152m[48;2;172;176;164m▀[38;2;164;164;140m[48;2;160;164;144m▀[38;2;160;164;136m[48;2;148;152;128m▀[38;2;148;152;128m[48;2;140;148;132m▀[38;2;132;140;128m[48;2;144;152;140m▀[38;2;132;136;128m[48;2;144;152;144m▀[38;2;128;136;128m▀[38;2;128;136;132m[48;2;144;152;148m▀[38;2;120;132;132m[48;2;152;160;160m▀[38;2;132;144;144m[48;2;156;168;164m▀[38;2;136;152;156m[48;2;144;164;168m▀[38;2;132;148;156m[48;2;128;144;156m▀[38;2;128;144;156m[48;2;136;144;152m▀[38;2;136;144;148m[48;2;180;188;192m▀[38;2;168;176;176m[48;2;228;204;196m▀[38;2;204;208;212m[48;2;228;160;148m▀[38;2;248;212;212m[48;2;232;140;128m▀[38;2;248;132;116m[48;2;232;120;108m▀[38;2;248;108;88m[48;2;224;76;52m▀[38;2;224;80;60m[48;2;232;76;52m▀[38;2;228;44;16m[48;2;236;44;20m▀[38;2;228;56;32m[48;2;228;52;28m▀[38;2;224;40;20m[48;2;220;48;28m▀[38;2;236;48;28m[48;2;232;52;36m▀[38;2;232;40;24m[48;2;232;40;24m▀[38;2;236;24;4m[48;2;240;28;8m▀[38;2;232;36;16m[48;2;232;36;16m▀[38;2;228;48;28m[48;2;228;52;32m▀[38;2;228;40;20m[48;2;228;44;24m▀[38;2;224;40;12m[48;2;228;36;12m▀[38;2;212;36;8m[48;2;216;36;8m▀[48;2;212;32;8m▀[38;2;204;24;4m[48;2;216;32;8m▀[38;2;196;16;0m[48;2;204;20;4m▀[38;2;176;12;0m[48;2;176;12;0m▀[38;2;164;12;0m[48;2;176;16;0m▀[38;2;176;24;4m[48;2;180;24;4m▀[0m
[38;2;184;184;184m[48;2;180;180;180m▀[38;2;192;192;192m[48;2;188;188;188m▀[38;2;216;212;212m[48;2;208;204;208m▀[38;2;220;220;220m[48;2;224;220;220m▀[38;2;224;224;224m[48;2;228;224;224m▀[38;2;228;228;228m[48;2;220;216;216m▀[38;2;220;220;220m[48;2;212;212;212m▀[38;2;224;224;224m▀[38;2;220;220;220m[48;2;224;228;228m▀[38;2;216;216;216m[48;2;216;216;216m▀[38;2;192;192;196m[48;2;188;188;192m▀[38;2;180;180;184m[48;2;212;212;212m▀[38;2;184;184;188m[48;2;236;236;236m▀[38;2;200;196;200m[48;2;244;244;244m▀[38;2;208;208;208m[48;2;220;220;220m▀[38;2;232;232;232m[48;2;248;248;248m▀[38;2;120;124;128m[48;2;160;168;172m▀[38;2;76;80;84m[48;2;88;100;104m▀[38;2;108;108;108m[48;2;120;120;120m▀[38;2;112;116;116m[48;2;128;128;120m▀[38;2;120;120;120m[48;2;128;132;112m▀[38;2;128;128;128m[48;2;132;128;116m▀[38;2;148;148;144m[48;2;132;136;128m▀[38;2;156;156;148m[48;2;144;144;136m▀[38;2;180;176;160m[48;2;156;156;148m▀[38;2;192;184;172m[48;2;176;176;156m▀[38;2;172;112;76m[48;2;168;136;108m▀[38;2;232;140;88m[48;2;208;104;48m▀[38;2;252;164;116m[48;2;255;148;88m▀[38;2;255;168;120m[48;2;255;164;120m▀[38;2;240;120;68m[48;2;248;160;112m▀[38;2;176;96;64m[48;2;152;88;72m▀[38;2;108;40;32m[48;2;100;32;24m▀[38;2;104;36;32m[48;2;124;64;52m▀[38;2;140;84;76m[48;2;148;84;72m▀[38;2;148;88;80m[48;2;152;88;76m▀[38;2;132;68;60m[48;2;128;64;56m▀[38;2;92;24;16m[48;2;100;28;20m▀[38;2;104;48;36m[48;2;104;52;44m▀[38;2;180;176;160m[48;2;176;176;164m▀[38;2;196;200;192m[48;2;200;200;192m▀[38;2;192;196;188m[48;2;196;200;188m▀[38;2;196;200;192m[48;2;192;196;180m▀[38;2;188;196;192m[48;2;184;188;176m▀[38;2;180;184;176m[48;2;180;188;176m▀[38;2;172;180;164m[48;2;172;180;168m▀[38;2;164;168;156m[48;2;160;164;156m▀[48;2;148;152;148m▀[38;2;164;168;160m[48;2;140;148;144m▀[48;2;148;156;152m▀[48;2;164;168;168m▀[38;2;152;164;168m[48;2;148;156;160m▀[38;2;136;148;156m[48;2;128;140;148m▀[38;2;116;136;144m[48;2;136;148;156m▀[38;2;132;144;148m[48;2;204;212;212m▀[38;2;200;204;200m[48;2;240;204;200m▀[38;2;236;208;204m[48;2;216;112;96m▀[38;2;208;120;108m[48;2;224;104;84m▀[38;2;188;72;52m[48;2;240;96;72m▀[38;2;184;48;20m[48;2;240;72;48m▀[38;2;216;92;68m[48;2;200;56;28m▀[38;2;216;76;52m[48;2;208;64;36m▀[38;2;220;64;36m[48;2;220;64;40m▀[38;2;212;48;24m[48;2;200;56;32m▀[38;2;224;44;24m[48;2;216;44;20m▀[38;2;216;52;36m[48;2;220;56;40m▀[38;2;232;60;48m[48;2;228;68;60m▀[38;2;236;36;24m[48;2;244;32;20m▀[38;2;240;28;8m[48;2;236;28;8m▀[38;2;232;40;20m[48;2;232;40;20m▀[38;2;228;52;32m[48;2;232;52;32m▀[38;2;224;44;24m[48;2;224;44;24m▀[38;2;224;40;16m[48;2;220;36;16m▀[38;2;216;32;8m[48;2;216;32;8m▀[38;2;216;28;4m[48;2;220;28;0m▀[38;2;216;32;8m[48;2;212;28;0m▀[38;2;204;24;4m[48;2;208;20;0m▀[38;2;192;16;0m[48;2;196;20;0m▀[38;2;192;20;0m[48;2;196;24;0m▀[38;2;188;28;0m[48;2;192;28;4m▀[0m
[38;2;176;172;176m[48;2;180;176;180m▀[38;2;192;192;192m[48;2;196;196;196m▀[38;2;204;204;204m[48;2;192;188;188m▀[38;2;212;208;212m[48;2;184;180;180m▀[38;2;208;204;204m[48;2;192;188;192m▀[38;2;196;196;196m[48;2;204;204;204m▀[38;2;212;212;212m[48;2;224;220;220m▀[38;2;232;232;232m[48;2;236;236;236m▀[38;2;236;236;236m[48;2;224;224;228m▀[38;2;196;196;200m[48;2;184;180;188m▀[38;2;192;192;196m[48;2;216;216;216m▀[38;2;240;236;240m[48;2;236;236;236m▀[48;2;232;228;232m▀[38;2;224;224;224m[48;2;204;204;204m▀[38;2;204;204;204m[48;2;212;212;212m▀[38;2;252;248;248m[48;2;252;248;248m▀[38;2;212;212;216m[48;2;232;228;228m▀[38;2;100;112;116m[48;2;172;180;184m▀[38;2;120;124;124m[48;2;116;128;132m▀[38;2;120;124;116m[48;2;128;132;132m▀[38;2;128;128;112m[48;2;132;136;120m▀[38;2;132;132;116m[48;2;132;136;112m▀[38;2;132;136;120m[48;2;136;136;108m▀[38;2;144;144;132m[48;2;128;128;112m▀[38;2;156;156;140m[48;2;148;144;132m▀[38;2;160;156;136m[48;2;156;152;136m▀[38;2;188;172;152m[48;2;180;180;176m▀[38;2;208;120;72m[48;2;212;156;116m▀[38;2;244;128;68m[48;2;228;116;56m▀[38;2;255;164;116m[48;2;255;168;112m▀[38;2;236;168;136m[48;2;196;128;100m▀[38;2;128;68;60m[48;2;108;44;36m▀[38;2;116;52;44m[48;2;128;68;60m▀[38;2;148;88;84m[48;2;120;64;60m▀[38;2;124;60;52m[48;2;112;44;40m▀[38;2;108;44;36m[48;2;108;44;40m▀[38;2;108;44;40m[48;2;120;60;60m▀[38;2;96;28;20m[48;2;92;28;20m▀[38;2;116;84;76m[48;2;128;108;100m▀[38;2;184;188;180m[48;2;204;212;208m▀[38;2;188;192;180m[48;2;180;184;180m▀[38;2;184;188;184m[48;2;172;180;176m▀[38;2;172;176;172m[48;2;168;172;172m▀[38;2;156;164;160m[48;2;156;164;160m▀[38;2;152;160;156m[48;2;152;160;160m▀[38;2;148;152;148m[48;2;148;156;156m▀[38;2;136;144;144m[48;2;140;144;144m▀[38;2;128;132;136m▀[38;2;128;136;136m[48;2;132;144;144m▀[38;2;140;148;148m[48;2;148;156;160m▀[38;2;156;160;160m[48;2;200;212;216m▀[38;2;176;176;180m[48;2;244;228;212m▀[38;2;204;212;212m[48;2;255;200;140m▀[38;2;232;220;208m[48;2;255;192;124m▀[38;2;252;232;200m[48;2;255;160;84m▀[38;2;248;192;176m[48;2;255;184;112m▀[38;2;236;88;64m[48;2;244;144;96m▀[38;2;228;60;32m[48;2;248;56;28m▀[38;2;220;52;24m[48;2;240;56;28m▀[38;2;236;60;32m[48;2;212;52;24m▀[38;2;255;52;24m[48;2;232;40;16m▀[38;2;212;52;24m[48;2;240;44;20m▀[38;2;216;64;36m[48;2;192;44;20m▀[38;2;188;64;40m[48;2;200;72;52m▀[38;2;204;40;20m[48;2;172;44;24m▀[38;2;224;64;52m[48;2;200;72;68m▀[38;2;232;64;56m[48;2;236;56;52m▀[38;2;244;28;12m[48;2;244;28;16m▀[38;2;232;24;8m[48;2;240;28;12m▀[38;2;232;40;20m[48;2;236;36;20m▀[38;2;236;52;32m[48;2;228;48;28m▀[38;2;220;44;24m[48;2;224;40;20m▀[38;2;224;36;16m[48;2;224;36;16m▀[38;2;220;20;4m[48;2;224;20;4m▀[38;2;220;20;0m[48;2;220;16;0m▀▀[38;2;212;24;0m[48;2;212;24;0m▀[38;2;196;20;0m[48;2;204;24;4m▀[38;2;200;28;4m[48;2;200;28;4m▀[38;2;192;28;0m[48;2;196;28;0m▀[0m
[38;2;172;168;172m[48;2;164;160;160m▀[38;2;164;160;164m[48;2;164;164;164m▀[38;2;172;168;168m[48;2;168;168;168m▀[38;2;180;176;176m[48;2;176;176;176m▀[38;2;192;192;192m[48;2;204;204;204m▀[38;2;216;216;216m[48;2;228;228;228m▀[38;2;228;224;228m[48;2;224;220;220m▀[38;2;232;232;232m[48;2;224;224;224m▀[38;2;208;208;212m[48;2;200;200;208m▀[38;2;200;196;208m[48;2;196;196;204m▀[38;2;224;224;228m[48;2;196;196;200m▀[38;2;220;220;220m[48;2;192;192;196m▀[38;2;212;208;208m[48;2;184;184;184m▀[38;2;188;188;192m[48;2;192;192;196m▀[38;2;224;224;224m[48;2;236;236;236m▀[38;2;248;248;248m[48;2;248;248;248m▀[38;2;228;224;228m[48;2;236;236;236m▀[38;2;220;216;216m[48;2;212;212;212m▀[38;2;132;136;140m[48;2;204;204;208m▀[38;2;104;112;116m[48;2;96;104;108m▀[38;2;124;128;124m[48;2;96;100;104m▀[38;2;128;132;128m[48;2;116;120;112m▀[38;2;132;132;120m[48;2;124;128;120m▀[38;2;132;136;116m[48;2;136;140;128m▀[38;2;136;136;120m[48;2;140;140;124m▀[38;2;144;144;132m[48;2;136;136;116m▀[38;2;176;180;180m[48;2;160;160;156m▀[38;2;212;180;156m[48;2;212;200;192m▀[38;2;224;112;52m[48;2;240;140;88m▀[38;2;255;176;124m[48;2;252;216;188m▀[38;2;192;156;148m[48;2;212;200;204m▀[38;2;92;24;16m[48;2;188;156;152m▀[38;2;108;40;32m[48;2;140;76;72m▀[38;2;100;36;24m[48;2;116;48;48m▀[38;2;108;44;36m[48;2;120;56;52m▀[38;2;112;48;40m[48;2;100;32;28m▀[38;2;124;60;56m[48;2;120;52;48m▀[38;2;92;36;28m[48;2;84;36;32m▀[38;2;156;140;132m[48;2;196;168;152m▀[38;2;196;204;208m[48;2;228;224;212m▀[38;2;172;180;180m[48;2;160;176;180m▀[48;2;156;172;176m▀[38;2;152;164;164m[48;2;144;160;164m▀[38;2;140;152;152m[48;2;136;152;156m▀[38;2;136;148;152m[48;2;136;148;152m▀[38;2;132;144;148m[48;2;132;140;144m▀[38;2;132;140;140m[48;2;108;124;128m▀[38;2;124;136;136m[48;2;144;160;164m▀[38;2;148;160;168m[48;2;244;236;224m▀[38;2;236;232;232m[48;2;255;180;116m▀[38;2;255;220;176m[48;2;252;140;48m▀[38;2;255;164;84m[48;2;255;152;76m▀[38;2;255;144;56m[48;2;255;176;112m▀[38;2;255;156;76m[48;2;255;168;92m▀[38;2;255;152;76m[48;2;255;172;104m▀[38;2;255;152;80m[48;2;255;172;112m▀[38;2;252;172;104m[48;2;255;164;96m▀[38;2;224;108;68m[48;2;248;176;116m▀[38;2;244;36;12m[48;2;216;76;48m▀[38;2;244;64;32m[48;2;248;44;16m▀[38;2;212;64;36m[48;2;220;68;40m▀[38;2;232;52;28m[48;2;224;68;44m▀[38;2;208;36;12m[48;2;228;56;36m▀[38;2;220;56;28m[48;2;192;32;4m▀[38;2;160;48;28m[48;2;148;52;32m▀[38;2;192;72;68m[48;2;188;68;64m▀[38;2;240;52;44m[48;2;236;40;32m▀[38;2;244;28;16m[48;2;244;28;16m▀[48;2;248;32;16m▀[38;2;240;40;20m[48;2;240;40;20m▀[38;2;232;48;32m[48;2;228;52;32m▀[38;2;224;44;28m[48;2;228;48;28m▀[38;2;228;36;20m[48;2;232;40;24m▀[38;2;228;28;8m[48;2;228;24;8m▀[38;2;224;20;4m[48;2;216;16;0m▀[38;2;216;16;0m[48;2;204;16;0m▀[38;2;208;20;4m[48;2;204;20;0m▀[38;2;208;24;4m[48;2;204;28;0m▀[38;2;200;28;0m▀[38;2;200;32;4m[48;2;204;32;4m▀[0m
[38;2;168;164;168m[48;2;164;164;164m▀[38;2;168;168;168m[48;2;164;164;168m▀[38;2;168;164;168m[48;2;184;184;184m▀[38;2;180;176;184m[48;2;208;204;208m▀[38;2;216;212;216m[48;2;204;200;204m▀[38;2;220;216;216m[48;2;212;212;212m▀[38;2;224;224;224m[48;2;224;224;224m▀[38;2;212;212;216m[48;2;168;164;168m▀[38;2;184;180;188m[48;2;160;160;164m▀[38;2;176;176;180m[48;2;172;172;176m▀[48;2;188;184;188m▀[38;2;180;180;184m[48;2;204;204;204m▀[38;2;188;188;188m[48;2;220;220;220m▀[38;2;224;220;220m[48;2;236;236;232m▀[38;2;248;244;244m[48;2;248;244;244m▀[48;2;232;228;232m▀[38;2;224;220;224m[48;2;196;196;200m▀[38;2;192;192;196m[48;2;212;208;212m▀[38;2;240;240;240m[48;2;216;216;216m▀[38;2;200;204;204m[48;2;255;255;255m▀[38;2;108;116;120m[48;2;212;212;216m▀[38;2;92;100;104m[48;2;112;120;128m▀[38;2;116;120;116m[48;2;96;104;112m▀[38;2;120;128;124m[48;2;120;124;128m▀[38;2;140;140;136m[48;2;136;140;148m▀[38;2;136;136;132m[48;2;136;144;148m▀[38;2;144;144;136m[48;2;144;152;160m▀[38;2;184;184;180m[48;2;168;168;168m▀[38;2;232;204;188m[48;2;240;248;248m▀[38;2;255;255;255m[48;2;232;220;220m▀[38;2;248;240;240m[48;2;132;80;72m▀[38;2;176;132;124m[48;2;108;56;52m▀[38;2;132;68;60m[48;2;128;68;64m▀[38;2;140;72;64m[48;2;136;72;60m▀[38;2;132;68;64m[48;2;144;76;64m▀[38;2;108;40;32m[48;2;120;52;44m▀[38;2;112;44;36m[48;2;112;44;32m▀[38;2;72;36;32m[48;2;64;36;28m▀[38;2;200;152;120m[48;2;204;148;116m▀[38;2;255;200;152m[48;2;255;156;108m▀[38;2;224;212;196m[48;2;255;172;128m▀[38;2;144;164;172m[48;2;212;188;172m▀[38;2;136;152;156m[48;2;132;152;156m▀[48;2;108;128;136m▀[38;2;136;148;148m[48;2;128;140;144m▀[38;2;120;136;140m[48;2;100;120;124m▀[38;2;116;132;136m[48;2;172;188;192m▀[38;2;240;240;236m[48;2;255;224;196m▀[38;2;255;172;120m[48;2;248;124;56m▀[38;2;252;128;48m[48;2;255;144;64m▀[38;2;255;148;72m[48;2;255;160;88m▀[38;2;255;184;128m[48;2;255;192;136m▀[38;2;255;184;124m[48;2;255;224;188m▀[38;2;255;192;132m[48;2;255;228;200m▀[38;2;255;212;172m[48;2;255;204;160m▀[38;2;255;196;144m[48;2;255;176;116m▀[38;2;255;172;112m[48;2;255;164;96m▀[38;2;255;168;100m[48;2;255;144;80m▀[38;2;232;160;112m[48;2;255;164;104m▀[38;2;220;56;28m[48;2;216;100;68m▀[38;2;232;56;28m[48;2;236;52;24m▀[38;2;200;60;36m[48;2;212;56;32m▀[38;2;232;64;44m[48;2;204;52;32m▀[38;2;196;44;24m[48;2;212;48;28m▀[38;2;136;40;24m[48;2;124;40;20m▀[38;2;184;68;60m[48;2;172;64;56m▀[38;2;228;32;20m[48;2;220;36;24m▀[38;2;232;20;8m[48;2;212;20;4m▀[38;2;244;28;12m[48;2;228;24;8m▀[38;2;236;36;20m[48;2;236;32;16m▀[38;2;228;48;28m[48;2;224;36;16m▀[48;2;228;40;20m▀[38;2;232;40;24m[48;2;224;40;20m▀[38;2;228;24;8m[48;2;224;28;12m▀[38;2;216;16;0m[48;2;220;16;0m▀[38;2;212;12;0m[48;2;212;16;0m▀[38;2;208;16;0m[48;2;208;16;0m▀[38;2;200;20;0m[48;2;200;20;0m▀[38;2;204;28;4m[48;2;204;24;0m▀[38;2;208;32;4m[48;2;204;28;4m▀[0m
[38;2;160;160;164m[48;2;176;176;176m▀[38;2;176;176;176m[48;2;200;196;196m▀[38;2;200;200;200m[48;2;200;196;200m▀[38;2;204;200;200m[48;2;196;192;196m▀[38;2;196;192;192m[48;2;200;200;196m▀[38;2;220;220;220m[48;2;224;220;220m▀[38;2;196;196;192m[48;2;160;156;156m▀[38;2;124;120;124m[48;2;132;128;136m▀[38;2;172;172;176m[48;2;212;208;212m▀[38;2;200;200;200m[48;2;232;228;228m▀[38;2;228;224;224m[48;2;236;232;232m▀[38;2;232;228;228m[48;2;232;228;228m▀[38;2;228;224;224m[48;2;240;240;240m▀[38;2;244;240;240m[48;2;248;244;248m▀[38;2;236;232;232m[48;2;164;164;168m▀[38;2;192;192;196m[48;2;220;220;220m▀[38;2;228;228;232m[48;2;224;224;224m▀[38;2;220;220;220m[48;2;236;232;232m▀[38;2;236;232;232m[48;2;252;252;248m▀[38;2;248;248;248m[48;2;252;248;252m▀[38;2;248;244;244m[48;2;248;248;244m▀[38;2;228;228;232m[48;2;255;255;252m▀[38;2;148;156;160m[48;2;228;224;224m▀[38;2;116;128;132m[48;2;140;144;148m▀[38;2;132;144;156m[48;2;140;148;156m▀[38;2;136;148;156m[48;2;132;140;152m▀[38;2;136;144;152m[48;2;144;152;156m▀[38;2;192;196;196m[48;2;228;224;224m▀[38;2;212;196;192m[48;2;136;96;92m▀[38;2;84;36;28m[48;2;44;8;4m▀[38;2;100;60;60m[48;2;68;36;32m▀[38;2;120;80;84m[48;2;88;44;36m▀[38;2;124;64;60m[48;2;116;56;52m▀[38;2;128;60;48m[48;2;140;80;76m▀[38;2;152;80;68m[48;2;148;84;76m▀[38;2;132;64;52m[48;2;128;56;48m▀[38;2;100;36;28m[48;2;96;32;24m▀[38;2;68;40;36m[48;2;88;56;48m▀[38;2;228;156;116m[48;2;252;180;136m▀[38;2;255;172;120m[48;2;255;176;128m▀[38;2;252;172;128m[48;2;255;180;132m▀[38;2;255;164;128m[48;2;255;168;124m▀[38;2;224;184;168m[48;2;244;156;132m▀[38;2;140;152;152m[48;2;232;168;144m▀[38;2;104;124;132m[48;2;156;164;160m▀[38;2;96;116;124m[48;2;152;168;176m▀[38;2;212;212;208m[48;2;248;220;208m▀[38;2;255;160;112m[48;2;248;88;44m▀[38;2;248;120;52m[48;2;252;132;68m▀[38;2;255;144;68m[48;2;255;152;80m▀[38;2;255;156;88m[48;2;255;184;132m▀[38;2;255;212;176m[48;2;255;196;144m▀[38;2;255;216;184m[48;2;255;160;88m▀[38;2;255;180;120m[48;2;255;136;60m▀[38;2;255;160;88m[48;2;255;124;52m▀[38;2;255;140;64m[48;2;255;124;48m▀[38;2;255;148;76m[48;2;255;120;48m▀[38;2;255;144;76m[48;2;255;112;40m▀[38;2;255;152;84m[48;2;255;120;48m▀[38;2;240;148;96m[48;2;255;152;84m▀[38;2;224;60;32m[48;2;228;108;68m▀[38;2;224;48;20m[48;2;224;36;12m▀[1;97;40m hashpass [0m[38;2;228;36;16m[48;2;232;36;16m▀[38;2;224;36;16m[48;2;228;40;16m▀[38;2;220;24;8m[48;2;224;36;12m▀[38;2;216;20;0m[48;2;212;24;4m▀[38;2;208;20;0m[48;2;208;20;0m▀[38;2;204;20;0m[48;2;204;20;0m▀[38;2;208;24;0m[48;2;208;24;0m▀[38;2;208;32;4m[48;2;212;32;4m▀[0m
[38;2;196;192;192m[48;2;196;192;192m▀[38;2;200;196;196m[48;2;192;188;192m▀[38;2;196;196;196m[48;2;200;196;196m▀[38;2;204;200;200m[48;2;208;208;208m▀[38;2;208;204;204m[48;2;212;208;212m▀[38;2;220;216;216m[48;2;216;212;212m▀[38;2;140;140;140m[48;2;136;136;140m▀[38;2;160;160;164m[48;2;188;188;192m▀[38;2;236;232;236m[48;2;240;240;240m▀[38;2;236;236;236m[48;2;248;244;244m▀[48;2;240;236;236m▀[38;2;240;236;240m[48;2;255;255;255m▀[38;2;255;255;255m[48;2;220;216;216m▀[38;2;172;172;172m[48;2;140;140;140m▀[38;2;180;176;180m[48;2;232;232;232m▀[38;2;236;236;236m[48;2;252;252;252m▀[38;2;248;244;248m[48;2;252;248;248m▀[38;2;255;252;252m[48;2;255;255;255m▀[38;2;248;248;248m[48;2;252;252;248m▀[38;2;252;252;252m[48;2;255;255;255m▀[38;2;255;252;252m[48;2;255;255;252m▀[38;2;252;252;248m[48;2;240;232;232m▀[38;2;232;224;224m[48;2;240;236;240m▀[38;2;124;100;92m[48;2;112;72;68m▀[38;2;152;156;160m[48;2;116;100;100m▀[38;2;140;144;152m[48;2;188;188;188m▀[38;2;200;200;200m[48;2;248;244;244m▀[38;2;240;232;232m[48;2;124;92;84m▀[38;2;120;76;72m[48;2;60;20;12m▀[38;2;72;24;16m[48;2;112;68;60m▀[38;2;84;32;24m[48;2;116;64;52m▀[38;2;96;36;24m[48;2;120;64;48m▀[38;2;104;44;40m[48;2;120;56;48m▀[38;2;112;56;56m[48;2;124;60;56m▀[38;2;124;64;60m[48;2;124;60;48m▀[38;2;116;48;36m[48;2;128;56;44m▀[38;2;96;36;28m[48;2;80;36;28m▀[38;2;96;68;56m[48;2;120;92;80m▀[38;2;255;208;160m[48;2;255;196;148m▀[38;2;255;192;140m[48;2;252;196;148m▀[38;2;255;168;116m[48;2;255;176;124m▀[38;2;255;172;124m[48;2;255;168;116m▀[38;2;252;172;144m[48;2;255;188;152m▀[38;2;248;152;124m[48;2;252;168;140m▀[38;2;255;200;168m[48;2;252;148;100m▀[38;2;255;216;180m[48;2;255;144;84m▀[38;2;255;168;112m[48;2;255;112;44m▀[38;2;248;132;84m[48;2;252;132;80m▀[38;2;252;132;68m[48;2;240;104;52m▀[38;2;255;152;84m[48;2;255;124;56m▀[38;2;255;144;76m[48;2;255;108;40m▀[38;2;255;136;60m[48;2;255;100;36m▀[38;2;255;128;56m[48;2;255;100;32m▀[38;2;255;116;40m[48;2;255;108;36m▀[38;2;255;112;40m[48;2;255;100;32m▀[38;2;255;104;36m[48;2;255;96;32m▀[38;2;255;96;28m[48;2;252;96;32m▀[38;2;252;100;36m[48;2;248;92;36m▀[38;2;252;112;48m[48;2;240;92;36m▀[38;2;252;132;68m[48;2;244;100;44m▀[38;2;240;140;84m[48;2;236;112;56m▀[38;2;236;56;24m[48;2;228;64;32m▀[38;2;216;44;16m[48;2;252;52;24m▀[38;2;204;36;16m[48;2;200;48;24m▀[38;2;160;28;16m[48;2;196;20;12m▀[38;2;80;24;16m[48;2;92;20;12m▀[38;2;212;28;8m[48;2;156;20;4m▀[38;2;216;24;8m[48;2;240;24;4m▀[38;2;192;24;8m[48;2;192;20;4m▀[38;2;196;28;8m[48;2;188;28;8m▀[38;2;204;28;4m[48;2;188;24;4m▀[38;2;216;36;16m[48;2;200;24;4m▀[38;2;228;44;20m[48;2;212;36;16m▀[38;2;232;40;20m[48;2;224;44;24m▀[38;2;224;40;16m[48;2;224;40;20m▀[38;2;216;28;4m[48;2;216;32;12m▀[38;2;212;20;0m[48;2;212;20;0m▀[48;2;216;24;4m▀[38;2;212;28;4m[48;2;220;36;8m▀[38;2;212;36;8m[48;2;220;32;8m▀[0m
[38;2;176;176;176m[48;2;160;160;160m▀[38;2;184;184;184m[48;2;180;180;180m▀[38;2;204;200;200m[48;2;204;200;196m▀[38;2;212;208;208m[48;2;212;208;204m▀[38;2;216;212;216m[48;2;216;212;212m▀[38;2;212;208;212m[48;2;208;208;208m▀[1;97;40m student [0m[38;2;248;248;244m[48;2;255;255;252m▀[38;2;255;255;252m▀[48;2;255;255;255m▀[38;2;255;255;255m▀[48;2;255;252;252m▀[38;2;252;248;244m[48;2;248;240;240m▀[38;2;232;228;224m[48;2;232;232;232m▀[38;2;236;232;232m[48;2;180;156;152m▀[38;2;116;64;56m[48;2;100;40;28m▀[38;2;64;32;24m[48;2;68;28;20m▀[38;2;208;200;200m[48;2;100;76;72m▀[38;2;176;160;156m[48;2;64;36;32m▀[38;2;44;12;8m[48;2;68;44;36m▀[38;2;120;80;72m[48;2;152;100;88m▀[38;2;140;84;72m[48;2;152;100;84m▀[38;2;136;80;68m[48;2;148;88;76m▀[38;2;136;76;60m[48;2;136;72;56m▀[38;2;140;76;60m[48;2;148;88;76m▀[38;2;144;80;64m[48;2;140;80;76m▀[38;2;120;56;44m[48;2;120;68;68m▀[38;2;128;60;52m[48;2;136;64;60m▀[38;2;68;32;24m[48;2;84;44;36m▀[38;2;156;112;92m[48;2;180;128;104m▀[38;2;255;176;128m[48;2;244;152;108m▀[38;2;252;184;136m[48;2;248;164;120m▀[38;2;255;168;116m[48;2;255;156;104m▀[38;2;255;152;100m[48;2;255;144;88m▀[38;2;255;200;152m[48;2;255;184;128m▀[38;2;248;176;148m[48;2;255;200;168m▀[38;2;252;152;112m[48;2;252;132;112m▀[38;2;255;124;72m[48;2;255;112;68m▀[38;2;255;112;44m[48;2;255;136;68m▀[38;2;255;128;72m[48;2;255;144;80m▀[38;2;232;84;44m[48;2;252;132;88m▀[38;2;232;80;36m[48;2;224;60;24m▀[38;2;248;100;44m[48;2;228;76;32m▀[38;2;248;88;32m[48;2;240;84;32m▀[38;2;248;88;28m[48;2;244;88;36m▀[38;2;252;96;36m[48;2;240;76;28m▀[38;2;252;96;32m[48;2;232;68;24m▀[38;2;252;92;32m[48;2;236;68;24m▀[38;2;244;84;28m[48;2;232;64;24m▀[38;2;240;72;24m[48;2;212;56;20m▀[38;2;236;68;16m[48;2;200;56;20m▀[38;2;232;76;28m[48;2;160;52;24m▀[38;2;172;84;44m[48;2;88;40;20m▀[38;2;180;60;32m[48;2;140;52;32m▀[38;2;255;48;20m[48;2;216;40;16m▀[38;2;212;48;28m[48;2;216;44;24m▀[38;2;192;36;20m[48;2;180;32;20m▀[38;2;108;28;20m[48;2;128;28;16m▀[38;2;80;12;4m[48;2;56;12;8m▀[38;2;244;24;4m[48;2;220;20;4m▀[38;2;208;20;8m[48;2;236;24;12m▀[38;2;188;24;8m[48;2;192;24;8m▀[38;2;180;24;4m[48;2;184;24;4m▀[38;2;184;20;0m[48;2;176;20;0m▀[38;2;196;20;0m[48;2;184;16;0m▀[38;2;204;28;8m[48;2;192;20;0m▀[38;2;212;32;8m[48;2;200;24;4m▀[38;2;212;28;8m▀[38;2;216;32;8m[48;2;204;28;4m▀[38;2;220;36;8m[48;2;204;32;8m▀[38;2;216;40;12m[48;2;196;28;4m▀[38;2;216;36;12m[48;2;192;28;4m▀[0m
[38;2;156;152;152m[48;2;152;148;148m▀[38;2;176;172;172m[48;2;188;184;184m▀[38;2;208;204;200m[48;2;208;208;208m▀[38;2;212;208;208m[48;2;188;184;184m▀[38;2;212;212;212m[48;2;196;196;192m▀[38;2;220;216;220m[48;2;220;216;220m▀[38;2;160;160;160m[48;2;192;188;192m▀[38;2;212;212;216m[48;2;220;220;220m▀[38;2;236;236;236m[48;2;240;240;240m▀[38;2;255;255;255m[48;2;236;232;232m▀[38;2;216;212;208m[48;2;120;116;120m▀[38;2;136;136;140m[48;2;196;196;196m▀[38;2;232;232;232m[48;2;252;252;252m▀[38;2;248;244;244m[48;2;255;252;252m▀[38;2;255;255;252m[48;2;252;252;252m▀[48;2;255;255;255m▀[38;2;255;255;255m▀[48;2;252;252;252m▀▀[38;2;255;255;252m[48;2;252;248;244m▀[38;2;240;236;236m[48;2;240;240;240m▀[38;2;220;216;216m[48;2;156;124;120m▀[38;2;120;64;60m[48;2;92;20;12m▀[38;2;96;28;20m[48;2;96;28;20m▀[38;2;80;28;20m[48;2;100;40;36m▀[38;2;48;20;12m[48;2;96;48;40m▀[38;2;40;28;24m[48;2;68;52;48m▀[38;2;112;76;68m[48;2;156;116;108m▀[38;2;164;104;92m[48;2;172;108;96m▀[38;2;172;116;96m[48;2;180;116;96m▀[38;2;172;104;88m[48;2;176;108;92m▀[38;2;156;92;80m[48;2;172;108;92m▀[38;2;156;96;84m[48;2;144;76;64m▀[38;2;136;84;80m[48;2;120;56;52m▀[38;2;132;80;80m[48;2;136;80;76m▀[38;2;120;56;52m[48;2;80;36;32m▀[38;2;76;52;48m[48;2;100;80;72m▀[38;2;196;140;112m[48;2;208;148;112m▀[38;2;208;124;84m[48;2;208;124;84m▀[38;2;240;152;108m[48;2;248;156;112m▀[38;2;255;164;112m[48;2;255;152;104m▀[38;2;255;152;100m[48;2;255;152;100m▀[38;2;255;184;128m[48;2;255;160;100m▀[38;2;255;192;148m[48;2;255;168;112m▀[38;2;255;164;140m[48;2;255;176;132m▀[38;2;255;132;84m[48;2;255;188;152m▀[38;2;255;152;92m[48;2;255;188;148m▀[38;2;255;168;116m[48;2;252;168;132m▀[38;2;255;176;140m[48;2;252;144;116m▀[38;2;240;132;100m[48;2;248;124;92m▀[38;2;212;88;56m[48;2;244;116;80m▀[38;2;204;60;28m[48;2;228;116;80m▀[38;2;212;64;28m[48;2;212;84;48m▀[38;2;192;52;24m[48;2;192;88;52m▀[38;2;176;48;24m[48;2;172;84;52m▀[38;2;168;52;28m[48;2;164;88;56m▀[38;2;156;52;28m[48;2;188;100;60m▀[38;2;164;64;36m[48;2;236;112;64m▀[38;2;192;84;52m[48;2;255;120;68m▀[38;2;200;96;68m[48;2;255;136;84m▀[38;2;184;88;60m[48;2;255;104;52m▀[38;2;148;60;36m[48;2;136;48;20m▀[38;2;160;40;20m[48;2;156;40;16m▀[38;2;152;36;20m[48;2;172;28;8m▀[38;2;140;24;16m[48;2;144;32;20m▀[38;2;96;16;12m[48;2;64;16;8m▀[38;2;40;12;8m[48;2;24;8;4m▀[38;2;200;20;0m[48;2;192;16;4m▀[38;2;248;24;12m[48;2;252;24;12m▀[38;2;212;24;8m[48;2;228;24;8m▀[38;2;192;24;4m[48;2;196;24;4m▀[38;2;180;20;4m[48;2;196;20;4m▀[38;2;180;20;0m[48;2;192;20;0m▀[38;2;184;20;0m▀[38;2;184;16;0m[48;2;196;20;0m▀[38;2;188;16;0m▀[38;2;188;20;0m[48;2;188;16;0m▀[38;2;184;20;4m▀▀[38;2;184;20;0m[48;2;192;16;0m▀[0m
[38;2;176;172;172m[48;2;180;176;176m▀[38;2;196;192;196m[48;2;176;172;172m▀[38;2;188;184;184m[48;2;172;172;172m▀[38;2;176;172;172m[48;2;180;176;176m▀[38;2;192;188;188m[48;2;184;180;180m▀[38;2;196;196;196m[48;2;184;184;180m▀[38;2;184;180;180m[48;2;152;148;148m▀[38;2;212;208;208m[48;2;164;164;164m▀[38;2;232;232;232m[48;2;144;140;144m▀[38;2;136;132;136m[48;2;108;104;108m▀[38;2;140;140;144m[48;2;212;212;212m▀[38;2;252;248;248m[48;2;236;232;232m▀[38;2;252;252;252m[48;2;232;228;232m▀[38;2;248;248;248m[48;2;248;244;244m▀[38;2;252;248;244m[48;2;224;220;220m▀[38;2;244;240;240m[48;2;232;232;228m▀[38;2;244;244;244m[48;2;252;248;248m▀[38;2;248;244;240m[48;2;248;244;244m▀[38;2;248;244;244m[48;2;255;255;255m▀[38;2;255;255;255m[48;2;196;176;172m▀[38;2;172;144;144m[48;2;80;12;4m▀[38;2;88;16;8m[48;2;92;24;16m▀[38;2;92;24;16m[48;2;76;24;16m▀[38;2;92;28;20m[48;2;72;20;16m▀[38;2;124;68;60m[48;2;116;60;52m▀[38;2;124;72;64m[48;2;136;84;80m▀[38;2;88;60;52m[48;2;120;80;76m▀[38;2;164;120;120m[48;2;168;124;120m▀[38;2;172;108;96m[48;2;168;100;84m▀[38;2;180;116;100m[48;2;172;108;92m▀[38;2;168;104;88m[48;2;152;88;76m▀[38;2;148;80;68m[48;2;120;52;44m▀[38;2;112;44;36m[48;2;108;40;32m▀[38;2;120;56;52m[48;2;120;60;56m▀[38;2;120;64;64m[48;2;68;32;28m▀[38;2;40;16;12m[48;2;36;12;12m▀[38;2;132;92;80m[48;2;156;104;88m▀[38;2;192;128;92m[48;2;180;116;80m▀[38;2;196;116;76m[48;2;192;108;72m▀[38;2;224;136;96m[48;2;216;120;84m▀[38;2;244;144;96m[48;2;228;132;88m▀[38;2;255;160;104m[48;2;252;148;92m▀[38;2;255;164;108m[48;2;255;148;92m▀[38;2;255;156;96m[48;2;255;152;88m▀[38;2;255;156;100m[48;2;255;168;120m▀[38;2;248;152;116m[48;2;248;128;92m▀[38;2;228;140;120m[48;2;208;104;64m▀[38;2;236;108;72m[48;2;236;124;72m▀[38;2;255;144;96m[48;2;255;176;120m▀[38;2;255;164;120m[48;2;255;180;132m▀[38;2;255;172;124m[48;2;232;116;76m▀[38;2;255;188;140m[48;2;208;100;68m▀[38;2;255;148;96m[48;2;232;100;60m▀[38;2;255;128;72m[48;2;244;96;52m▀[38;2;255;132;80m[48;2;252;120;72m▀[38;2;255;144;88m[48;2;255;168;120m▀[38;2;255;128;76m[48;2;252;148;100m▀[38;2;255;140;88m[48;2;252;140;88m▀[38;2;255;160;108m[48;2;255;124;76m▀[38;2;252;112;64m[48;2;248;92;44m▀[38;2;240;68;24m[48;2;216;68;28m▀[38;2;148;52;20m[48;2;172;60;28m▀[38;2;172;36;12m[48;2;144;32;16m▀[38;2;164;24;8m[48;2;92;20;12m▀[38;2;80;24;12m[48;2;36;16;8m▀[38;2;56;16;8m[48;2;108;68;56m▀[38;2;20;8;4m[48;2;68;32;28m▀[38;2;164;20;8m[48;2;136;16;4m▀[38;2;255;24;8m[48;2;255;24;12m▀[38;2;236;28;12m[48;2;240;28;12m▀[38;2;200;24;4m[48;2;204;24;4m▀▀[38;2;204;20;4m[48;2;204;20;4m▀[38;2;200;20;4m▀[38;2;208;20;4m[48;2;208;20;4m▀[48;2;204;16;0m▀[38;2;196;16;0m[48;2;196;16;0m▀[38;2;192;16;0m▀[38;2;188;16;0m[48;2;192;12;0m▀[38;2;192;16;0m[48;2;188;16;0m▀[0m
[38;2;164;160;160m[48;2;164;160;160m▀[38;2;172;168;168m[48;2;168;168;164m▀[38;2;176;172;172m[48;2;180;176;176m▀[38;2;184;180;180m[48;2;184;184;180m▀[38;2;184;180;184m[48;2;184;180;180m▀[38;2;188;184;184m[48;2;192;188;184m▀[38;2;144;144;144m[48;2;156;152;152m▀[38;2;104;100;104m[48;2;68;68;68m▀[38;2;84;84;88m[48;2;88;84;88m▀[38;2;152;152;156m[48;2;164;160;164m▀[38;2;212;212;212m[48;2;208;204;208m▀[38;2;216;216;220m[48;2;204;204;204m▀[38;2;228;228;228m[48;2;180;180;180m▀[38;2;204;204;204m[48;2;168;168;172m▀[38;2;200;200;204m[48;2;216;212;216m▀[38;2;244;240;244m[48;2;228;228;228m▀[38;2;244;240;240m[48;2;232;232;232m▀[38;2;244;248;248m[48;2;196;180;180m▀[38;2;208;192;192m[48;2;92;32;32m▀[38;2;92;24;20m[48;2;68;16;8m▀[38;2;92;24;16m[48;2;84;36;28m▀[38;2;96;32;24m[48;2;100;40;36m▀[38;2;76;28;20m[48;2;80;28;24m▀[38;2;68;28;24m[48;2;64;28;20m▀[38;2;96;40;32m[48;2;80;32;28m▀[38;2;140;84;76m[48;2;128;72;64m▀[38;2;148;100;92m[48;2;152;100;88m▀[38;2;152;100;92m[48;2;144;88;76m▀[38;2;160;96;84m[48;2;160;100;88m▀[38;2;164;100;88m[48;2;152;88;76m▀[38;2;132;68;56m[48;2;116;56;44m▀[38;2;104;40;32m[48;2;104;36;28m▀[38;2;112;48;44m[48;2;100;48;44m▀[38;2;88;48;44m[48;2;48;24;20m▀[38;2;32;12;8m[48;2;24;8;4m▀[38;2;52;24;20m[48;2;68;40;32m▀[38;2;180;132;108m[48;2;196;136;108m▀[38;2;184;116;80m[48;2;200;124;80m▀[38;2;200;112;76m[48;2;204;112;72m▀[38;2;212;108;68m[48;2;228;112;72m▀[38;2;228;116;64m[48;2;252;140;88m▀[38;2;244;128;72m[48;2;255;132;72m▀[38;2;255;132;68m[48;2;255;112;56m▀[38;2;255;136;76m▀[38;2;255;144;104m[48;2;255;116;68m▀[38;2;255;140;96m[48;2;255;132;80m▀[38;2;228;120;68m[48;2;240;128;72m▀[38;2;252;120;60m[48;2;240;124;68m▀[38;2;255;128;68m[48;2;252;144;88m▀[38;2;252;112;52m[48;2;252;180;132m▀[38;2;236;100;52m[48;2;255;188;136m▀[38;2;204;92;56m[48;2;255;172;116m▀[38;2;224;108;68m[48;2;255;188;140m▀[38;2;244;124;80m[48;2;255;196;152m▀[38;2;255;156;108m[48;2;255;184;136m▀[38;2;255;176;132m[48;2;255;148;100m▀[38;2;255;144;92m[48;2;252;108;60m▀[38;2;255;112;64m[48;2;232;76;40m▀[38;2;252;108;60m[48;2;216;60;28m▀[38;2;224;72;36m[48;2;176;32;4m▀[38;2;200;48;16m[48;2;140;40;16m▀[38;2;132;48;24m[48;2;80;44;36m▀[38;2;88;20;8m[48;2;68;44;40m▀[38;2;56;32;24m[48;2;64;60;64m▀[38;2;76;64;64m[48;2;40;44;48m▀[38;2;76;76;76m[48;2;32;36;36m▀[38;2;108;60;52m[48;2;80;60;56m▀[38;2;160;20;8m[48;2;168;36;20m▀[38;2;244;20;8m[48;2;228;16;4m▀[38;2;248;28;16m[48;2;252;24;16m▀[38;2;212;24;4m[48;2;212;20;4m▀[38;2;204;24;4m[48;2;208;20;4m▀[38;2;204;20;4m[48;2;208;20;0m▀[38;2;208;20;4m▀[48;2;204;16;0m▀[38;2;200;16;0m[48;2;200;16;0m▀[48;2;204;16;0m▀[48;2;196;16;0m▀[38;2;188;12;0m[48;2;188;12;0m▀[38;2;184;20;0m[48;2;176;20;4m▀[0m
[38;2;168;164;164m[48;2;176;172;172m▀[38;2;160;156;156m[48;2;172;168;168m▀[38;2;156;156;156m[48;2;124;124;124m▀[38;2;184;180;180m[48;2;136;132;136m▀[38;2;204;200;196m[48;2;152;152;148m▀[38;2;200;196;192m[48;2;92;92;88m▀[38;2;92;92;88m[48;2;56;52;56m▀[38;2;56;56;52m[48;2;56;52;52m▀[38;2;120;120;124m[48;2;84;84;84m▀[38;2;196;192;196m[48;2;136;132;136m▀[38;2;184;184;188m[48;2;156;152;156m▀[38;2;172;168;172m[48;2;168;164;168m▀[38;2;156;156;156m[48;2;192;188;188m▀[38;2;196;192;192m[48;2;216;212;212m▀[38;2;220;216;216m[48;2;204;204;204m▀[38;2;236;232;232m[48;2;124;120;120m▀[38;2;168;148;144m[48;2;32;4;0m▀[38;2;60;16;12m[48;2;20;4;0m▀[38;2;36;8;4m[48;2;16;8;4m▀[38;2;36;16;12m[48;2;44;16;12m▀[38;2;68;28;24m[48;2;80;32;24m▀[38;2;92;44;40m[48;2;80;32;28m▀[38;2;84;36;32m[48;2;84;36;32m▀[38;2;64;24;20m[48;2;72;28;24m▀[38;2;68;28;24m[48;2;60;28;24m▀[38;2;112;56;48m[48;2;64;36;32m▀[38;2;148;92;80m[48;2;100;56;44m▀[38;2;148;96;88m[48;2;144;92;84m▀[38;2;164;112;104m[48;2;156;112;104m▀[38;2;148;84;72m[48;2;148;88;76m▀[38;2;116;52;40m[48;2;116;52;44m▀[38;2;104;40;32m[48;2;100;40;32m▀[38;2;80;40;36m[48;2;64;28;24m▀[38;2;28;12;12m[48;2;24;12;8m▀[38;2;24;4;4m[48;2;28;8;0m▀[38;2;104;72;60m[48;2;128;108;100m▀[38;2;200;136;104m[48;2;208;148;120m▀[38;2;196;116;80m[48;2;192;112;76m▀[38;2;212;120;84m[48;2;192;116;84m▀[38;2;232;124;84m[48;2;204;116;80m▀[38;2;255;148;108m[48;2;220;124;84m▀[38;2;255;148;104m[48;2;236;124;88m▀[38;2;255;128;80m[48;2;248;132;92m▀[38;2;255;116;68m[48;2;248;128;88m▀[38;2;255;128;76m[48;2;255;128;80m▀[38;2;255;148;100m[48;2;248;148;100m▀[38;2;248;132;80m[48;2;252;148;96m▀[38;2;255;156;108m[48;2;255;164;116m▀[38;2;255;176;132m[48;2;255;144;96m▀[38;2;255;164;112m[48;2;224;88;44m▀[38;2;232;120;72m[48;2;212;76;36m▀[38;2;224;108;64m[48;2;216;72;32m▀[38;2;236;112;68m[48;2;216;60;28m▀[38;2;252;124;80m[48;2;248;92;52m▀[38;2;255;136;88m[48;2;240;80;40m▀[38;2;252;96;48m[48;2;192;52;20m▀[38;2;216;52;20m[48;2;140;32;8m▀[38;2;188;40;8m[48;2;132;40;12m▀[38;2;164;32;4m[48;2;104;52;32m▀[38;2;124;36;16m[48;2;68;60;56m▀[38;2;88;64;56m[48;2;36;40;40m▀[38;2;56;60;60m[48;2;28;24;28m▀[38;2;52;56;56m[48;2;28;28;28m▀[38;2;44;44;48m[48;2;36;36;36m▀[38;2;32;32;32m[48;2;28;28;28m▀▀[38;2;44;52;56m[48;2;28;36;40m▀[38;2;148;48;36m[48;2;112;60;52m▀[38;2;232;16;4m[48;2;232;24;4m▀[38;2;252;20;12m[48;2;248;16;4m▀[38;2;216;20;4m[48;2;216;16;4m▀[38;2;204;20;4m[48;2;204;20;0m▀[38;2;212;20;4m[48;2;212;20;4m▀[38;2;204;16;0m[48;2;200;16;0m▀[38;2;200;16;0m[48;2;208;16;0m▀[38;2;208;16;0m▀[38;2;204;16;0m[48;2;196;12;0m▀[38;2;188;12;0m[48;2;188;12;0m▀[48;2;192;12;0m▀[38;2;188;20;4m[48;2;192;20;0m▀[0m
[38;2;132;128;132m[48;2;124;128;136m▀[38;2;116;116;120m▀[38;2;116;116;124m[48;2;128;132;140m▀[38;2;104;108;116m[48;2;128;132;144m▀[38;2;64;64;68m[48;2;112;112;124m▀[38;2;76;80;84m[48;2;88;88;96m▀[38;2;68;68;72m[48;2;68;72;72m▀[38;2;76;76;72m[48;2;68;68;68m▀[38;2;60;56;56m[48;2;64;60;60m▀[38;2;76;76;76m[48;2;100;100;96m▀[38;2;144;144;144m[48;2;24;24;24m▀[38;2;184;184;184m[48;2;40;40;40m▀[38;2;148;148;148m[48;2;20;8;8m▀[38;2;116;112;112m[48;2;0;0;0m▀[38;2;56;44;44m[48;2;4;0;0m▀[38;2;8;0;0m[48;2;12;4;4m▀[38;2;12;4;0m[48;2;8;0;0m▀[38;2;8;0;0m[48;2;4;0;0m▀[38;2;20;4;4m[48;2;20;4;4m▀[38;2;44;16;8m[48;2;36;12;4m▀[38;2;52;16;8m[48;2;40;12;8m▀[38;2;68;24;20m[48;2;68;24;16m▀[38;2;92;44;40m[48;2;96;44;40m▀[38;2;88;40;36m[48;2;100;48;44m▀[38;2;64;28;24m[48;2;64;28;24m▀[38;2;52;24;20m[48;2;64;32;28m▀[38;2;88;56;56m[48;2;116;76;76m▀[38;2;156;116;120m[48;2;132;96;92m▀[38;2;164;120;120m[48;2;128;88;84m▀[38;2;148;96;88m[48;2;104;60;56m▀[38;2;100;48;40m[48;2;56;20;16m▀[38;2;88;32;24m[48;2;56;16;12m▀[38;2;48;20;16m[48;2;40;16;12m▀[38;2;20;8;4m[48;2;24;8;4m▀[38;2;52;24;16m[48;2;72;40;32m▀[38;2;116;120;124m[48;2;100;116;124m▀[38;2;180;136;120m[48;2;140;128;124m▀[38;2;188;104;68m[48;2;180;96;64m▀[38;2;184;108;76m[48;2;172;88;60m▀[38;2;188;108;76m[48;2;180;96;64m▀[38;2;192;108;76m[48;2;188;100;68m▀[38;2;212;108;76m[48;2;208;108;72m▀[38;2;224;116;76m[48;2;228;104;64m▀[38;2;244;124;80m[48;2;252;136;92m▀[38;2;255;152;108m[48;2;255;180;140m▀[38;2;252;164;120m[48;2;255;160;112m▀[38;2;255;156;108m[48;2;255;124;76m▀[38;2;255;144;92m[48;2;248;88;40m▀[38;2;236;96;48m[48;2;212;64;28m▀[38;2;212;72;36m[48;2;200;56;24m▀[38;2;220;68;32m[48;2;180;44;12m▀[38;2;204;48;16m[48;2;148;44;16m▀[38;2;208;52;20m[48;2;136;40;16m▀[38;2;192;52;20m[48;2;108;44;20m▀[38;2;168;44;16m[48;2;92;52;36m▀[38;2;116;40;16m[48;2;80;68;60m▀[38;2;104;60;44m[48;2;72;76;72m▀[38;2;88;76;68m[48;2;64;68;68m▀[38;2;60;60;64m[48;2;40;40;40m▀[38;2;28;28;32m[48;2;24;24;24m▀[38;2;20;20;20m▀[38;2;24;24;24m▀[38;2;20;20;20m[48;2;20;20;20m▀▀[48;2;16;16;16m▀[38;2;20;16;16m[48;2;20;16;16m▀[38;2;16;20;20m[48;2;16;16;16m▀[38;2;72;48;44m[48;2;44;44;40m▀[38;2;232;28;8m[48;2;212;36;16m▀[38;2;248;12;4m[48;2;248;12;0m▀[38;2;220;16;4m[48;2;216;16;4m▀[38;2;200;20;0m[48;2;200;16;0m▀[38;2;208;16;0m[48;2;204;16;0m▀[38;2;200;16;0m▀[38;2;212;16;0m[48;2;212;16;0m▀[38;2;208;12;0m[48;2;204;12;0m▀[38;2;192;12;0m[48;2;196;12;0m▀[38;2;196;12;0m[48;2;204;12;0m▀[38;2;192;12;0m[48;2;184;12;0m▀[38;2;184;16;0m[48;2;188;20;0m▀[0m
[38;2;136;136;144m[48;2;136;140;148m▀[38;2;132;136;144m[48;2;128;128;136m▀[38;2;124;128;132m[48;2;88;92;100m▀[38;2;88;88;96m▀[38;2;76;76;84m[48;2;92;92;104m▀[38;2;80;80;88m[48;2;64;68;72m▀[38;2;68;68;72m[48;2;40;40;40m▀[38;2;40;40;40m[48;2;32;28;32m▀[38;2;64;64;60m[48;2;56;52;52m▀[38;2;132;128;124m[48;2;144;144;140m▀[38;2;24;24;20m[48;2;44;44;40m▀[38;2;0;0;0m[48;2;8;8;8m▀[38;2;20;12;8m[48;2;4;8;8m▀[38;2;16;4;4m[48;2;20;8;8m▀[38;2;8;0;4m[48;2;16;0;0m▀[38;2;8;0;0m[48;2;8;0;0m▀[38;2;4;0;0m[48;2;0;0;0m▀[48;2;4;0;0m▀[38;2;16;4;4m[48;2;8;0;0m▀[38;2;36;12;8m[48;2;24;8;4m▀[38;2;44;16;8m[48;2;40;12;8m▀[38;2;60;20;16m[48;2;52;20;12m▀[38;2;76;24;16m[48;2;60;16;12m▀[38;2;92;40;36m[48;2;72;28;20m▀[38;2;72;40;32m[48;2;92;44;40m▀[38;2;68;36;28m[48;2;72;36;32m▀[38;2;76;40;36m[48;2;68;36;32m▀[38;2;72;40;36m[48;2;76;44;40m▀[38;2;60;28;24m[48;2;64;40;36m▀[38;2;36;16;12m[48;2;20;12;8m▀[38;2;24;8;4m[48;2;24;8;8m▀[38;2;32;12;8m[48;2;36;12;8m▀[38;2;36;12;8m▀[38;2;28;8;4m[48;2;40;16;8m▀[38;2;76;56;52m[48;2;80;80;84m▀[38;2;96;120;132m[48;2;88;116;132m▀[48;2;76;108;124m▀[38;2;168;112;88m[48;2;140;132;128m▀[38;2;164;76;48m[48;2;192;96;64m▀[38;2;176;84;52m[48;2;168;80;48m▀[38;2;188;96;60m[48;2;188;84;52m▀[38;2;204;112;72m[48;2;228;112;68m▀[38;2;244;128;80m[48;2;240;128;80m▀[38;2;255;164;116m[48;2;232;120;72m▀[38;2;252;144;96m[48;2;200;84;44m▀[38;2;244;112;64m[48;2;176;68;36m▀[38;2;228;84;40m[48;2;148;64;36m▀[38;2;196;64;28m[48;2;140;76;52m▀[38;2;156;52;24m[48;2;128;88;72m▀[38;2;136;52;28m[48;2;120;100;92m▀[38;2;132;64;44m[48;2;104;104;100m▀[38;2;100;68;56m[48;2;92;96;100m▀[38;2;100;76;64m[48;2;84;92;96m▀[38;2;100;84;76m[48;2;80;88;92m▀[38;2;84;84;84m[48;2;76;76;80m▀[38;2;68;72;72m[48;2;72;76;72m▀[38;2;60;60;60m[48;2;68;68;68m▀[38;2;60;56;56m[48;2;56;56;56m▀[38;2;52;52;52m[48;2;48;52;52m▀[38;2;44;44;44m▀[38;2;40;40;40m[48;2;48;48;48m▀[38;2;40;36;40m[48;2;44;44;44m▀[38;2;36;36;36m[48;2;40;40;40m▀[38;2;28;28;28m[48;2;36;36;36m▀[38;2;20;20;20m[48;2;32;32;32m▀[38;2;20;20;16m[48;2;20;20;20m▀[38;2;16;16;16m[48;2;20;16;16m▀[38;2;28;40;44m[48;2;20;36;36m▀[38;2;180;44;32m[48;2;168;52;40m▀[38;2;244;12;0m[48;2;244;16;0m▀[38;2;216;20;4m[48;2;208;20;4m▀[38;2;208;16;0m[48;2;204;16;0m▀[48;2;208;12;0m▀[48;2;208;16;0m▀[38;2;212;12;0m▀[38;2;200;12;0m[48;2;200;12;0m▀[48;2;200;16;0m▀[38;2;200;16;0m[48;2;196;16;0m▀[38;2;180;12;0m[48;2;180;16;0m▀[38;2;188;20;0m[48;2;188;20;4m▀[0m
[38;2;136;140;148m[48;2;120;124;132m▀[38;2;112;116;124m[48;2;104;104;116m▀[38;2;108;116;128m[48;2;108;112;120m▀[38;2;108;108;120m[48;2;96;100;108m▀[38;2;72;76;80m[48;2;68;68;76m▀[38;2;52;52;56m[48;2;40;40;40m▀[38;2;32;32;32m[48;2;32;32;32m▀▀[38;2;40;36;36m[48;2;28;28;28m▀[38;2;140;136;132m[48;2;128;128;124m▀[38;2;60;60;60m[48;2;84;80;80m▀[38;2;4;4;4m[48;2;4;4;4m▀[38;2;8;8;8m[48;2;16;16;16m▀[38;2;8;4;4m[48;2;4;4;4m▀[38;2;24;12;8m[48;2;20;12;12m▀[38;2;8;0;0m[48;2;20;4;4m▀[38;2;4;0;0m[48;2;8;0;0m▀[48;2;4;0;0m▀▀[38;2;16;4;4m[48;2;8;0;0m▀[38;2;36;12;8m[48;2;24;8;4m▀[38;2;44;20;12m[48;2;36;12;8m▀[38;2;52;16;12m[48;2;44;16;12m▀[38;2;60;16;12m[48;2;52;16;8m▀[38;2;68;24;20m[48;2;40;8;4m▀[38;2;36;12;12m[48;2;16;4;0m▀[38;2;28;8;8m[48;2;16;0;0m▀[38;2;64;36;32m[48;2;52;32;28m▀[38;2;80;48;44m[48;2;84;56;52m▀[38;2;12;4;4m[48;2;8;0;0m▀[38;2;24;8;4m[48;2;32;8;4m▀[38;2;40;12;8m[48;2;44;12;8m▀[48;2;36;8;0m▀[38;2;52;32;28m[48;2;56;44;40m▀[38;2;76;96;108m[48;2;72;96;112m▀[38;2;88;120;136m[48;2;88;120;140m▀[38;2;92;120;140m[48;2;100;128;148m▀[38;2;96;124;136m[48;2;84;112;128m▀[38;2;216;156;128m[48;2;148;160;160m▀[38;2;180;88;52m[48;2;188;136;112m▀[38;2;184;80;48m[48;2;156;84;56m▀[38;2;224;92;52m[48;2;176;96;64m▀[38;2;212;96;52m[48;2;160;88;64m▀[38;2;188;84;48m[48;2;140;104;84m▀[38;2;160;84;52m[48;2;132;128;120m▀[38;2;140;92;68m[48;2;112;124;124m▀[38;2;132;112;96m[48;2;96;108;108m▀[38;2;116;112;108m[48;2;96;100;100m▀[38;2;96;104;104m[48;2;96;96;96m▀[38;2;88;92;92m[48;2;100;100;100m▀[38;2;92;96;96m[48;2;100;104;100m▀[48;2;96;100;96m▀[38;2;92;96;92m[48;2;92;100;96m▀[38;2;92;92;92m[48;2;92;96;92m▀[38;2;84;88;88m▀[38;2;76;80;76m[48;2;88;88;84m▀[38;2;72;72;68m[48;2;80;84;80m▀[38;2;60;64;60m[48;2;76;80;76m▀[38;2;56;56;56m[48;2;76;76;76m▀[38;2;56;56;52m[48;2;72;76;76m▀[38;2;52;52;52m[48;2;68;72;72m▀[48;2;68;72;68m▀[48;2;60;64;64m▀[38;2;48;48;48m[48;2;56;56;56m▀[38;2;40;40;40m[48;2;44;44;44m▀[38;2;24;24;24m[48;2;24;24;24m▀[38;2;24;20;20m[48;2;20;20;20m▀[38;2;12;28;28m[48;2;8;20;24m▀[38;2;140;56;40m[48;2;112;48;40m▀[38;2;248;20;0m[48;2;244;20;4m▀[38;2;204;16;0m[48;2;204;16;0m▀[38;2;200;12;0m[48;2;196;12;0m▀[38;2;212;16;0m[48;2;212;16;0m▀[38;2;208;20;0m[48;2;208;16;0m▀[38;2;208;16;0m[48;2;204;16;0m▀[38;2;200;16;0m[48;2;192;12;0m▀[38;2;196;16;0m[48;2;196;12;0m▀[38;2;192;16;0m[48;2;184;12;0m▀[38;2;176;16;0m[48;2;172;16;0m▀[38;2;184;20;4m[48;2;180;20;4m▀[0m
[38;2;100;108;116m[48;2;92;96;104m▀[38;2;92;100;108m[48;2;100;100;108m▀[38;2;100;104;112m[48;2;88;92;100m▀[38;2;80;84;92m[48;2;52;56;56m▀[38;2;48;48;52m[48;2;32;32;32m▀[38;2;32;32;32m[48;2;24;24;24m▀[38;2;28;28;28m[48;2;28;28;28m▀▀[38;2;24;20;24m[48;2;20;16;20m▀[38;2;120;116;116m[48;2;108;104;104m▀[38;2;88;88;88m[48;2;96;96;92m▀[38;2;4;4;4m[48;2;4;4;4m▀[38;2;16;16;16m[48;2;12;12;12m▀[38;2;8;8;8m▀▀[38;2;28;20;16m[48;2;20;20;20m▀[38;2;8;0;0m[48;2;28;16;12m▀[48;2;8;0;0m▀[48;2;12;4;0m▀[38;2;4;0;0m[48;2;8;0;0m▀[38;2;12;4;0m▀[38;2;20;8;4m▀[38;2;32;12;8m[48;2;16;4;4m▀[38;2;36;12;8m▀[38;2;28;8;4m[48;2;20;4;0m▀[38;2;20;4;4m[48;2;20;8;4m▀[38;2;24;8;8m[48;2;28;12;8m▀[38;2;44;24;20m[48;2;28;8;8m▀[48;2;20;4;0m▀[38;2;24;4;0m[48;2;24;8;4m▀[38;2;36;8;4m[48;2;36;8;4m▀[38;2;40;12;8m[48;2;40;12;8m▀[38;2;32;4;0m[48;2;32;4;0m▀[38;2;60;48;48m[48;2;60;52;52m▀[38;2;72;100;116m[48;2;88;116;132m▀[38;2;96;124;140m[48;2;104;124;136m▀[38;2;100;124;136m[48;2;100;116;120m▀[38;2;96;120;132m[48;2;104;120;124m▀[38;2;96;120;128m[48;2;100;116;120m▀[38;2;120;136;144m[48;2;100;120;128m▀[38;2;132;132;128m[48;2;104;120;124m▀[38;2;120;116;112m[48;2;100;112;112m▀[38;2;108;112;108m[48;2;100;108;108m▀[38;2;104;112;112m[48;2;104;108;108m▀[38;2;104;116;120m[48;2;112;116;112m▀[38;2;112;120;120m[48;2;116;120;112m▀[38;2;116;124;116m[48;2;112;112;108m▀[38;2;116;120;112m[48;2;108;108;104m▀[38;2;108;112;104m[48;2;108;112;100m▀[38;2;108;108;100m[48;2;108;112;104m▀[38;2;104;104;96m▀[38;2;100;100;96m[48;2;108;108;100m▀[38;2;100;104;96m[48;2;112;112;104m▀[38;2;104;108;100m▀[38;2;104;104;100m[48;2;104;108;96m▀[38;2;96;100;92m[48;2;100;104;96m▀[38;2;92;96;92m[48;2;96;96;84m▀[38;2;88;92;88m[48;2;80;80;68m▀[38;2;80;84;84m[48;2;64;64;52m▀[38;2;76;80;80m[48;2;56;56;48m▀[38;2;68;68;68m[48;2;52;52;44m▀[38;2;56;60;56m[48;2;48;48;44m▀[38;2;48;48;48m[48;2;40;40;40m▀[38;2;40;40;40m[48;2;24;24;24m▀[38;2;32;32;32m▀[38;2;24;24;24m[48;2;28;28;28m▀[38;2;24;20;20m[48;2;24;20;20m▀[38;2;12;20;24m[48;2;8;16;20m▀[38;2;100;52;44m[48;2;100;52;44m▀[38;2;236;20;4m[48;2;236;24;8m▀[38;2;196;12;0m[48;2;192;12;0m▀▀[38;2;204;12;0m[48;2;204;12;0m▀[38;2;200;12;0m[48;2;196;12;0m▀[48;2;192;12;0m▀[38;2;188;12;0m[48;2;188;12;0m▀[38;2;192;12;0m▀[38;2;180;12;0m[48;2;176;8;0m▀[38;2;168;16;0m[48;2;164;12;0m▀[38;2;172;16;0m[48;2;168;12;0m▀[0m
[38;2;96;96;104m[48;2;92;96;100m▀[38;2;96;100;108m[48;2;84;88;92m▀[38;2;76;76;84m[48;2;60;60;64m▀[38;2;40;40;40m[48;2;32;32;32m▀[38;2;24;24;24m[48;2;24;24;24m▀[48;2;28;32;36m▀[38;2;36;36;40m[48;2;36;36;36m▀[38;2;32;32;32m[48;2;20;20;20m▀[38;2;12;12;12m[48;2;12;12;12m▀[38;2;88;88;88m[48;2;68;64;64m▀[38;2;96;92;92m[48;2;104;104;100m▀[38;2;8;8;8m[48;2;20;20;16m▀[38;2;16;16;16m[48;2;28;28;28m▀[38;2;12;12;12m[48;2;24;24;24m▀[38;2;20;20;20m[48;2;16;16;16m▀[38;2;16;16;20m[48;2;24;24;24m▀[38;2;32;28;28m▀[38;2;28;12;12m[48;2;40;36;36m▀[38;2;8;0;0m[48;2;28;16;12m▀[38;2;12;4;0m[48;2;12;0;0m▀[38;2;4;0;0m▀[38;2;8;0;0m[48;2;12;4;0m▀[38;2;12;0;0m▀[38;2;12;4;0m▀[38;2;16;4;0m▀[38;2;16;8;4m[48;2;16;4;0m▀[38;2;24;12;8m[48;2;16;8;4m▀[38;2;20;8;4m[48;2;20;8;4m▀[38;2;20;4;0m[48;2;20;4;0m▀[38;2;24;4;4m▀[38;2;36;8;4m[48;2;24;4;0m▀[38;2;40;12;4m[48;2;28;8;4m▀[38;2;28;4;0m[48;2;24;4;0m▀[38;2;68;52;52m[48;2;80;72;72m▀[38;2;88;112;120m[48;2;88;112;120m▀[38;2;104;116;120m[48;2;112;128;128m▀[48;2;120;128;132m▀[38;2;108;120;124m[48;2;116;124;124m▀[38;2;108;120;120m[48;2;112;124;120m▀[38;2;104;116;116m[48;2;112;120;112m▀[38;2;108;116;112m[48;2;112;116;104m▀[38;2;108;112;108m▀[38;2;104;108;108m[48;2;108;116;108m▀[38;2;104;108;104m[48;2;108;116;104m▀[48;2;108;112;100m▀▀[38;2;104;108;100m[48;2;112;112;100m▀[38;2;100;104;96m[48;2;108;112;100m▀▀[38;2;108;108;100m[48;2;112;112;100m▀[38;2;112;112;96m[48;2;112;112;96m▀[38;2;108;112;92m[48;2;104;108;92m▀[38;2;104;108;92m[48;2;100;100;88m▀[38;2;104;104;92m[48;2;96;96;84m▀[38;2;96;100;88m[48;2;92;96;84m▀[38;2;92;96;84m[48;2;88;88;76m▀[38;2;88;92;76m[48;2;84;84;76m▀[38;2;80;80;68m[48;2;80;84;76m▀[38;2;72;72;64m[48;2;80;80;72m▀[38;2;64;68;60m[48;2;76;76;72m▀[38;2;60;64;56m[48;2;68;68;64m▀[38;2;60;60;56m[48;2;60;60;60m▀[38;2;48;48;44m[48;2;56;56;52m▀[38;2;32;32;32m[48;2;48;48;44m▀[38;2;20;20;20m[48;2;28;28;28m▀[48;2;16;16;20m▀[38;2;20;16;16m[48;2;20;20;20m▀[38;2;4;12;16m[48;2;4;16;16m▀[38;2;100;48;44m[48;2;100;44;36m▀[38;2;236;20;8m[48;2;232;16;4m▀[38;2;192;8;0m[48;2;196;8;0m▀[38;2;192;12;0m[48;2;196;16;0m▀[38;2;200;12;0m[48;2;200;12;0m▀[38;2;196;12;0m[48;2;192;8;0m▀[38;2;188;8;0m[48;2;188;8;0m▀[38;2;180;8;0m[48;2;176;8;0m▀[38;2;184;8;0m[48;2;184;8;0m▀[38;2;176;8;0m[48;2;172;12;0m▀[38;2;160;8;0m[48;2;164;8;0m▀[38;2;172;12;0m[48;2;172;12;0m▀[0m
[38;2;88;92;96m[48;2;80;80;88m▀[38;2;76;76;80m[48;2;64;64;68m▀[38;2;44;44;44m[48;2;40;40;40m▀[38;2;28;28;28m[48;2;36;36;36m▀[38;2;36;36;36m[48;2;40;40;44m▀[38;2;44;44;44m[48;2;44;44;48m▀[38;2;28;28;28m[48;2;24;24;24m▀[38;2;16;16;12m[48;2;16;16;16m▀[38;2;28;28;24m[48;2;32;28;28m▀[38;2;48;44;44m[48;2;40;40;36m▀[38;2;124;120;116m[48;2;116;112;108m▀[38;2;60;60;56m[48;2;84;84;80m▀[38;2;32;32;32m[48;2;28;28;28m▀[38;2;24;24;24m[48;2;28;24;28m▀[48;2;28;28;24m▀[38;2;16;16;16m[48;2;20;20;20m▀[38;2;24;24;24m[48;2;16;16;16m▀[38;2;28;28;28m[48;2;24;24;24m▀[38;2;40;40;40m[48;2;28;32;32m▀[38;2;36;28;28m[48;2;32;36;40m▀[38;2;28;12;12m[48;2;40;36;40m▀[38;2;12;0;0m[48;2;40;32;28m▀[38;2;8;0;0m[48;2;32;16;16m▀[48;2;24;4;4m▀[38;2;12;4;0m[48;2;12;0;0m▀▀▀[38;2;24;8;8m[48;2;20;4;0m▀[38;2;24;4;4m▀[38;2;16;4;0m[48;2;12;0;0m▀[38;2;16;0;0m[48;2;16;0;0m▀[38;2;12;0;0m[48;2;40;16;12m▀[38;2;36;16;12m[48;2;84;68;64m▀[38;2;88;92;96m[48;2;80;92;96m▀[38;2;88;112;120m[48;2;88;104;112m▀[38;2;104;112;112m[48;2;108;112;108m▀[38;2;108;112;104m[48;2;104;108;100m▀[38;2;104;112;108m[48;2;108;112;100m▀[48;2;108;112;104m▀[38;2;108;112;104m▀[38;2;108;112;100m▀[38;2;108;112;104m▀[38;2;112;116;104m[48;2;108;112;100m▀[38;2;108;112;104m[48;2;104;108;100m▀[38;2;104;108;100m[48;2;108;112;96m▀[48;2;104;108;96m▀[38;2;108;108;100m[48;2;100;100;84m▀[38;2;104;108;96m[48;2;88;92;72m▀[38;2;108;108;84m[48;2;88;88;60m▀[38;2;108;104;80m[48;2;88;84;56m▀[38;2;104;104;76m▀[38;2;100;100;72m[48;2;84;84;56m▀[38;2;92;92;72m[48;2;80;80;56m▀[38;2;84;88;72m[48;2;76;76;56m▀[38;2;80;80;68m[48;2;68;68;52m▀[38;2;72;72;64m[48;2;60;60;48m▀[38;2;68;68;60m[48;2;56;56;48m▀[38;2;64;64;56m[48;2;52;56;48m▀[38;2;60;60;52m[48;2;48;48;40m▀[38;2;56;56;48m[48;2;40;40;32m▀[38;2;52;52;44m[48;2;36;36;32m▀[38;2;48;52;48m[48;2;32;32;28m▀[38;2;44;44;40m[48;2;20;20;20m▀[38;2;36;36;36m▀[38;2;24;28;28m▀[38;2;24;24;24m[48;2;24;24;24m▀[38;2;24;20;20m[48;2;24;20;20m▀[38;2;4;16;16m[48;2;4;16;20m▀[38;2;100;40;32m[48;2;120;36;28m▀[38;2;228;12;4m[48;2;224;8;0m▀[38;2;192;8;0m[48;2;192;8;0m▀[38;2;192;16;0m[48;2;192;12;0m▀[38;2;200;12;0m[48;2;196;12;0m▀[38;2;188;8;0m[48;2;184;8;0m▀[38;2;184;8;0m[48;2;176;8;0m▀[38;2;176;8;0m[48;2;176;12;0m▀[38;2;180;12;0m[48;2;160;12;0m▀[38;2;168;12;0m▀[38;2;160;8;0m[48;2;160;8;0m▀[38;2;172;12;0m[48;2;172;12;0m▀[0m
[38;2;64;64;72m[48;2;52;48;48m▀[38;2;64;68;68m[48;2;60;56;56m▀[38;2;40;40;40m[48;2;44;44;44m▀[38;2;32;32;36m[48;2;36;36;36m▀[38;2;44;44;48m[48;2;36;36;40m▀[38;2;48;48;52m[48;2;44;44;48m▀[38;2;28;28;28m[48;2;28;28;28m▀[38;2;16;16;16m[48;2;24;24;24m▀[38;2;28;24;24m[48;2;28;28;24m▀[38;2;28;28;24m[48;2;16;16;16m▀[38;2;92;88;84m[48;2;84;80;76m▀[38;2;92;88;80m[48;2;112;104;96m▀[38;2;32;32;28m[48;2;40;40;36m▀[38;2;32;32;32m[48;2;36;36;36m▀[38;2;36;32;32m[48;2;32;32;28m▀[38;2;24;24;24m[48;2;32;32;32m▀[48;2;28;32;32m▀[38;2;28;28;28m▀[38;2;32;32;32m[48;2;32;36;36m▀[38;2;36;36;36m[48;2;40;44;44m▀[38;2;36;40;44m[48;2;48;48;52m▀[38;2;40;44;48m[48;2;44;44;48m▀[38;2;48;48;52m[48;2;36;40;44m▀[38;2;60;52;52m[48;2;40;44;48m▀[38;2;52;40;36m[48;2;52;60;64m▀[38;2;32;20;20m[48;2;60;60;64m▀[38;2;32;16;16m[48;2;64;64;64m▀[38;2;32;16;12m[48;2;64;68;68m▀[38;2;40;20;16m▀[38;2;44;24;20m[48;2;60;68;68m▀[38;2;56;48;44m[48;2;64;72;72m▀[38;2;64;64;64m[48;2;72;76;80m▀[38;2;68;72;76m[48;2;84;88;92m▀[38;2;84;92;96m[48;2;96;104;108m▀[38;2;100;108;112m[48;2;104;116;120m▀[38;2;108;116;120m▀[38;2;112;120;116m[48;2;100;108;112m▀[38;2;112;116;108m[48;2;100;104;104m▀[38;2;108;108;100m[48;2;96;100;100m▀[38;2;104;108;100m[48;2;96;96;92m▀[38;2;104;108;96m[48;2;96;100;92m▀[38;2;104;108;92m[48;2;92;96;88m▀[38;2;100;104;88m[48;2;92;92;84m▀[38;2;100;104;84m[48;2;88;92;80m▀[38;2;100;104;88m[48;2;84;88;80m▀[38;2;104;104;88m[48;2;80;84;76m▀[38;2;96;100;84m[48;2;76;80;76m▀[38;2;96;100;80m[48;2;72;76;72m▀[38;2;96;96;80m[48;2;64;68;64m▀[38;2;88;92;76m[48;2;60;64;60m▀[38;2;84;84;72m[48;2;56;60;56m▀[38;2;80;80;68m[48;2;52;56;56m▀[38;2;76;76;68m[48;2;48;52;48m▀[38;2;76;76;64m[48;2;44;48;44m▀[38;2;64;64;52m[48;2;36;40;36m▀[38;2;48;52;40m[48;2;28;28;28m▀[38;2;48;48;36m[48;2;28;32;28m▀[38;2;44;44;36m[48;2;32;32;28m▀[38;2;36;40;28m[48;2;20;24;20m▀[38;2;32;32;24m[48;2;16;16;16m▀[38;2;28;28;24m[48;2;20;20;20m▀[48;2;36;36;36m▀[38;2;36;36;36m[48;2;52;52;52m▀[38;2;24;24;20m[48;2;40;40;36m▀[38;2;16;16;16m[48;2;40;40;40m▀[48;2;36;36;36m▀[38;2;24;20;20m[48;2;40;40;40m▀[38;2;4;16;16m[48;2;24;36;40m▀[38;2;132;28;20m[48;2;140;36;28m▀[38;2;220;8;0m[48;2;204;8;0m▀[38;2;192;8;0m[48;2;196;16;4m▀[38;2;192;12;0m[48;2;192;16;4m▀[38;2;196;12;0m[48;2;192;12;0m▀[38;2;184;8;0m[48;2;184;8;0m▀[38;2;172;8;0m[48;2;164;12;0m▀[38;2;176;12;0m[48;2;172;12;0m▀[38;2;172;12;0m[48;2;164;16;0m▀[38;2;168;12;0m[48;2;156;16;0m▀[38;2;160;12;0m[48;2;148;16;4m▀[38;2;164;16;0m[48;2;156;28;8m▀[0m

     * Ты — и система. Познакомились. Дальше будет только жёстче. *

ART
