#!/bin/sh
# rm-basics: meme «This Is Fine». Regenerate: meme.py render "This Is Fine"
cat <<'ART'

[38;2;96;84;68m[48;2;88;72;48m▀[38;2;120;100;60m[48;2;128;100;44m▀[38;2;116;96;56m[48;2;124;100;44m▀[38;2;112;92;56m[48;2;148;120;48m▀[48;2;164;128;52m▀[48;2;160;128;52m▀[48;2;160;128;48m▀[48;2;164;128;48m▀[48;2;172;136;56m▀[38;2;116;96;56m[48;2;172;140;56m▀[38;2;120;100;60m[48;2;144;116;52m▀[38;2;116;96;56m[48;2;164;132;56m▀[48;2;176;136;56m▀[38;2;120;96;60m[48;2;172;132;60m▀[48;2;176;136;64m▀[48;2;172;132;64m▀[38;2;120;96;68m[48;2;180;136;72m▀[38;2;128;104;76m[48;2;184;140;80m▀[38;2;132;104;80m[48;2;188;140;84m▀[38;2;136;108;84m[48;2;148;108;76m▀[38;2;128;104;80m[48;2;96;72;56m▀[38;2;112;92;72m[48;2;152;116;76m▀[38;2;124;100;76m[48;2;172;132;84m▀[38;2;120;96;72m[48;2;172;132;80m▀[48;2;176;132;84m▀[48;2;184;140;84m▀[38;2;120;92;72m[48;2;188;140;92m▀[38;2;120;96;76m[48;2;176;132;84m▀[48;2;172;128;92m▀[38;2;120;96;80m[48;2;176;132;96m▀▀[38;2;120;96;84m[48;2;176;132;100m▀[38;2;120;96;80m[48;2;172;132;100m▀[48;2;176;132;104m▀[38;2;120;96;84m[48;2;188;140;112m▀[38;2;132;104;92m[48;2;160;120;96m▀[38;2;136;108;88m[48;2;204;152;120m▀[38;2;136;108;92m[48;2;212;156;120m▀[38;2;120;96;80m[48;2;188;132;100m▀[38;2;152;140;132m[48;2;156;140;132m▀[38;2;148;136;128m[48;2;132;120;116m▀[38;2;128;100;84m[48;2;144;100;80m▀[38;2;132;104;92m[48;2;152;112;92m▀[38;2;128;100;88m[48;2;140;100;84m▀[38;2;132;100;88m[48;2;128;92;76m▀[38;2;116;92;80m▀[38;2;112;84;76m[48;2;148;104;88m▀[38;2;116;88;76m[48;2;164;116;96m▀▀[38;2;132;96;80m[48;2;176;116;92m▀[38;2;132;100;84m[48;2;128;92;80m▀[38;2;88;72;68m[48;2;216;212;212m▀[38;2;164;160;152m[48;2;255;255;255m▀[38;2;176;168;164m▀▀▀▀[38;2;176;168;168m▀▀[38;2;180;168;168m▀▀▀▀▀[38;2;176;168;168m▀▀▀[38;2;176;172;172m▀[38;2;176;168;168m▀[38;2;176;168;172m▀▀▀▀[38;2;176;168;168m▀[38;2;176;172;172m▀[38;2;136;128;128m[48;2;248;248;248m▀[38;2;100;76;72m[48;2;124;104;100m▀[38;2;124;92;92m[48;2;156;108;104m▀[38;2;108;80;84m[48;2;156;100;112m▀[38;2;116;92;96m[48;2;128;88;96m▀[0m
[38;2;104;88;56m[48;2;92;80;48m▀[38;2;160;128;52m[48;2;140;112;44m▀[38;2;160;132;56m[48;2;148;120;48m▀[38;2;164;132;52m[48;2;152;124;52m▀[38;2;160;132;52m[48;2;148;120;52m▀[38;2;164;132;52m[48;2;136;112;48m▀[38;2;168;136;52m[48;2;112;92;40m▀[38;2;160;132;52m[48;2;100;84;40m▀[38;2;132;108;48m[48;2;116;96;44m▀[38;2;84;68;32m[48;2;148;124;52m▀[38;2;104;84;44m[48;2;132;104;44m▀[38;2;168;132;56m[48;2;100;84;40m▀[38;2;180;144;60m[48;2;104;84;40m▀[38;2;184;144;60m[48;2;108;88;40m▀[38;2;184;144;64m[48;2;100;80;36m▀[38;2;180;140;68m[48;2;92;72;40m▀[38;2;160;124;68m[48;2;92;76;40m▀[38;2;132;100;60m[48;2;120;92;44m▀[38;2;84;64;40m[48;2;124;96;52m▀[38;2;104;80;56m[48;2;128;96;60m▀[38;2;172;128;80m[48;2;136;100;60m▀[38;2;192;144;84m[48;2;140;104;60m▀[48;2;152;112;64m▀[38;2;192;148;88m[48;2;116;88;56m▀[38;2;176;136;84m[48;2;96;68;48m▀[38;2;112;88;56m[48;2;120;92;60m▀[38;2;84;68;44m[48;2;128;96;64m▀[38;2;172;132;84m[48;2;80;64;44m▀[38;2;188;140;96m[48;2;116;88;60m▀[38;2;180;136;92m[48;2;144;108;76m▀[38;2;184;140;96m[48;2;152;112;80m▀[38;2;188;144;104m[48;2;148;112;84m▀[38;2;192;144;108m[48;2;124;96;72m▀[38;2;184;136;100m[48;2;88;68;52m▀[38;2;128;92;76m[48;2;108;84;60m▀[38;2;92;68;56m[48;2;180;136;104m▀[38;2;104;76;64m[48;2;168;124;92m▀[38;2;124;96;80m[48;2;120;92;72m▀[38;2;156;112;84m[48;2;84;60;44m▀[38;2;152;140;128m[48;2;120;112;108m▀[38;2;132;120;116m[48;2;140;128;124m▀[38;2;128;92;68m[48;2;160;112;84m▀[38;2;144;108;88m[48;2;176;124;100m▀[38;2;144;100;88m[48;2;168;120;96m▀[38;2;148;104;88m[48;2;160;116;96m▀[38;2;156;112;92m[48;2;156;108;92m▀[38;2;160;112;96m[48;2;152;108;88m▀[38;2;156;108;92m[48;2;156;108;88m▀[38;2;168;116;96m[48;2;152;100;84m▀[38;2;112;76;68m[48;2;116;92;88m▀[38;2;196;196;192m[48;2;255;255;255m▀[38;2;255;255;255m[48;2;252;252;252m▀[48;2;216;212;208m▀[48;2;168;164;160m▀[48;2;236;232;232m▀[48;2;248;244;244m▀[48;2;252;252;252m▀[48;2;228;224;224m▀[48;2;204;200;200m▀[38;2;255;252;255m[48;2;255;255;255m▀[38;2;255;252;252m▀[38;2;255;255;255m[48;2;244;244;244m▀[48;2;220;216;216m▀[48;2;220;212;216m▀[38;2;252;252;252m[48;2;255;255;255m▀▀[38;2;255;255;255m[48;2;236;232;232m▀[48;2;208;204;204m▀[48;2;252;252;252m▀▀[38;2;252;252;252m[48;2;255;255;255m▀[38;2;255;255;255m[48;2;228;224;228m▀[48;2;224;220;220m▀[38;2;252;252;252m[48;2;255;255;255m▀[48;2;252;252;252m▀[38;2;255;255;255m[48;2;255;255;255m▀[38;2;160;156;156m[48;2;188;184;184m▀[38;2;112;68;76m[48;2;100;60;68m▀[38;2;152;100;112m[48;2;144;92;108m▀[38;2;100;72;76m[48;2;88;64;72m▀[0m
[38;2;100;88;52m[48;2;116;100;56m▀[38;2;136;112;48m[48;2;180;148;60m▀[38;2;124;100;44m[48;2;168;140;52m▀[38;2;120;100;40m[48;2;172;144;52m▀[38;2;116;96;40m[48;2;176;148;52m▀[38;2;120;96;44m[48;2;140;120;44m▀[38;2;140;120;52m[48;2;136;120;52m▀[38;2;164;136;56m[48;2;184;156;72m▀[38;2;180;148;60m[48;2;172;148;64m▀[38;2;180;152;64m[48;2;188;156;68m▀[38;2;184;152;60m[48;2;184;156;64m▀[38;2;188;152;60m[48;2;184;152;64m▀[38;2;164;136;52m[48;2;200;168;72m▀[38;2;152;120;52m[48;2;148;120;56m▀[38;2;164;132;52m[48;2;100;80;44m▀[38;2;180;144;56m[48;2;176;144;68m▀[38;2;200;152;60m[48;2;180;148;60m▀[38;2;220;164;68m[48;2;160;132;52m▀[38;2;220;164;76m[48;2;128;100;44m▀[38;2;176;132;60m[48;2;92;76;36m▀[38;2;164;124;68m[48;2;176;132;72m▀[38;2;136;104;52m[48;2;228;176;84m▀[38;2;140;104;52m[48;2;212;156;68m▀[38;2;156;112;64m[48;2;204;148;68m▀[38;2;172;128;72m[48;2;188;136;64m▀[38;2;192;140;84m[48;2;164;120;60m▀[38;2;184;136;84m[48;2;172;124;68m▀[38;2;160;116;80m[48;2;188;140;80m▀[38;2;120;88;64m[48;2;208;152;96m▀[38;2;104;76;56m[48;2;204;152;100m▀[48;2;188;140;96m▀[38;2;116;88;68m[48;2;132;96;72m▀[38;2;112;84;68m[48;2;124;92;64m▀[38;2;160;120;92m[48;2;180;132;92m▀[38;2;188;136;104m[48;2;176;132;84m▀[38;2;180;132;92m[48;2;204;148;84m▀[38;2;184;132;92m[48;2;204;152;88m▀[38;2;176;132;96m[48;2;156;116;72m▀[38;2;164;120;84m[48;2;120;88;52m▀[38;2;148;132;124m[48;2;136;124;116m▀[38;2;136;124;120m[48;2;140;128;120m▀[38;2;148;104;80m[48;2;144;96;76m▀[38;2;172;124;100m[48;2;132;92;80m▀[38;2;168;120;96m[48;2;140;100;80m▀[38;2;156;108;88m[48;2;148;108;84m▀[38;2;144;100;84m[48;2;156;108;84m▀[38;2;140;96;76m[48;2;160;108;84m▀[38;2;144;96;80m[48;2;156;108;88m▀[38;2;144;92;76m[48;2;140;92;76m▀[38;2;136;116;112m[48;2;104;80;76m▀[38;2;255;255;255m[48;2;252;252;252m▀▀[38;2;232;232;228m▀[38;2;140;128;124m[48;2;212;208;204m▀[38;2;156;144;144m[48;2;184;176;176m▀[38;2;108;92;92m[48;2;152;140;136m▀[38;2;184;172;172m[48;2;180;168;168m▀[38;2;156;144;140m[48;2;212;204;204m▀[38;2;140;124;124m[48;2;144;132;132m▀[38;2;252;252;252m[48;2;248;248;248m▀[38;2;255;255;255m[48;2;255;255;255m▀[38;2;208;200;200m[48;2;200;192;192m▀[38;2;136;124;124m[48;2;192;180;180m▀[38;2;136;120;120m[48;2;152;140;140m▀[38;2;240;240;240m[48;2;228;228;228m▀[38;2;255;255;255m[48;2;255;255;255m▀[38;2;136;124;124m[48;2;160;148;148m▀[38;2;164;156;156m[48;2;228;224;224m▀[38;2;204;196;196m[48;2;180;172;172m▀[38;2;136;124;128m[48;2;164;156;156m▀[38;2;140;124;128m[48;2;152;140;144m▀[38;2;124;108;112m[48;2;128;116;120m▀[38;2;160;148;152m[48;2;200;196;200m▀[38;2;255;255;255m[48;2;220;216;220m▀[38;2;252;252;252m[48;2;252;252;252m▀[38;2;255;255;255m[48;2;255;255;255m▀[38;2;188;188;184m[48;2;168;160;160m▀[38;2;96;60;64m[48;2;120;72;80m▀[38;2;148;92;108m[48;2;164;108;116m▀[38;2;96;68;76m[48;2;108;76;84m▀[0m
[38;2;128;104;68m[48;2;112;96;68m▀[38;2;192;156;72m[48;2;188;152;96m▀[38;2;176;148;64m[48;2;176;144;92m▀[38;2;168;140;56m[48;2;96;80;44m▀[38;2;160;128;52m[48;2;100;92;44m▀[38;2;192;160;80m[48;2;128;116;72m▀[38;2;100;84;56m[48;2;132;124;72m▀[38;2;120;96;52m[48;2;120;120;52m▀[38;2;180;148;72m[48;2;108;104;44m▀[38;2;180;148;64m[48;2;100;96;44m▀[38;2;184;148;68m[48;2;100;100;40m▀[38;2;168;136;68m[48;2;112;116;44m▀[38;2;124;104;64m[48;2;152;164;48m▀[38;2;88;88;36m[48;2;220;228;60m▀[38;2;168;168;40m[48;2;236;244;48m▀[38;2;164;172;36m▀[38;2;140;148;40m[48;2;240;244;44m▀[38;2;140;148;36m[48;2;232;236;40m▀[38;2;172;180;32m[48;2;228;232;40m▀[38;2;192;192;40m[48;2;224;228;32m▀[38;2;100;100;44m[48;2;212;224;44m▀[38;2;100;84;40m[48;2;184;192;44m▀[38;2;120;92;44m[48;2;172;168;44m▀[38;2;120;88;44m[48;2;152;144;36m▀[38;2;108;76;40m[48;2;108;104;44m▀[38;2;72;60;32m[48;2;124;116;56m▀[38;2;84;68;36m[48;2;112;108;52m▀[38;2;120;100;56m[48;2;92;92;48m▀[38;2;128;108;60m[48;2;88;84;48m▀[38;2;116;92;56m[48;2;112;108;60m▀[38;2;88;72;44m[48;2;140;132;68m▀[38;2;100;76;56m[48;2;188;180;92m▀[38;2;188;140;92m[48;2;132;124;60m▀[38;2;192;140;80m[48;2;132;112;68m▀[38;2;188;136;68m[48;2;116;92;56m▀[38;2;140;100;48m[48;2;100;92;40m▀[38;2;108;80;44m[48;2;136;128;52m▀[38;2;164;120;60m[48;2;136;124;48m▀[38;2;188;140;72m[48;2;124;116;48m▀[38;2;164;148;124m[48;2;144;140;116m▀[38;2;136;124;116m[48;2;148;132;120m▀[38;2;160;112;76m[48;2;160;112;64m▀[38;2;160;116;84m[48;2;172;128;88m▀[38;2;132;96;68m[48;2;180;132;96m▀[38;2;100;72;52m[48;2;172;128;92m▀[38;2;80;56;44m[48;2;168;120;92m▀[38;2;64;44;32m[48;2;180;128;96m▀[38;2;72;48;44m[48;2;188;128;96m▀[38;2;100;68;56m[48;2;160;112;88m▀[38;2;96;64;48m[48;2;164;112;88m▀[38;2;196;188;192m[48;2;104;72;64m▀[38;2;255;255;255m[48;2;196;196;196m▀[38;2;252;248;248m[48;2;255;255;255m▀[38;2;255;255;255m▀▀[48;2;252;248;248m▀[38;2;252;248;248m[48;2;252;252;252m▀[38;2;252;252;252m▀[38;2;255;255;255m▀▀▀[38;2;252;248;252m[48;2;252;255;255m▀[38;2;248;244;244m[48;2;255;255;255m▀[38;2;252;252;252m▀[38;2;255;255;255m[48;2;255;255;252m▀[48;2;255;255;255m▀[38;2;252;252;252m▀[38;2;255;255;255m[48;2;252;252;252m▀[38;2;244;244;244m[48;2;255;255;255m▀[38;2;255;255;255m[48;2;252;252;252m▀▀[38;2;228;224;228m[48;2;255;255;255m▀[38;2;232;228;228m▀[38;2;248;244;244m▀[38;2;252;252;252m▀[38;2;255;255;255m[48;2;180;176;180m▀[38;2;112;96;100m[48;2;128;92;96m▀[38;2;92;64;68m[48;2;152;112;124m▀[38;2;96;72;72m[48;2;120;92;96m▀[38;2;80;60;60m[48;2;100;80;76m▀[0m
[38;2;108;108;72m[48;2;148;148;80m▀[38;2;136;136;72m[48;2;228;240;84m▀[38;2;120;124;64m[48;2;220;232;76m▀[38;2;148;160;56m[48;2;208;224;64m▀[38;2;200;216;64m[48;2;196;216;64m▀[38;2;180;196;60m[48;2;220;236;72m▀[38;2;196;212;64m[48;2;144;152;60m▀[38;2;212;228;72m[48;2;100;100;48m▀[38;2;192;216;60m[48;2;112;112;52m▀[38;2;184;204;60m[48;2;100;104;48m▀[48;2;96;96;44m▀[38;2;192;208;64m[48;2;96;96;48m▀[38;2;188;204;56m[48;2;96;100;52m▀[38;2;172;188;52m[48;2;100;100;48m▀[38;2;168;176;48m[48;2;112;112;52m▀[38;2;164;172;48m[48;2;20;24;12m▀[38;2;176;184;48m[48;2;40;40;20m▀[38;2;216;224;44m[48;2;220;228;56m▀[38;2;212;220;44m[48;2;216;224;44m▀[38;2;220;224;40m[48;2;220;228;40m▀[38;2;224;224;40m[48;2;224;224;44m▀[38;2;240;236;44m[48;2;228;228;48m▀[38;2;248;244;44m[48;2;232;232;48m▀[38;2;232;232;44m[48;2;220;212;48m▀[38;2;148;140;52m[48;2;128;128;56m▀[38;2;128;124;60m[48;2;124;124;60m▀[38;2;140;132;64m[48;2;140;132;68m▀[38;2;140;132;72m[48;2;132;124;68m▀[48;2;144;132;76m▀[38;2;120;116;68m[48;2;124;120;68m▀[38;2;104;104;56m[48;2;112;116;56m▀[38;2;232;224;88m[48;2;216;208;76m▀[38;2;252;248;96m[48;2;244;240;92m▀[38;2;232;228;104m[48;2;248;236;100m▀[38;2;228;224;100m[48;2;244;236;96m▀[38;2;232;232;84m[48;2;236;232;84m▀[38;2;232;232;76m[48;2;232;232;80m▀[38;2;244;244;80m[48;2;232;232;88m▀[38;2;220;224;56m[48;2;224;228;76m▀[38;2;168;168;124m[48;2;172;172;128m▀[38;2;148;132;124m[48;2;148;140;124m▀[38;2;176;124;76m[48;2;152;128;84m▀[38;2;188;140;104m[48;2;136;108;88m▀[38;2;200;148;120m[48;2;128;100;88m▀[48;2;120;96;80m▀[38;2;200;148;124m[48;2;112;92;76m▀[38;2;180;128;104m[48;2;132;124;88m▀[38;2;176;128;108m[48;2;96;84;72m▀[38;2;188;144;128m[48;2;116;80;56m▀[38;2;156;112;96m[48;2;124;80;56m▀[38;2;172;124;108m[48;2;128;88;84m▀[38;2;108;80;72m[48;2;180;132;120m▀[38;2;152;144;144m[48;2;132;88;80m▀[38;2;220;220;220m[48;2;100;76;76m▀[38;2;255;255;255m[48;2;100;84;88m▀[48;2;128;116;120m▀[48;2;164;156;156m▀[48;2;168;164;160m▀[48;2;180;176;176m▀[48;2;184;180;184m▀[48;2;176;176;180m▀[48;2;212;208;208m▀[38;2;252;255;255m[48;2;255;255;255m▀[38;2;255;255;255m[48;2;252;252;252m▀[48;2;244;240;244m▀▀[48;2;236;232;236m▀[48;2;228;224;228m▀[48;2;236;232;232m▀[48;2;220;216;220m▀[48;2;200;196;196m▀[48;2;164;160;160m▀[48;2;124;116;116m▀[38;2;228;228;228m[48;2;108;84;92m▀[38;2;152;144;148m[48;2;132;100;112m▀[38;2;124;96;104m[48;2;136;100;116m▀[38;2;208;160;172m[48;2;128;96;108m▀[38;2;156;116;128m[48;2;148;112;128m▀[38;2;140;108;112m[48;2;156;112;124m▀[38;2;108;88;84m[48;2;120;92;92m▀[0m
[38;2;136;140;68m[48;2;136;140;64m▀[38;2;216;224;68m[48;2;216;228;64m▀[38;2;208;220;60m[48;2;196;212;64m▀[38;2;204;220;60m[48;2;184;196;60m▀[38;2;200;216;60m[48;2;204;220;64m▀[38;2;216;228;72m[48;2;212;224;52m▀[38;2;136;132;56m[48;2;120;120;36m▀[38;2;140;132;64m[48;2;128;124;56m▀[38;2;136;128;64m[48;2;132;132;56m▀[38;2;132;132;60m[48;2;140;136;60m▀[38;2;140;136;60m[48;2;136;132;60m▀[48;2;136;128;60m▀[38;2;144;136;60m[48;2;136;132;56m▀[48;2;140;132;56m▀[38;2;152;148;64m[48;2;148;140;60m▀[38;2;36;36;20m[48;2;32;28;20m▀[38;2;44;40;12m[48;2;52;48;8m▀[38;2;216;224;52m[48;2;224;228;44m▀[38;2;220;224;56m[48;2;220;224;48m▀[38;2;216;224;40m[48;2;220;224;40m▀[38;2;216;224;44m[48;2;216;224;40m▀[38;2;220;224;44m[48;2;220;224;48m▀[38;2;228;228;44m[48;2;224;228;52m▀[38;2;220;212;52m[48;2;216;216;56m▀[38;2;116;108;48m[48;2;112;104;48m▀[38;2;116;108;56m[48;2;112;100;56m▀[38;2;136;124;64m[48;2;140;124;64m▀[38;2;128;116;64m[48;2;124;112;60m▀[38;2;144;132;72m[48;2;128;116;68m▀[38;2;120;116;64m[48;2;108;104;56m▀[38;2;112;112;56m[48;2;108;108;52m▀[38;2;216;208;72m[48;2;212;208;64m▀[38;2;244;240;80m[48;2;236;236;68m▀[38;2;236;232;84m[48;2;236;228;76m▀[48;2;232;228;76m▀[38;2;232;232;84m[48;2;228;228;76m▀[38;2;228;228;92m[48;2;244;240;96m▀[38;2;232;232;100m[48;2;236;236;96m▀[38;2;224;228;92m[48;2;224;224;88m▀[38;2;168;168;132m[48;2;172;168;136m▀[38;2;156;160;132m[48;2;156;156;124m▀[38;2;228;228;116m[48;2;228;224;104m▀[38;2;224;220;136m[48;2;244;244;136m▀[38;2;220;212;144m[48;2;244;240;132m▀[38;2;216;212;144m[48;2;240;236;136m▀[38;2;236;236;148m[48;2;252;252;156m▀[38;2;208;212;136m[48;2;144;132;84m▀[38;2;152;108;60m[48;2;212;136;56m▀[38;2;236;152;64m[48;2;248;168;72m▀[38;2;236;156;64m[48;2;248;164;72m▀[38;2;168;108;44m[48;2;255;180;76m▀[38;2;108;84;68m[48;2;200;144;88m▀[38;2;156;144;104m[48;2;196;200;132m▀[38;2;140;136;92m[48;2;184;188;116m▀[38;2;128;124;80m[48;2;232;240;152m▀[38;2;148;144;88m[48;2;248;252;156m▀[38;2;180;180;112m[48;2;232;240;140m▀[38;2;164;164;92m[48;2;244;244;152m▀[38;2;160;160;96m[48;2;248;248;160m▀[38;2;164;160;108m[48;2;244;248;156m▀[38;2;144;144;84m[48;2;228;236;124m▀[38;2;104;100;76m[48;2;144;140;108m▀[38;2;252;252;252m[48;2;248;244;252m▀[38;2;156;144;144m[48;2;148;136;120m▀[38;2;144;140;124m[48;2;228;236;164m▀[38;2;140;136;112m[48;2;220;236;164m▀[38;2;144;144;124m[48;2;228;240;192m▀[38;2;144;136;132m[48;2;216;240;180m▀[38;2;92;80;80m[48;2;208;224;180m▀[38;2;108;88;96m[48;2;168;168;148m▀[38;2;128;92;104m[48;2;140;132;132m▀[38;2;132;92;104m[48;2;136;112;120m▀[38;2;148;104;128m[48;2;104;92;92m▀[38;2;156;116;136m[48;2;92;92;80m▀[38;2;136;100;120m[48;2;136;132;128m▀[38;2;60;44;52m[48;2;180;192;160m▀[38;2;76;84;64m[48;2;200;224;168m▀[38;2;108;112;88m[48;2;116;120;96m▀[38;2;96;92;76m[48;2;228;232;184m▀[38;2;92;76;76m[48;2;168;168;140m▀[0m
[38;2;136;140;56m[48;2;132;140;52m▀[38;2;220;232;52m[48;2;220;228;40m▀[38;2;188;192;52m[48;2;192;188;44m▀[38;2;140;132;64m[48;2;184;172;44m▀[38;2;208;224;60m[48;2;188;196;56m▀[38;2;212;220;48m[48;2;216;228;52m▀[38;2;108;112;36m[48;2;104;112;40m▀[38;2;120;124;60m[48;2;144;136;56m▀[38;2;156;144;52m[48;2;200;160;40m▀[38;2;136;108;48m[48;2;208;144;28m▀[38;2;116;100;48m[48;2;148;112;40m▀[38;2;140;140;56m[48;2;152;136;56m▀[38;2;148;144;56m[48;2;144;124;52m▀[38;2;124;120;52m[48;2;124;108;40m▀[38;2;144;108;40m[48;2;204;140;36m▀[38;2;128;84;28m[48;2;164;112;28m▀[38;2;88;72;20m[48;2;84;56;24m▀[38;2;224;228;40m[48;2;152;132;40m▀[38;2;224;224;32m[48;2;200;200;48m▀[38;2;220;220;36m[48;2;240;244;40m▀[38;2;220;224;36m[48;2;228;224;40m▀[38;2;224;224;44m[48;2;224;224;40m▀[38;2;228;228;44m[48;2;232;228;44m▀[38;2;216;216;48m[48;2;216;212;52m▀[38;2;112;108;48m[48;2;112;112;52m▀[38;2;108;104;56m[48;2;100;96;52m▀[38;2;136;124;64m[48;2;132;124;68m▀[38;2;124;116;60m[48;2;128;120;64m▀[38;2;120;112;60m[48;2;132;124;68m▀[38;2;108;108;52m[48;2;104;108;52m▀[38;2;116;112;52m[48;2;120;124;56m▀[38;2;216;212;56m[48;2;224;216;56m▀[38;2;236;232;56m[48;2;240;232;56m▀[38;2;236;228;72m[48;2;240;232;72m▀[38;2;232;228;72m[48;2;236;228;72m▀[38;2;236;236;76m[48;2;244;240;80m▀[38;2;172;168;76m[48;2;108;96;44m▀[38;2;220;212;80m[48;2;160;124;56m▀[38;2;236;228;72m[48;2;248;224;64m▀[38;2;176;168;132m[48;2;172;164;128m▀[38;2;152;156;124m[48;2;160;164;124m▀[38;2;236;224;104m[48;2;212;188;92m▀[38;2;220;208;116m[48;2;116;92;60m▀[38;2;232;228;116m[48;2;232;224;120m▀[38;2;236;232;132m[48;2;248;244;144m▀[38;2;244;240;148m[48;2;252;252;160m▀[38;2;152;128;72m[48;2;148;136;96m▀[38;2;244;160;64m[48;2;116;72;40m▀[38;2;240;164;68m[48;2;48;24;12m▀[38;2;184;124;52m[48;2;8;0;0m▀[38;2;116;72;36m[48;2;0;0;0m▀[38;2;52;32;20m[48;2;88;52;28m▀[38;2;112;80;52m[48;2;236;160;76m▀[38;2;188;124;68m[48;2;255;172;76m▀[38;2;156;132;96m[48;2;164;120;68m▀[38;2;228;236;152m[48;2;220;220;152m▀[38;2;232;232;148m[48;2;244;240;160m▀[38;2;236;236;160m[48;2;240;236;156m▀[38;2;232;232;148m[48;2;236;232;152m▀[38;2;228;232;140m[48;2;240;240;152m▀[38;2;204;204;116m[48;2;192;188;116m▀[38;2;152;148;132m[48;2;176;172;168m▀[38;2;244;240;248m[48;2;208;204;204m▀[38;2;152;144;120m[48;2;176;176;124m▀[38;2;228;236;160m[48;2;236;240;168m▀[38;2;216;228;172m[48;2;224;228;176m▀[38;2;216;228;176m[48;2;216;228;168m▀[38;2;200;220;156m[48;2;212;228;164m▀[38;2;208;228;164m[48;2;208;224;160m▀[38;2;212;236;176m[48;2;212;228;176m▀[38;2;224;244;208m[48;2;208;224;176m▀[38;2;216;232;196m[48;2;208;224;164m▀[38;2;204;224;172m▀[38;2;216;236;188m[48;2;212;228;176m▀[38;2;228;244;200m[48;2;208;224;152m▀[38;2;220;244;176m[48;2;208;228;148m▀[38;2;164;176;124m[48;2;152;128;76m▀[38;2;156;112;76m[48;2;255;200;76m▀[38;2;180;152;112m[48;2;192;132;68m▀[38;2;168;160;124m[48;2;116;88;68m▀[0m
[38;2;136;144;52m[48;2;144;152;56m▀[38;2;208;216;40m[48;2;188;188;40m▀[38;2;200;188;32m[48;2;236;220;8m▀[38;2;224;208;20m[48;2;228;212;12m▀[38;2;180;180;60m[48;2;180;172;52m▀[38;2;224;232;60m[48;2;224;232;48m▀[38;2;120;124;52m[48;2;140;140;56m▀[38;2;156;132;52m[48;2;188;152;48m▀[38;2;232;180;24m[48;2;220;172;28m▀[38;2;228;176;16m[48;2;208;160;24m▀[38;2;144;124;48m[48;2;164;128;44m▀[38;2;140;124;52m[48;2;156;116;44m▀[38;2;180;124;36m[48;2;232;172;24m▀[38;2;152;116;36m[48;2;140;100;32m▀[38;2;64;36;16m[48;2;160;108;36m▀[38;2;32;16;4m[48;2;168;112;36m▀[38;2;144;96;28m[48;2;168;112;40m▀[38;2;180;124;36m[48;2;184;124;40m▀[38;2;136;108;48m[48;2;232;160;36m▀[38;2;164;152;44m[48;2;180;116;28m▀[38;2;228;228;44m[48;2;160;148;28m▀[38;2;228;224;40m[48;2;244;240;44m▀[38;2;232;228;44m[48;2;228;224;40m▀[38;2;228;220;52m[48;2;240;232;44m▀[38;2;116;116;48m[48;2;168;160;48m▀[38;2;112;116;60m[48;2;96;96;36m▀[38;2;104;108;52m[48;2;92;92;32m▀[38;2;104;104;56m[48;2;84;84;28m▀[38;2;112;108;56m[48;2;100;104;36m▀[38;2;116;124;60m[48;2;96;100;40m▀[38;2;112;120;56m[48;2;144;140;48m▀[38;2;220;212;56m[48;2;244;232;56m▀[38;2;244;232;56m[48;2;240;232;52m▀[38;2;240;228;64m[48;2;240;228;52m▀[38;2;236;232;64m[48;2;244;236;52m▀[38;2;236;224;68m[48;2;228;204;64m▀[38;2;140;116;44m[48;2;152;104;44m▀[38;2;172;128;52m[48;2;216;168;52m▀[38;2;216;192;64m[48;2;156;148;56m▀[38;2;184;176;136m[48;2;160;152;124m▀[38;2;160;156;132m[48;2;144;132;124m▀[38;2;172;132;64m[48;2;196;148;56m▀[38;2;160;124;60m[48;2;180;140;60m▀[38;2;252;236;144m[48;2;244;212;120m▀[38;2;204;196;136m[48;2;124;92;84m▀[38;2;168;144;108m[48;2;168;112;52m▀[38;2;168;120;60m[48;2;252;176;68m▀[38;2;140;92;40m[48;2;244;164;64m▀[38;2;88;52;24m[48;2;255;172;76m▀[38;2;64;36;16m[48;2;252;172;68m▀[38;2;136;84;40m[48;2;252;176;72m▀[38;2;244;168;72m[48;2;228;156;68m▀[38;2;255;172;72m[48;2;192;132;68m▀[38;2;232;156;72m[48;2;144;100;64m▀[38;2;120;96;72m[48;2;192;144;72m▀[38;2;212;212;152m[48;2;140;104;52m▀[38;2;252;248;168m[48;2;176;172;128m▀[38;2;236;232;156m[48;2;255;252;180m▀[38;2;236;232;160m[48;2;232;228;156m▀[38;2;248;248;160m[48;2;248;244;168m▀[38;2;180;176;120m[48;2;196;188;152m▀[38;2;188;180;184m[48;2;148;136;140m▀[38;2;168;160;148m[48;2;196;192;144m▀[38;2;220;224;148m[48;2;240;240;160m▀[38;2;228;232;152m[48;2;228;228;152m▀[38;2;224;232;164m[48;2;228;232;156m▀[38;2;220;228;160m[48;2;224;228;156m▀[48;2;220;228;156m▀[38;2;220;228;176m[48;2;224;228;184m▀[38;2;224;232;196m[48;2;136;128;120m▀[38;2;220;228;180m[48;2;220;228;168m▀[38;2;216;224;164m[48;2;224;228;164m▀[38;2;220;228;168m[48;2;224;228;156m▀[38;2;216;228;160m[48;2;236;244;160m▀[38;2;236;236;156m[48;2;180;148;112m▀[38;2;160;148;104m[48;2;184;132;68m▀[38;2;204;152;72m[48;2;255;212;88m▀[38;2;255;204;72m[48;2;224;164;72m▀[38;2;255;208;112m[48;2;220;200;160m▀[38;2;136;124;112m[48;2;192;188;180m▀[0m
[38;2;112;112;56m[48;2;144;132;48m▀[38;2;172;164;36m[48;2;172;160;24m▀[38;2;255;248;0m[48;2;244;232;8m▀[38;2;224;208;8m[48;2;204;188;16m▀[38;2;180;180;44m[48;2;192;188;48m▀[38;2;224;232;40m[48;2;228;236;40m▀[38;2;152;148;44m[48;2;176;164;44m▀[38;2;204;152;36m[48;2;224;168;28m▀[38;2;240;184;16m[48;2;255;212;12m▀[38;2;236;184;24m[48;2;224;172;28m▀[38;2;184;124;36m[48;2;244;188;36m▀[38;2;188;120;36m[48;2;224;168;40m▀[38;2;212;160;32m[48;2;228;168;40m▀[38;2;204;132;40m[48;2;164;100;40m▀[38;2;156;100;44m[48;2;128;80;24m▀[38;2;188;128;32m[48;2;232;168;56m▀[38;2;208;140;28m[48;2;156;136;100m▀[38;2;224;152;32m[48;2;172;144;100m▀[38;2;216;144;28m[48;2;180;128;40m▀[38;2;188;148;84m[48;2;204;196;192m▀[38;2;120;112;88m[48;2;64;56;48m▀[38;2;156;152;28m[48;2;52;48;12m▀[38;2;236;232;28m[48;2;244;244;92m▀[38;2;224;216;28m[48;2;244;236;56m▀[38;2;236;224;28m[48;2;248;240;68m▀[38;2;228;216;32m[48;2;240;232;56m▀[38;2;224;216;32m[48;2;232;224;44m▀[38;2;228;220;32m[48;2;236;224;48m▀[38;2;228;220;36m[48;2;236;228;44m▀[38;2;244;232;40m[48;2;232;224;44m▀[38;2;204;196;48m[48;2;100;84;36m▀[38;2;228;216;40m[48;2;220;204;48m▀[38;2;240;228;40m[48;2;244;232;40m▀[38;2;236;224;36m[48;2;236;224;48m▀[38;2;244;236;40m[48;2;248;236;44m▀[38;2;208;180;44m[48;2;188;160;40m▀[38;2;172;116;32m[48;2;184;136;40m▀[38;2;240;192;48m[48;2;188;148;44m▀[38;2;116;92;24m[48;2;228;180;16m▀[38;2;176;160;116m[48;2;192;168;108m▀[38;2;168;156;120m[48;2;164;152;112m▀[38;2;236;188;48m[48;2;236;188;32m▀[38;2;172;136;60m[48;2;156;124;48m▀[38;2;212;168;84m[48;2;188;148;60m▀[38;2;168;132;72m[48;2;224;176;56m▀[38;2;160;112;56m[48;2;216;176;100m▀[38;2;204;140;52m[48;2;156;144;108m▀[38;2;148;100;48m[48;2;160;116;44m▀[38;2;160;108;48m[48;2;240;168;36m▀[38;2;148;100;44m[48;2;228;156;32m▀[48;2;232;160;32m▀[38;2;156;108;48m[48;2;236;160;28m▀[38;2;168;116;36m[48;2;255;180;52m▀[38;2;228;160;44m[48;2;248;176;52m▀[38;2;248;168;36m[48;2;236;164;32m▀[38;2;252;172;36m[48;2;212;144;32m▀[38;2;132;96;44m[48;2;184;160;136m▀[38;2;176;172;124m[48;2;156;156;148m▀[38;2;255;248;176m[48;2;192;180;148m▀[38;2;248;240;172m[48;2;232;224;164m▀[38;2;128;120;104m[48;2;176;168;128m▀[38;2;160;148;116m[48;2;244;236;164m▀[38;2;248;244;160m[48;2;240;232;144m▀[38;2;236;232;148m[48;2;236;232;140m▀[48;2;236;232;144m▀[38;2;232;228;148m[48;2;236;228;144m▀[38;2;228;228;152m[48;2;236;232;148m▀[38;2;236;236;160m[48;2;236;228;152m▀[38;2;208;180;148m[48;2;188;140;96m▀[38;2;140;104;88m[48;2;200;160;80m▀[38;2;212;200;128m[48;2;196;176;92m▀[38;2;236;236;156m[48;2;248;248;152m▀[38;2;240;240;152m[48;2;156;148;96m▀[38;2;164;148;104m[48;2;192;140;68m▀[38;2;184;136;68m[48;2;255;216;88m▀[38;2;252;208;88m[48;2;172;132;64m▀[38;2;248;200;92m[48;2;240;192;92m▀[38;2;228;180;108m[48;2;228;176;104m▀[38;2;184;152;108m[48;2;224;168;76m▀[38;2;180;144;96m[48;2;148;104;60m▀[0m
[38;2;176;164;36m[48;2;176;164;36m▀[38;2;252;232;4m[48;2;224;192;12m▀[38;2;196;168;28m[48;2;200;172;20m▀[38;2;196;180;20m[48;2;192;172;20m▀[38;2;204;200;48m[48;2;220;216;52m▀[38;2;196;204;44m[48;2;172;168;44m▀[38;2;164;148;52m[48;2;128;112;44m▀[38;2;232;176;32m[48;2;240;196;44m▀[38;2;255;216;20m[48;2;255;204;12m▀[38;2;232;188;28m[48;2;255;204;20m▀[38;2;224;168;40m[48;2;220;168;48m▀[38;2;236;176;40m[48;2;232;168;48m▀[38;2;208;148;48m[48;2;72;48;16m▀[38;2;24;12;8m[48;2;12;4;0m▀[38;2;96;56;8m[48;2;80;52;8m▀[38;2;212;172;112m[48;2;192;156;104m▀[38;2;48;48;40m[48;2;40;36;24m▀[38;2;88;76;64m[48;2;84;80;68m▀[38;2;160;128;80m[48;2;196;144;72m▀[38;2;180;168;144m[48;2;160;112;52m▀[38;2;28;24;12m[48;2;152;108;48m▀[38;2;60;44;28m[48;2;212;140;32m▀[38;2;192;168;116m[48;2;128;80;20m▀[38;2;144;132;56m[48;2;0;0;0m▀[38;2;120;112;52m▀[38;2;200;188;100m[48;2;76;68;36m▀[38;2;244;232;80m[48;2;248;236;100m▀[38;2;232;220;52m[48;2;248;232;64m▀[38;2;244;236;48m[48;2;200;184;48m▀[38;2;184;160;44m[48;2;188;144;36m▀[38;2;136;92;36m[48;2;172;128;44m▀[38;2;232;216;60m[48;2;224;208;72m▀[38;2;240;228;56m[48;2;252;240;84m▀[38;2;244;232;68m[48;2;252;240;96m▀[38;2;232;216;72m[48;2;204;172;84m▀[38;2;188;148;44m[48;2;220;172;48m▀[38;2;204;156;48m[48;2;220;176;48m▀[38;2;196;152;44m[48;2;208;168;48m▀[38;2;252;196;20m[48;2;216;168;28m▀[38;2;164;144;112m[48;2;180;160;116m▀[38;2;160;140;112m[48;2;160;144;108m▀[38;2;228;172;24m[48;2;220;172;20m▀[38;2;180;144;40m[48;2;255;208;44m▀[38;2;168;128;36m[48;2;224;176;36m▀[38;2;228;176;48m[48;2;236;176;56m▀[38;2;232;192;104m[48;2;112;84;44m▀[38;2;120;112;80m[48;2;12;0;0m▀[38;2;196;136;32m[48;2;196;136;32m▀[38;2;252;180;36m[48;2;228;156;28m▀[38;2;204;140;32m[48;2;176;160;144m▀[38;2;148;108;56m[48;2;240;244;252m▀[38;2;144;124;88m[48;2;220;220;220m▀[38;2;156;124;88m[48;2;204;204;208m▀[38;2;204;144;52m[48;2;168;152;140m▀[38;2;228;152;24m[48;2;152;116;72m▀[38;2;188;168;152m[48;2;255;255;255m▀[38;2;236;236;240m[48;2;104;96;88m▀[38;2;112;104;100m[48;2;12;0;0m▀[38;2;76;64;64m[48;2;28;16;12m▀[38;2;152;140;108m[48;2;56;48;32m▀[38;2;255;255;172m[48;2;232;224;144m▀[38;2;240;232;152m[48;2;240;232;144m▀[38;2;240;228;144m[48;2;244;236;144m▀[38;2;240;228;136m[48;2;255;248;156m▀[38;2;240;232;136m[48;2;244;236;144m▀[38;2;244;236;136m[48;2;228;220;144m▀[38;2;244;240;144m[48;2;236;232;180m▀[38;2;200;176;116m[48;2;228;200;148m▀[38;2;232;180;92m[48;2;244;196;84m▀[38;2;224;184;72m[48;2;232;192;72m▀[38;2;192;176;108m[48;2;120;92;64m▀[38;2;172;164;100m[48;2;212;164;72m▀[38;2;200;160;72m[48;2;255;224;72m▀[38;2;255;220;88m[48;2;224;184;68m▀[38;2;212;172;76m[48;2;212;160;76m▀[38;2;192;144;72m[48;2;212;160;84m▀[38;2;232;184;96m[48;2;220;176;92m▀[38;2;228;176;84m[48;2;252;200;80m▀[38;2;255;208;84m[48;2;255;216;116m▀[38;2;156;120;84m[48;2;184;168;140m▀[0m
[38;2;160;144;44m[48;2;144;128;56m▀[38;2;208;168;20m[48;2;220;180;20m▀[38;2;220;192;20m[48;2;220;192;32m▀[38;2;192;176;40m[48;2;196;184;64m▀[38;2;220;220;92m[48;2;228;224;96m▀[38;2;212;200;36m[48;2;224;208;36m▀[38;2;192;176;24m[48;2;248;236;32m▀[38;2;224;192;48m[48;2;200;176;40m▀[38;2;255;216;28m[48;2;255;224;72m▀[38;2;248;216;64m[48;2;252;232;128m▀[38;2;255;216;48m[48;2;248;216;68m▀[38;2;168;124;24m[48;2;100;68;20m▀[38;2;24;12;0m[48;2;20;12;0m▀[38;2;24;20;0m[48;2;12;4;0m▀[38;2;80;52;12m[48;2;148;104;32m▀[38;2;212;156;60m[48;2;244;176;32m▀[38;2;164;148;128m[48;2;216;148;32m▀[38;2;180;156;104m[48;2;224;156;28m▀[38;2;224;152;40m[48;2;228;160;32m▀[38;2;212;140;32m[48;2;204;140;36m▀[38;2;224;148;36m[48;2;140;96;36m▀[38;2;252;180;32m[48;2;176;136;44m▀[38;2;220;156;36m[48;2;200;148;32m▀[38;2;104;72;24m[48;2;200;152;36m▀[38;2;72;52;12m[48;2;176;148;72m▀[38;2;152;140;68m[48;2;220;208;124m▀[38;2;255;248;100m[48;2;236;224;92m▀[38;2;212;196;76m[48;2;172;160;64m▀[38;2;184;156;40m[48;2;224;184;48m▀[38;2;208;164;44m[48;2;140;112;36m▀[38;2;188;148;76m[48;2;76;64;40m▀[38;2;200;180;92m[48;2;108;96;52m▀[38;2;224;212;88m[48;2;104;96;44m▀[38;2;236;224;116m[48;2;168;152;88m▀[38;2;216;172;76m[48;2;232;188;80m▀[38;2;232;184;52m[48;2;244;200;48m▀[38;2;248;204;56m[48;2;255;204;64m▀[38;2;192;152;48m[48;2;244;200;52m▀[38;2;220;180;32m[48;2;252;204;32m▀[38;2;192;172;116m[48;2;188;168;120m▀[38;2;172;156;112m[48;2;172;156;108m▀[38;2;232;188;24m[48;2;240;196;28m▀[38;2;236;192;44m[48;2;232;188;52m▀[38;2;252;204;44m[48;2;200;164;44m▀[38;2;148;112;32m[48;2;32;20;4m▀[38;2;24;12;0m[48;2;44;36;4m▀[38;2;20;12;4m[48;2;8;4;4m▀[38;2;172;116;20m[48;2;136;92;12m▀[38;2;200;156;68m[48;2;200;172;116m▀[38;2;252;255;255m[48;2;255;255;255m▀[38;2;204;200;188m[48;2;96;84;68m▀[38;2;40;28;12m[48;2;24;16;0m▀[38;2;44;32;16m[48;2;32;20;0m▀[38;2;168;160;152m[48;2;56;44;28m▀[38;2;168;160;156m[48;2;164;152;140m▀[38;2;232;228;224m[48;2;236;232;228m▀[38;2;48;36;28m[48;2;52;44;28m▀[38;2;40;32;20m[48;2;24;16;0m▀[38;2;40;28;20m[48;2;28;20;4m▀[38;2;52;44;24m[48;2;64;56;48m▀[38;2;240;232;144m[48;2;176;160;120m▀[38;2;244;240;144m[48;2;160;136;80m▀[38;2;240;236;176m[48;2;80;60;48m▀[38;2;156;152;112m[48;2;12;0;0m▀[38;2;72;64;40m[48;2;28;20;8m▀[38;2;52;44;28m[48;2;36;28;16m▀[38;2;68;60;56m[48;2;20;8;0m▀[38;2;212;184;116m[48;2;92;64;20m▀[38;2;208;168;64m[48;2;236;192;68m▀[38;2;232;180;80m[48;2;224;172;76m▀[38;2;188;136;64m[48;2;255;224;76m▀[38;2;255;220;64m[48;2;228;188;60m▀[38;2;224;184;68m[48;2;200;160;60m▀[38;2;200;160;64m[48;2;252;208;76m▀[38;2;252;204;80m[48;2;252;200;72m▀[38;2;208;160;72m[48;2;255;208;72m▀[38;2;248;200;76m[48;2;252;200;68m▀[38;2;252;200;76m[48;2;252;200;76m▀[38;2;252;204;96m[48;2;244;184;72m▀[38;2;176;144;88m[48;2;184;140;72m▀[0m
[38;2;184;152;48m[48;2;176;148;40m▀[38;2;255;212;8m[48;2;255;212;4m▀[38;2;212;188;40m[48;2;212;192;44m▀[38;2;212;200;72m[48;2;220;208;88m▀[38;2;232;220;88m[48;2;236;228;92m▀[38;2;236;220;40m[48;2;232;216;56m▀[38;2;252;244;48m[48;2;228;212;52m▀[38;2;204;188;48m[48;2;212;200;44m▀[38;2;244;216;92m[48;2;232;212;108m▀[38;2;255;240;116m[48;2;255;240;124m▀[38;2;188;164;84m[48;2;172;140;64m▀[38;2;164;132;76m[48;2;232;168;60m▀[38;2;52;40;12m[48;2;180;124;48m▀[38;2;100;72;24m[48;2;184;136;40m▀[38;2;236;176;40m[48;2;228;164;36m▀[38;2;228;172;36m[48;2;184;136;40m▀[38;2;232;164;36m[48;2;228;168;36m▀[38;2;228;164;36m[48;2;224;164;32m▀[38;2;220;156;36m[48;2;220;160;36m▀[38;2;232;164;36m[48;2;236;168;36m▀[38;2;180;128;40m[48;2;176;128;32m▀[38;2;188;180;96m[48;2;212;196;84m▀[38;2;184;176;88m[48;2;255;248;120m▀[38;2;196;184;96m[48;2;255;248;128m▀[38;2;228;220;148m[48;2;208;196;116m▀[38;2;136;116;68m[48;2;128;104;68m▀[38;2;188;160;64m[48;2;160;116;44m▀[38;2;196;164;60m[48;2;232;196;56m▀[38;2;244;208;48m[48;2;220;192;52m▀[38;2;184;160;56m[48;2;188;168;76m▀[38;2;188;160;76m[48;2;255;228;116m▀[38;2;224;196;100m[48;2;255;240;144m▀[38;2;216;184;88m[48;2;212;188;104m▀[38;2;176;152;68m[48;2;156;136;52m▀[38;2;208;176;76m[48;2;208;176;88m▀[38;2;228;188;68m[48;2;180;140;72m▀[38;2;236;196;100m[48;2;188;144;72m▀[38;2;240;208;72m[48;2;188;136;60m▀[38;2;232;208;84m[48;2;160;116;64m▀[38;2;176;168;144m[48;2;156;148;136m▀[38;2;168;156;104m[48;2;172;156;108m▀[38;2;248;204;28m[48;2;255;220;36m▀[38;2;244;204;48m[48;2;168;136;40m▀[38;2;68;48;12m[48;2;24;12;0m▀[38;2;28;24;0m[48;2;40;36;4m▀[38;2;44;36;8m[48;2;40;32;4m▀[38;2;8;0;0m[48;2;4;0;0m▀[38;2;108;72;8m[48;2;100;68;12m▀[38;2;188;160;112m[48;2;172;128;52m▀[38;2;255;255;255m[48;2;232;236;244m▀[38;2;88;80;64m[48;2;192;188;172m▀[38;2;28;20;4m[48;2;20;12;0m▀[38;2;40;32;12m[48;2;36;28;4m▀[38;2;48;36;16m[48;2;32;24;16m▀[38;2;92;76;60m[48;2;140;100;36m▀[38;2;212;208;212m[48;2;172;132;52m▀[38;2;160;160;156m[48;2;156;140;108m▀[38;2;68;60;52m[48;2;144;128;104m▀[38;2;68;60;56m[48;2;160;116;52m▀[38;2;116;84;36m[48;2;240;172;32m▀[38;2;220;164;44m[48;2;255;188;40m▀[38;2;168;120;36m[48;2;84;52;16m▀[38;2;8;0;0m[48;2;8;4;0m▀[38;2;28;16;4m[48;2;32;16;4m▀[38;2;40;32;12m[48;2;40;32;8m▀[38;2;44;32;16m[48;2;32;20;4m▀[38;2;28;20;8m[48;2;8;0;0m▀[38;2;96;68;24m[48;2;176;140;60m▀[38;2;248;200;68m[48;2;255;224;84m▀[38;2;208;172;68m[48;2;208;168;72m▀[38;2;248;208;68m[48;2;196;148;60m▀[38;2;200;156;72m[48;2;240;200;104m▀[38;2;252;216;100m[48;2;255;216;104m▀[38;2;252;204;76m[48;2;252;200;64m▀[38;2;252;204;72m[48;2;252;208;80m▀[48;2;252;204;80m▀[38;2;252;200;72m[48;2;248;200;80m▀[38;2;244;192;92m[48;2;232;184;88m▀[38;2;240;188;76m[48;2;248;196;68m▀[38;2;184;148;68m[48;2;184;144;72m▀[0m
[38;2;172;148;36m[48;2;168;140;36m▀[38;2;255;216;0m[48;2;255;220;0m▀[38;2;216;188;40m[48;2;216;188;32m▀[38;2;224;208;68m[48;2;240;228;64m▀[38;2;240;224;68m[48;2;248;232;60m▀[38;2;232;216;48m[48;2;228;208;44m▀[38;2;224;208;44m[48;2;236;216;40m▀[38;2;212;200;36m[48;2;212;200;40m▀[38;2;232;212;96m[48;2;236;212;100m▀[38;2;255;240;120m[48;2;255;240;128m▀[38;2;172;140;60m[48;2;176;144;68m▀[38;2;216;148;32m[48;2;204;136;40m▀[38;2;156;100;32m[48;2;172;104;36m▀[38;2;172;120;32m[48;2;168;112;32m▀[38;2;200;140;40m[48;2;208;140;40m▀[38;2;164;120;36m[48;2;136;88;36m▀[38;2;232;168;36m[48;2;212;136;40m▀[38;2;220;148;36m[48;2;232;148;36m▀[38;2;224;160;32m[48;2;228;144;36m▀[38;2;240;176;36m[48;2;236;160;36m▀[38;2;200;152;28m[48;2;208;156;28m▀[38;2;176;160;76m[48;2;172;164;84m▀[38;2;252;236;120m[48;2;255;244;128m▀[38;2;252;240;124m[48;2;248;236;128m▀[38;2;184;172;100m[48;2;188;176;100m▀[38;2;188;156;68m[48;2;172;132;52m▀[38;2;168;136;52m[48;2;172;136;48m▀[38;2;192;160;60m[48;2;188;148;60m▀[38;2;212;176;68m[48;2;244;204;84m▀[38;2;196;176;76m[48;2;224;188;80m▀[38;2;236;216;108m[48;2;216;180;76m▀[38;2;248;224;128m[48;2;212;176;68m▀[38;2;212;184;100m[48;2;220;176;72m▀[38;2;196;168;68m[48;2;255;212;92m▀[38;2;228;188;84m[48;2;255;208;88m▀[38;2;255;208;88m[48;2;252;204;92m▀[38;2;252;200;84m[48;2;248;204;88m▀[38;2;252;196;84m[48;2;252;200;88m▀[38;2;252;172;60m[48;2;244;180;60m▀[38;2;184;160;132m[48;2;180;152;128m▀[38;2;168;156;108m[48;2;172;164;124m▀[38;2;252;216;36m[48;2;248;208;44m▀[38;2;100;76;24m[48;2;72;56;16m▀[38;2;28;20;0m[48;2;32;24;4m▀[38;2;40;32;4m[48;2;40;32;4m▀▀[38;2;8;0;0m[48;2;8;0;0m▀[38;2;84;52;20m[48;2;96;64;16m▀[38;2;232;164;32m[48;2;252;180;36m▀[38;2;140;116;80m[48;2;220;156;28m▀[38;2;196;196;204m[48;2;172;120;32m▀[38;2;136;132;132m[48;2;168;128;60m▀[38;2;68;60;48m[48;2;180;128;44m▀[38;2;96;68;32m[48;2;236;156;32m▀[38;2;228;160;36m[48;2;236;160;32m▀[38;2;244;176;40m[48;2;232;160;36m▀[38;2;224;156;24m[48;2;232;160;32m▀[38;2;220;148;20m[48;2;236;164;32m▀[38;2;240;168;28m[48;2;232;160;32m▀[38;2;232;168;36m[48;2;236;164;36m▀[38;2;248;176;36m[48;2;240;168;36m▀[38;2;88;56;16m[48;2;200;140;40m▀[38;2;0;0;0m[48;2;64;44;20m▀[38;2;20;4;0m[48;2;36;20;8m▀[38;2;8;0;0m[48;2;76;48;16m▀[38;2;12;0;4m[48;2;184;136;52m▀[38;2;84;60;40m[48;2;172;132;80m▀[38;2;228;188;76m[48;2;244;200;76m▀[38;2;255;220;88m[48;2;252;212;92m▀[38;2;240;200;104m[48;2;255;212;108m▀[38;2;192;152;72m[48;2;255;208;76m▀[38;2;255;212;76m[48;2;252;208;76m▀[38;2;252;200;76m[48;2;252;216;128m▀[38;2;252;208;96m▀[38;2;252;208;92m[48;2;255;204;92m▀[38;2;252;200;80m[48;2;252;196;80m▀[38;2;244;196;84m[48;2;240;188;80m▀[38;2;224;176;72m[48;2;232;180;72m▀[38;2;255;200;76m[48;2;255;204;76m▀[38;2;184;140;76m[48;2;184;144;72m▀[0m
[38;2;164;140;36m[48;2;164;140;36m▀[38;2;255;220;0m[48;2;255;216;0m▀[38;2;240;200;20m[48;2;255;212;8m▀[38;2;228;208;60m[48;2;232;200;40m▀[38;2;240;228;64m[48;2;208;188;56m▀[38;2;236;212;44m[48;2;244;212;32m▀[38;2;236;216;44m[48;2;232;212;48m▀[38;2;212;200;52m[48;2;212;196;64m▀[38;2;240;216;112m[48;2;240;220;132m▀[38;2;255;244;144m[48;2;252;232;148m▀[38;2;172;144;84m[48;2;200;172;112m▀[38;2;200;120;44m[48;2;156;104;64m▀[38;2;204;120;48m[48;2;144;84;44m▀[38;2;124;80;36m[48;2;176;104;56m▀[38;2;212;144;40m[48;2;140;84;40m▀[38;2;176;112;36m[48;2;160;100;36m▀[38;2;132;76;36m[48;2;104;56;28m▀[38;2;188;112;36m[48;2;108;56;28m▀[38;2;200;120;32m[48;2;160;92;36m▀[38;2;220;136;40m[48;2;148;84;32m▀[38;2;148;100;24m[48;2;144;92;48m▀[38;2;124;108;48m[48;2;164;100;40m▀[38;2;240;228;116m[48;2;164;136;76m▀[38;2;255;248;132m[48;2;212;196;112m▀[38;2;204;188;112m[48;2;204;184;108m▀[38;2;164;124;44m[48;2;180;124;40m▀[38;2;204;164;56m[48;2;220;172;52m▀[38;2;216;168;88m[48;2;204;156;76m▀[38;2;212;156;64m[48;2;212;136;48m▀[38;2;216;164;76m[48;2;220;140;56m▀[38;2;216;168;76m[48;2;224;144;56m▀[38;2;212;168;72m[48;2;224;140;48m▀[38;2;216;168;68m[48;2;224;144;52m▀[38;2;216;176;76m[48;2;224;148;56m▀[38;2;220;180;80m[48;2;224;160;68m▀[38;2;224;180;80m[48;2;220;160;64m▀[38;2;232;188;92m▀[38;2;236;192;96m[48;2;220;160;68m▀[38;2;240;192;104m[48;2;204;156;76m▀[38;2;180;168;152m[48;2;160;148;132m▀[38;2;172;156;112m[48;2;172;156;108m▀[38;2;248;204;44m[48;2;255;232;52m▀[38;2;72;56;16m[48;2;144;128;80m▀[38;2;32;24;4m[48;2;20;8;0m▀[38;2;40;32;4m[48;2;44;32;0m▀[48;2;28;20;0m▀[38;2;4;0;0m[48;2;28;12;4m▀[38;2;144;100;28m[48;2;212;148;40m▀[38;2;248;172;36m[48;2;236;156;36m▀[38;2;236;160;32m[48;2;228;148;32m▀[38;2;244;172;36m[48;2;228;156;32m▀[38;2;244;164;28m[48;2;224;156;40m▀[38;2;240;156;32m[48;2;148;80;32m▀[38;2;180;124;48m[48;2;164;92;80m▀[38;2;120;84;44m[48;2;180;172;164m▀[38;2;208;140;32m[48;2;96;76;60m▀[38;2;240;164;28m[48;2;144;108;60m▀[38;2;244;164;36m[48;2;176;120;36m▀[38;2;236;160;36m[48;2;212;144;36m▀[38;2;240;164;32m[48;2;212;148;36m▀[38;2;240;164;36m[48;2;204;136;28m▀[38;2;252;176;36m[48;2;196;132;28m▀[38;2;252;176;40m[48;2;176;124;36m▀[38;2;240;172;40m[48;2;152;104;40m▀[38;2;240;172;48m[48;2;128;100;56m▀[38;2;156;112;52m[48;2;192;160;76m▀[38;2;192;156;68m[48;2;255;216;84m▀[38;2;255;212;88m[48;2;248;196;92m▀[38;2;252;208;104m[48;2;248;208;104m▀[38;2;252;208;92m[48;2;252;212;88m▀[38;2;252;208;84m[48;2;252;212;96m▀[38;2;252;216;120m[48;2;252;212;100m▀[38;2;252;216;124m[48;2;252;208;88m▀[38;2;252;212;120m[48;2;252;212;100m▀[38;2;252;204;92m[48;2;255;208;80m▀[38;2;255;200;72m[48;2;255;204;68m▀[38;2;248;196;72m▀[38;2;248;196;68m[48;2;252;200;60m▀[38;2;255;208;64m[48;2;255;208;60m▀[38;2;180;144;72m[48;2;180;144;68m▀[0m
[38;2;164;136;36m[48;2;164;136;40m▀[38;2;255;220;0m[48;2;255;216;0m▀[38;2;255;208;8m[48;2;255;208;8m▀[38;2;252;216;28m[48;2;252;208;20m▀[38;2;244;208;32m[48;2;255;216;16m▀[38;2;240;200;20m[48;2;236;192;20m▀[38;2;236;216;64m[48;2;240;220;72m▀[38;2;212;192;72m[48;2;208;184;80m▀[38;2;232;204;132m[48;2;208;160;96m▀[38;2;204;164;96m[48;2;144;108;60m▀[38;2;188;136;76m[48;2;164;120;68m▀[38;2;204;164;108m[48;2;172;112;52m▀[38;2;140;92;60m[48;2;156;108;60m▀[38;2;200;112;52m[48;2;144;104;80m▀[38;2;196;104;52m[48;2;152;88;56m▀[38;2;180;88;44m[48;2;112;68;44m▀[38;2;180;100;48m[48;2;80;40;24m▀[38;2;184;108;52m[48;2;100;60;32m▀[38;2;172;100;44m[48;2;76;36;20m▀[38;2;180;100;40m[48;2;176;96;36m▀[38;2;164;104;52m[48;2;132;72;24m▀[38;2;172;96;44m[48;2;56;28;16m▀[38;2;200;108;24m[48;2;160;120;88m▀[38;2;160;104;48m[48;2;196;180;128m▀[38;2;176;148;88m[48;2;184;156;80m▀[38;2;196;132;28m[48;2;228;156;36m▀[38;2;240;180;56m[48;2;244;192;72m▀[38;2;244;200;72m[48;2;244;204;88m▀[38;2;228;180;56m[48;2;255;208;80m▀[38;2;144;96;36m[48;2;200;136;60m▀[38;2;136;92;44m[48;2;200;140;80m▀[38;2;200;136;60m[48;2;236;192;80m▀[38;2;176;120;40m[48;2;196;164;56m▀[38;2;196;148;76m[48;2;220;176;92m▀[38;2;200;148;64m[48;2;244;200;88m▀[38;2;200;140;48m[48;2;208;160;60m▀[38;2;196;136;52m[48;2;112;76;40m▀[38;2;200;140;56m[48;2;116;84;40m▀[38;2;184;128;52m[48;2;196;176;48m▀[38;2;160;140;120m[48;2;192;184;120m▀[38;2;160;148;120m[48;2;136;120;116m▀[38;2;144;116;40m[48;2;152;84;36m▀[38;2;112;92;68m[48;2;144;80;36m▀[38;2;52;36;16m[48;2;220;144;68m▀[38;2;32;20;4m[48;2;192;128;64m▀[38;2;32;12;8m[48;2;144;92;44m▀[38;2;148;96;32m[48;2;240;160;36m▀[38;2;236;156;36m[48;2;228;152;32m▀[38;2;224;144;36m[48;2;232;156;36m▀[48;2;232;152;36m▀[38;2;232;152;32m[48;2;228;152;36m▀[38;2;228;156;36m[48;2;228;152;40m▀[38;2;204;132;40m[48;2;240;160;36m▀[38;2;164;72;48m[48;2;200;128;40m▀[38;2;216;100;72m[48;2;168;76;52m▀[38;2;108;68;52m[48;2;88;36;28m▀[38;2;124;124;120m[48;2;0;0;0m▀[38;2;88;76;72m[48;2;24;12;8m▀[38;2;88;64;48m[48;2;136;96;48m▀[38;2;124;108;68m[48;2;216;192;128m▀[38;2;148;136;100m[48;2;255;255;188m▀[38;2;136;120;108m[48;2;192;172;140m▀[38;2;152;120;68m[48;2;244;196;84m▀[38;2;200;160;84m[48;2;228;184;84m▀[38;2;240;200;104m[48;2;252;208;100m▀[38;2;255;224;88m[48;2;252;208;80m▀[38;2;252;208;80m[48;2;255;208;84m▀[38;2;240;196;96m[48;2;236;196;92m▀[48;2;244;200;92m▀[38;2;255;208;80m[48;2;255;208;80m▀[38;2;252;208;72m[48;2;252;212;80m▀[38;2;255;220;76m[48;2;168;128;56m▀[38;2;255;212;84m[48;2;152;108;60m▀[38;2;252;204;76m[48;2;176;128;88m▀[38;2;244;196;72m▀[38;2;244;196;64m[48;2;180;144;92m▀[38;2;244;196;56m[48;2;164;140;100m▀[38;2;252;204;56m[48;2;144;120;76m▀[38;2;255;208;56m[48;2;252;212;104m▀[38;2;180;140;64m[48;2;188;152;88m▀[0m
[38;2;168;136;40m[48;2;168;132;40m▀[38;2;255;216;4m[48;2;255;216;0m▀[38;2;252;208;8m[48;2;252;208;12m▀[38;2;255;208;12m[48;2;255;208;8m▀[38;2;255;212;12m[48;2;252;204;12m▀[38;2;232;184;20m[48;2;232;184;20m▀[38;2;240;220;68m[48;2;240;220;64m▀[38;2;212;192;80m[48;2;220;200;68m▀[38;2;216;192;100m[48;2;204;176;68m▀[38;2;192;172;76m[48;2;236;220;68m▀[38;2;204;172;116m[48;2;200;160;88m▀[38;2;144;96;56m[48;2;180;120;64m▀[38;2;156;104;60m[48;2;176;116;64m▀[38;2;176;120;72m[48;2;160;96;52m▀[38;2;180;108;64m[48;2;164;92;56m▀[38;2;172;120;76m[48;2;188;124;68m▀[38;2;160;128;96m[48;2;216;148;84m▀[38;2;40;24;20m[48;2;52;28;12m▀[38;2;80;44;20m[48;2;100;56;24m▀[38;2;148;88;44m[48;2;212;124;60m▀[38;2;76;48;28m[48;2;132;84;40m▀[38;2;32;12;8m[48;2;80;44;28m▀[38;2;172;124;80m[48;2;204;128;60m▀[38;2;172;140;84m[48;2;204;136;68m▀[38;2;204;168;108m[48;2;204;152;96m▀[38;2;240;168;72m[48;2;188;124;64m▀[38;2;232;184;84m[48;2;204;144;68m▀[38;2;220;172;72m[48;2;204;144;52m▀[38;2;248;200;84m[48;2;216;152;60m▀[38;2;208;144;64m[48;2;204;144;68m▀[38;2;204;140;68m[48;2;192;144;64m▀[38;2;196;160;72m[48;2;228;212;60m▀[38;2;224;208;64m[48;2;244;232;68m▀[38;2;216;172;72m[48;2;204;156;60m▀[38;2;255;208;100m[48;2;236;176;72m▀[38;2;232;180;80m[48;2;196;156;60m▀[38;2;136;104;44m[48;2;232;216;60m▀[38;2;232;216;68m[48;2;255;252;72m▀[38;2;252;236;56m[48;2;208;172;32m▀[38;2;168;156;112m[48;2;180;156;108m▀[38;2;176;148;124m[48;2;164;140;116m▀[38;2;212;124;48m[48;2;192;112;40m▀[38;2;168;92;44m[48;2;172;108;56m▀[38;2;248;140;48m[48;2;255;168;68m▀[38;2;204;120;52m[48;2;140;84;36m▀[38;2;156;96;32m[48;2;188;112;32m▀[38;2;228;140;40m[48;2;196;112;40m▀[38;2;220;140;36m[48;2;196;112;36m▀[38;2;208;136;36m[48;2;156;88;32m▀[38;2;224;144;36m[48;2;208;128;36m▀[38;2;224;140;36m[48;2;220;128;40m▀[38;2;224;144;36m[48;2;220;132;36m▀[38;2;220;140;36m[48;2;220;136;36m▀[38;2;228;152;36m[48;2;220;140;36m▀[38;2;216;140;40m[48;2;228;148;32m▀[38;2;160;104;40m[48;2;240;156;40m▀[38;2;104;72;24m[48;2;196;128;40m▀[38;2;140;88;28m[48;2;148;92;36m▀[38;2;184;124;56m[48;2;156;120;72m▀[38;2;164;124;72m[48;2;248;192;80m▀[38;2;204;188;120m[48;2;112;88;60m▀[38;2;176;144;88m[48;2;216;172;84m▀[38;2;244;192;72m[48;2;232;176;68m▀[38;2;220;172;76m[48;2;236;188;76m▀[38;2;255;216;92m[48;2;255;212;80m▀[38;2;252;208;76m[48;2;255;208;88m▀[38;2;252;208;88m[48;2;248;204;84m▀[38;2;236;192;80m[48;2;236;188;76m▀[38;2;240;188;76m[48;2;232;180;80m▀[38;2;252;208;84m[48;2;255;212;80m▀[38;2;248;204;80m[48;2;244;196;76m▀[38;2;144;116;80m[48;2;184;152;108m▀[38;2;120;96;80m[48;2;252;220;176m▀[38;2;72;56;44m[48;2;200;168;124m▀[38;2;72;56;40m[48;2;180;152;112m▀[38;2;72;60;44m[48;2;192;160;120m▀[38;2;100;84;68m[48;2;240;204;160m▀[38;2;108;88;72m[48;2;156;128;100m▀[38;2;192;160;112m[48;2;164;136;104m▀[38;2;152;128;100m[48;2;164;140;116m▀[0m
[38;2;164;132;40m[48;2;164;128;40m▀[38;2;255;216;0m[48;2;255;212;8m▀[38;2;244;196;16m[48;2;240;188;20m▀[38;2;252;204;12m[48;2;244;192;16m▀[38;2;248;200;16m▀[38;2;236;184;20m[48;2;244;188;24m▀[38;2;232;208;64m[48;2;216;184;56m▀[38;2;244;228;76m[48;2;255;248;88m▀[38;2;200;176;64m[48;2;224;208;84m▀[38;2;224;204;68m[48;2;208;184;72m▀[38;2;208;176;88m[48;2;212;192;84m▀[38;2;172;128;84m[48;2;180;156;104m▀[38;2;164;112;64m[48;2;192;156;104m▀[38;2;180;116;68m[48;2;188;124;80m▀[38;2;164;84;48m[48;2;168;84;52m▀[38;2;172;112;64m[48;2;176;120;72m▀[38;2;156;100;52m[48;2;192;128;68m▀[38;2;52;28;12m[48;2;44;28;16m▀[38;2;88;40;20m[48;2;60;28;16m▀[38;2;192;108;60m[48;2;196;112;60m▀[38;2;112;72;40m[48;2;128;80;44m▀[38;2;112;60;36m[48;2;128;68;36m▀[38;2;184;116;56m[48;2;192;124;56m▀[38;2;192;124;56m[48;2;184;128;52m▀[38;2;180;116;48m[48;2;160;108;48m▀[38;2;188;124;52m[48;2;164;112;48m▀[38;2;188;120;56m[48;2;196;136;56m▀[38;2;192;128;56m▀[38;2;208;136;60m[48;2;180;144;52m▀[38;2;184;144;60m[48;2;244;240;60m▀[38;2;228;216;64m[48;2;232;204;52m▀[38;2;252;244;72m[48;2;212;184;48m▀[38;2;244;232;60m[48;2;252;244;56m▀[38;2;208;164;56m[48;2;172;140;44m▀[38;2;192;136;44m[48;2;224;200;56m▀[38;2;224;204;48m[48;2;255;255;64m▀[38;2;255;255;52m[48;2;232;220;60m▀[38;2;224;204;52m[48;2;224;188;32m▀[38;2;236;192;4m[48;2;255;216;0m▀[38;2;188;172;100m[48;2;180;168;100m▀[38;2;164;140;120m[48;2;168;140;124m▀[38;2;184;112;40m[48;2;172;104;32m▀[38;2;168;120;60m[48;2;168;120;56m▀[38;2;255;188;80m[48;2;252;188;76m▀[38;2;124;80;40m[48;2;120;84;32m▀[38;2;228;152;36m[48;2;244;176;36m▀[38;2;172;112;32m[48;2;152;104;32m▀[38;2;192;116;36m[48;2;204;136;36m▀[38;2;152;84;32m[48;2;144;88;32m▀[38;2;208;124;36m[48;2;204;120;36m▀[38;2;216;128;36m[48;2;220;128;36m▀[38;2;216;128;40m[48;2;216;132;40m▀[38;2;220;136;36m[48;2;220;132;36m▀[38;2;224;140;40m[48;2;220;136;40m▀[38;2;224;144;36m[48;2;220;136;36m▀[38;2;220;144;36m[48;2;224;140;36m▀[38;2;212;136;36m▀[38;2;224;144;40m[48;2;236;152;40m▀[38;2;148;104;48m[48;2;156;104;36m▀[38;2;240;184;68m[48;2;180;128;48m▀[38;2;180;124;60m[48;2;255;200;84m▀[38;2;236;184;76m[48;2;248;196;68m▀[38;2;220;164;64m[48;2;220;168;60m▀[38;2;248;196;72m[48;2;255;204;68m▀[38;2;255;204;72m[48;2;252;200;64m▀[38;2;252;208;84m[48;2;252;204;72m▀[38;2;248;200;76m[48;2;248;200;68m▀[38;2;232;184;80m[48;2;228;176;68m▀[38;2;232;184;76m[48;2;240;188;76m▀[38;2;252;212;80m[48;2;252;208;76m▀[38;2;244;200;72m[48;2;255;212;76m▀[38;2;160;128;84m[48;2;156;124;76m▀[38;2;248;216;164m[48;2;244;208;152m▀[38;2;255;220;164m[48;2;244;208;148m▀[38;2;255;224;168m[48;2;240;204;148m▀[38;2;252;216;164m[48;2;236;200;140m▀[38;2;255;228;172m[48;2;248;216;144m▀[38;2;132;112;84m[48;2;148;128;88m▀[38;2;120;100;72m[48;2;148;132;104m▀[38;2;200;176;144m[48;2;120;112;96m▀[0m
[38;2;164;124;44m[48;2;164;124;44m▀[38;2;255;204;12m[48;2;248;184;20m▀[38;2;232;180;24m[48;2;228;168;28m▀[38;2;240;188;24m[48;2;240;188;24m▀[38;2;244;188;20m[48;2;244;184;20m▀[38;2;240;184;28m[48;2;244;188;20m▀[38;2;232;188;52m[48;2;252;200;40m▀[38;2;208;168;52m[48;2;232;180;36m▀[38;2;220;184;64m[48;2;252;196;32m▀[38;2;236;208;88m[48;2;244;204;76m▀[38;2;216;196;76m[48;2;252;240;96m▀[38;2;204;180;76m[48;2;255;255;96m▀[38;2;204;168;104m[48;2;212;180;108m▀[38;2;184;124;84m[48;2;200;132;88m▀[38;2;148;88;60m[48;2;172;116;72m▀[38;2;184;124;76m[48;2;156;100;64m▀[38;2;208;140;76m[48;2;136;88;60m▀[38;2;140;96;60m[48;2;172;112;64m▀[38;2;124;76;52m[48;2;200;140;88m▀[38;2;180;116;76m[48;2;188;132;92m▀[38;2;164;116;64m[48;2;200;136;72m▀[38;2;112;68;44m[48;2;176;120;72m▀[38;2;192;132;64m[48;2;168;116;64m▀[38;2;200;144;64m[48;2;172;124;64m▀[38;2;180;132;60m[48;2;184;132;68m▀[38;2;180;132;56m[48;2;200;144;68m▀[38;2;200;148;60m[48;2;188;140;64m▀[38;2;196;164;64m[48;2;232;224;80m▀[38;2;248;244;60m[48;2;252;240;76m▀[38;2;240;224;60m[48;2;228;196;32m▀[38;2;240;196;16m[48;2;255;216;0m▀[38;2;224;188;40m[48;2;236;196;28m▀[38;2;248;236;68m[48;2;212;188;56m▀[38;2;196;176;44m[48;2;252;248;56m▀[38;2;255;252;56m[48;2;232;224;52m▀[38;2;236;220;68m[48;2;208;188;44m▀[38;2;216;188;44m[48;2;252;220;12m▀[38;2;252;216;8m[48;2;252;216;4m▀[38;2;252;212;0m[48;2;248;208;0m▀[38;2;184;168;104m[48;2;184;168;108m▀[38;2;168;140;120m[48;2;168;140;120m▀[38;2;168;108;28m[48;2;168;108;32m▀[38;2;168;124;52m[48;2;168;124;48m▀[38;2;248;184;68m[48;2;244;168;64m▀[38;2;120;84;28m[48;2;116;76;24m▀[38;2;248;176;40m[48;2;244;172;32m▀[38;2;140;96;28m[48;2;144;100;28m▀[38;2;204;140;32m[48;2;192;132;32m▀[38;2;148;100;32m[48;2;156;108;28m▀[38;2;204;132;36m[48;2;188;124;32m▀[38;2;220;132;36m[48;2;232;152;40m▀[38;2;216;124;36m[48;2;212;132;36m▀▀[38;2;216;124;40m[48;2;216;132;36m▀[38;2;216;128;36m[48;2;212;124;36m▀[48;2;212;128;36m▀[38;2;216;132;36m[48;2;212;124;36m▀[38;2;232;144;36m[48;2;224;132;36m▀[38;2;168;104;40m[48;2;168;100;36m▀[38;2;168;124;44m[48;2;164;120;28m▀[38;2;236;180;64m[48;2;252;196;44m▀[38;2;212;156;56m[48;2;208;152;44m▀[38;2;236;180;48m[48;2;248;188;40m▀[38;2;255;196;52m[48;2;252;196;40m▀[38;2;252;196;48m▀[38;2;255;200;52m[48;2;252;196;44m▀[38;2;252;196;48m[48;2;255;204;48m▀[38;2;252;188;60m[48;2;224;156;64m▀[38;2;255;216;84m[48;2;168;136;84m▀[38;2;252;208;76m[48;2;148;108;60m▀[38;2;224;192;100m[48;2;164;120;80m▀[38;2;120;104;76m[48;2;160;124;84m▀[38;2;228;196;140m[48;2;140;112;76m▀[38;2;248;212;140m[48;2;140;116;84m▀[48;2;140;116;80m▀[38;2;248;212;136m[48;2;148;124;88m▀[38;2;255;220;140m[48;2;140;120;84m▀[38;2;136;112;76m[48;2;156;108;68m▀[38;2;124;88;56m[48;2;252;164;80m▀[38;2;112;80;60m[48;2;172;116;72m▀[0m
[38;2;168;124;44m[48;2;132;100;56m▀[38;2;255;196;24m[48;2;184;136;36m▀[38;2;244;180;24m[48;2;180;136;36m▀[38;2;252;192;40m[48;2;180;136;56m▀[38;2;255;200;28m[48;2;180;136;52m▀[38;2;255;200;16m[48;2;180;132;36m▀[38;2;255;204;28m▀[38;2;255;208;24m[48;2;180;136;36m▀[38;2;255;204;28m[48;2;156;112;44m▀[38;2;240;196;88m[48;2;124;92;76m▀[38;2;212;184;100m[48;2;116;76;64m▀[38;2;216;180;92m[48;2;124;76;60m▀[38;2;216;164;104m[48;2;120;72;52m▀[38;2;188;116;76m[48;2;124;80;56m▀[38;2;192;120;76m[48;2;128;80;56m▀[38;2;184;116;72m[48;2;132;84;56m▀[38;2;176;108;68m[48;2;136;84;60m▀[38;2;180;116;68m[48;2;136;88;60m▀[38;2;192;124;68m[48;2;148;100;68m▀[38;2;204;132;72m[48;2;136;88;56m▀[38;2;200;128;72m[48;2;132;84;52m▀[38;2;196;128;68m▀[38;2;192;128;68m[48;2;148;96;56m▀[38;2;180;120;68m[48;2;140;92;56m▀[38;2;204;136;72m▀[38;2;192;128;64m[48;2;128;88;60m▀[38;2;196;168;68m[48;2;164;148;68m▀[38;2;255;255;96m[48;2;200;180;84m▀[38;2;240;208;68m[48;2;188;148;52m▀[38;2;255;216;8m[48;2;204;160;24m▀[38;2;255;220;0m[48;2;196;156;28m▀[38;2;255;224;0m[48;2;188;148;28m▀[38;2;244;204;12m[48;2;192;152;28m▀[38;2;208;176;40m[48;2;184;144;32m▀[38;2;208;180;52m[48;2;180;140;32m▀[38;2;255;228;24m[48;2;188;148;28m▀[38;2;255;220;0m▀[38;2;255;220;4m[48;2;188;152;28m▀[38;2;255;216;0m[48;2;184;152;28m▀[38;2;184;168;112m[48;2;172;164;132m▀[38;2;172;140;120m[48;2;156;136;120m▀[38;2;180;116;32m[48;2;136;96;40m▀[38;2;176;124;56m[48;2;140;108;64m▀[38;2;255;176;68m[48;2;184;128;60m▀[38;2;136;88;36m[48;2;128;92;52m▀[38;2;236;160;32m[48;2;148;100;36m▀[38;2;196;136;32m[48;2;156;108;40m▀[38;2;160;108;28m[48;2;96;64;32m▀[38;2;208;144;36m[48;2;160;108;40m▀[38;2;156;104;32m[48;2;100;68;36m▀[38;2;248;172;36m[48;2;160;112;40m▀[38;2;236;160;36m[48;2;160;108;40m▀[38;2;232;160;36m[48;2;160;112;40m▀[48;2;160;108;40m▀[38;2;232;156;36m[48;2;160;112;40m▀[38;2;232;152;36m▀[38;2;228;148;36m[48;2;160;108;40m▀[38;2;244;156;36m[48;2;164;112;36m▀[38;2;152;100;36m[48;2;104;76;48m▀[38;2;200;160;68m[48;2;172;148;100m▀[38;2;255;212;44m[48;2;184;140;48m▀[38;2;255;200;40m[48;2;180;136;48m▀[38;2;255;200;44m[48;2;184;136;48m▀[38;2;255;200;48m[48;2;180;124;48m▀[38;2;255;188;52m[48;2;176;120;52m▀[38;2;255;216;48m[48;2;184;148;52m▀[38;2;204;160;48m[48;2;96;64;36m▀[38;2;100;52;32m[48;2;96;56;40m▀[38;2;196;112;56m[48;2;176;108;56m▀[38;2;232;140;64m[48;2;168;104;56m▀[38;2;248;160;76m▀[38;2;255;164;80m[48;2;168;108;56m▀[38;2;244;160;80m[48;2;172;108;56m▀[38;2;232;160;88m[48;2;176;116;64m▀[38;2;228;156;84m[48;2;172;116;60m▀[38;2;220;144;72m[48;2;172;112;56m▀[38;2;224;148;76m▀[38;2;236;152;72m[48;2;168;112;60m▀[38;2;244;152;68m[48;2;168;108;56m▀[38;2;168;112;64m[48;2;132;92;60m▀[0m

     * Каталог пуст, включая точечные. Это нормально. Всё нормально. *

ART
