#!/bin/sh
# cp-more: meme «Expanding Brain». Regenerate: meme.py render "Expanding Brain"
cat <<'ART'

[38;2;255;255;255m[48;2;255;255;255m▀▀▀▀▀▀▀▀▀▀▀▀▀▀▀▀▀▀▀▀▀▀▀▀▀▀▀▀[38;2;64;64;64m[48;2;52;52;52m▀[38;2;12;12;12m[48;2;0;0;0m▀[38;2;16;16;16m[48;2;4;4;4m▀[48;2;0;0;4m▀[48;2;0;0;0m▀[38;2;12;12;20m[48;2;20;24;48m▀[38;2;60;68;112m[48;2;40;56;112m▀[38;2;28;40;84m[48;2;0;8;48m▀[38;2;16;20;44m[48;2;4;8;36m▀[38;2;16;24;44m[48;2;0;8;40m▀[38;2;16;24;40m[48;2;0;12;40m▀[38;2;16;20;40m[48;2;0;8;32m▀[38;2;16;20;36m[48;2;4;12;48m▀[38;2;16;16;36m[48;2;28;48;112m▀[38;2;28;32;60m[48;2;36;64;148m▀[38;2;36;48;84m[48;2;40;80;168m▀[38;2;28;44;88m[48;2;40;88;188m▀[38;2;28;44;80m[48;2;48;96;188m▀[38;2;20;28;52m[48;2;44;84;160m▀[38;2;12;16;40m[48;2;24;40;92m▀[38;2;20;20;48m[48;2;0;0;36m▀[38;2;16;24;52m[48;2;4;8;44m▀[38;2;16;28;68m[48;2;0;8;52m▀[38;2;56;76;116m[48;2;16;36;100m▀[38;2;32;32;48m[48;2;48;60;108m▀[38;2;12;12;12m[48;2;0;0;0m▀[38;2;16;16;16m[48;2;0;0;4m▀[38;2;12;12;12m[48;2;0;0;0m▀[38;2;36;36;36m[48;2;24;24;24m▀[0m
[38;2;255;255;255m[48;2;255;255;255m▀▀▀▀▀▀▀▀▀▀▀▀▀▀▀▀▀▀▀▀▀▀▀▀▀▀▀▀[38;2;52;52;56m[48;2;52;52;56m▀[38;2;0;0;0m[48;2;0;0;0m▀[38;2;4;4;8m[48;2;4;4;8m▀[38;2;4;4;4m[48;2;0;4;4m▀[38;2;0;0;0m[48;2;0;0;8m▀[38;2;40;48;80m[48;2;36;48;88m▀[38;2;16;32;80m[48;2;8;20;64m▀[38;2;0;12;40m[48;2;4;12;40m▀[38;2;4;12;40m[48;2;0;12;44m▀[38;2;0;12;44m[48;2;0;16;48m▀[38;2;4;16;48m[48;2;4;16;56m▀[38;2;4;12;48m[48;2;4;20;68m▀[38;2;32;56;128m[48;2;36;76;160m▀[38;2;32;76;168m[48;2;12;48;136m▀[38;2;16;52;144m[48;2;16;48;136m▀[38;2;20;60;156m[48;2;20;60;152m▀[38;2;20;60;164m[48;2;28;68;160m▀[38;2;20;56;156m[48;2;28;68;156m▀[38;2;24;60;156m[48;2;12;44;128m▀[38;2;56;100;180m[48;2;20;64;156m▀[38;2;28;44;92m[48;2;52;88;160m▀[38;2;4;8;44m[48;2;4;16;60m▀[38;2;8;16;48m[48;2;4;20;48m▀[38;2;0;12;64m[48;2;0;12;56m▀[38;2;48;68;136m[48;2;24;44;112m▀[38;2;24;24;44m[48;2;44;52;84m▀[38;2;0;0;4m[48;2;0;0;0m▀▀[38;2;24;24;28m[48;2;24;24;28m▀[0m
[38;2;255;255;255m[48;2;255;255;255m▀▀▀▀▀▀▀▀▀▀▀▀▀▀▀▀▀▀▀▀▀▀▀▀▀▀▀▀[38;2;52;52;56m[48;2;52;52;56m▀[38;2;0;0;0m[48;2;0;0;0m▀[38;2;4;4;8m[48;2;4;4;8m▀[38;2;0;0;4m[48;2;0;0;0m▀[38;2;4;4;12m[48;2;8;8;20m▀[38;2;36;52;92m[48;2;32;48;96m▀[38;2;4;16;56m[48;2;0;8;48m▀[38;2;4;12;40m[48;2;4;8;36m▀[38;2;4;12;44m[48;2;4;8;40m▀[38;2;0;16;48m[48;2;4;16;52m▀[38;2;4;20;60m[48;2;4;20;60m▀[38;2;4;16;60m[48;2;4;20;64m▀[38;2;40;68;136m[48;2;4;20;72m▀[38;2;40;80;168m[48;2;24;52;116m▀[38;2;20;60;156m[48;2;36;76;164m▀[38;2;20;56;152m[48;2;20;60;152m▀[38;2;20;60;152m[48;2;20;56;148m▀[38;2;16;52;148m[48;2;20;60;152m▀[38;2;16;44;128m[48;2;20;56;144m▀[38;2;16;52;144m[48;2;12;52;148m▀[38;2;36;76;176m[48;2;44;80;176m▀[38;2;16;32;88m[48;2;16;32;84m▀[38;2;0;12;52m[48;2;0;12;52m▀[48;2;0;16;48m▀[38;2;12;32;96m[48;2;8;28;92m▀[38;2;48;64;112m[48;2;52;68;120m▀[38;2;0;0;0m[48;2;0;0;4m▀[48;2;0;0;0m▀[38;2;24;24;28m[48;2;24;24;28m▀[0m
[38;2;255;255;255m[48;2;255;255;255m▀▀▀▀▀▀▀▀▀▀▀▀▀▀▀▀▀▀▀▀▀▀▀▀▀▀▀▀[38;2;52;52;56m[48;2;52;52;56m▀[38;2;0;0;0m[48;2;0;0;0m▀[38;2;4;4;8m[48;2;4;4;8m▀[38;2;0;0;4m[48;2;4;4;4m▀[38;2;8;8;16m[48;2;4;0;4m▀[38;2;44;64;120m[48;2;36;40;88m▀[38;2;12;24;92m[48;2;20;28;96m▀[38;2;12;20;96m[48;2;12;28;96m▀[38;2;8;20;96m[48;2;12;36;120m▀[38;2;4;16;84m[48;2;8;32;132m▀[38;2;4;16;76m[48;2;12;32;136m▀[38;2;4;20;72m[48;2;12;24;120m▀[38;2;8;20;72m[48;2;4;20;68m▀[38;2;4;16;68m[48;2;4;24;68m▀[38;2;24;48;108m[48;2;4;16;72m▀[38;2;36;64;132m[48;2;0;12;68m▀[38;2;40;80;164m[48;2;12;32;100m▀[38;2;32;84;180m[48;2;28;72;156m▀[38;2;16;60;160m[48;2;36;72;152m▀[38;2;44;92;184m[48;2;36;60;124m▀[38;2;40;68;128m[48;2;4;12;56m▀[38;2;4;16;56m[48;2;4;16;56m▀[38;2;4;16;52m▀[38;2;0;12;48m[48;2;0;12;52m▀[38;2;8;28;88m[48;2;12;32;88m▀[38;2;52;68;116m[48;2;48;60;96m▀[38;2;0;0;4m[48;2;4;0;0m▀[38;2;0;0;0m[48;2;0;0;0m▀[38;2;24;24;28m[48;2;24;24;28m▀[0m
[38;2;255;255;255m[48;2;255;255;255m▀▀▀▀▀▀▀▀▀▀▀▀▀▀▀▀▀▀▀▀▀▀▀▀▀▀▀▀[38;2;52;52;56m[48;2;52;52;56m▀[38;2;0;0;0m[48;2;0;0;0m▀[38;2;4;8;8m[48;2;4;4;8m▀[38;2;4;4;4m[48;2;0;4;4m▀[38;2;0;0;4m[48;2;4;4;12m▀[38;2;8;8;32m[48;2;12;20;52m▀[38;2;8;12;44m[48;2;4;20;72m▀[38;2;0;4;44m[48;2;4;16;84m▀[38;2;12;24;96m[48;2;8;28;136m▀[38;2;12;36;136m[48;2;12;44;188m▀[38;2;8;36;156m[48;2;8;36;168m▀[38;2;16;40;152m[48;2;12;40;164m▀[38;2;4;20;76m[48;2;12;28;124m▀[38;2;4;24;72m[48;2;4;20;120m▀[38;2;4;20;84m[48;2;16;40;164m▀[38;2;4;20;80m[48;2;12;36;148m▀[38;2;0;20;80m[48;2;24;36;132m▀[38;2;16;36;104m[48;2;32;44;120m▀[38;2;8;24;80m[48;2;4;20;76m▀[38;2;0;16;60m[48;2;8;20;64m▀[38;2;4;20;60m[48;2;4;16;60m▀[48;2;4;16;76m▀[38;2;4;20;64m[48;2;0;12;68m▀[38;2;0;12;52m[48;2;8;20;80m▀[38;2;20;40;96m[48;2;48;56;108m▀[38;2;44;52;76m[48;2;16;20;28m▀[38;2;4;0;0m[48;2;0;0;4m▀[38;2;0;0;0m[48;2;0;0;0m▀[38;2;24;24;28m[48;2;24;24;28m▀[0m
[38;2;255;255;255m[48;2;255;255;255m▀▀▀▀▀▀▀▀▀▀▀▀▀▀▀▀▀▀▀▀▀▀▀▀▀▀▀▀[38;2;52;52;56m[48;2;52;52;56m▀[38;2;0;0;0m[48;2;0;0;0m▀[38;2;4;4;8m[48;2;4;4;8m▀[38;2;0;4;4m[48;2;0;4;4m▀[38;2;0;0;8m[48;2;4;0;8m▀[38;2;4;12;40m[48;2;0;0;8m▀[38;2;12;40;112m[48;2;12;24;76m▀[38;2;28;60;164m[48;2;52;84;176m▀[38;2;16;48;172m[48;2;8;32;132m▀[38;2;20;56;212m[48;2;12;48;184m▀[38;2;16;48;180m[48;2;24;68;216m▀[38;2;8;44;164m[48;2;8;48;172m▀[38;2;20;60;188m[48;2;12;44;148m▀[38;2;24;44;188m[48;2;8;20;88m▀[38;2;16;32;180m[48;2;8;20;100m▀[38;2;36;56;192m[48;2;16;28;104m▀[38;2;28;52;188m[48;2;24;36;128m▀[38;2;24;44;160m[48;2;36;64;200m▀[38;2;8;20;88m[48;2;28;52;180m▀[38;2;0;12;76m[48;2;20;36;148m▀[38;2;8;24;100m[48;2;44;68;172m▀[38;2;8;28;120m[48;2;32;48;140m▀[38;2;20;36;136m[48;2;28;32;88m▀[38;2;36;52;112m[48;2;12;16;32m▀[38;2;12;12;32m[48;2;4;0;8m▀[38;2;0;0;4m[48;2;4;4;8m▀[38;2;4;4;8m[48;2;0;4;4m▀[38;2;0;0;0m[48;2;0;0;0m▀[38;2;24;24;24m[48;2;24;24;28m▀[0m
[38;2;255;255;255m[48;2;255;255;255m▀▀▀▀▀▀▀▀▀▀▀▀▀▀▀▀▀▀▀▀▀▀▀▀▀▀▀▀[38;2;56;56;56m[48;2;52;52;56m▀[38;2;0;0;0m[48;2;0;0;0m▀[38;2;4;4;8m[48;2;4;4;8m▀[38;2;0;0;4m[48;2;0;4;4m▀[38;2;4;0;4m[48;2;0;0;4m▀[38;2;4;4;8m[48;2;4;0;8m▀[38;2;0;0;24m[48;2;12;16;44m▀[38;2;16;36;112m[48;2;12;20;84m▀[38;2;28;56;168m[48;2;12;24;112m▀[38;2;16;40;168m[48;2;8;20;104m▀[38;2;24;52;164m[48;2;8;20;100m▀[38;2;24;52;168m[48;2;20;44;140m▀[38;2;16;44;144m[48;2;8;32;112m▀[38;2;4;20;80m[48;2;4;28;100m▀[38;2;8;28;96m[48;2;8;32;104m▀[38;2;12;24;80m[48;2;8;24;84m▀[38;2;12;20;92m[48;2;12;20;84m▀[38;2;36;68;196m[48;2;40;60;176m▀[38;2;28;56;184m[48;2;20;44;168m▀[38;2;36;48;148m[48;2;24;40;120m▀[38;2;40;52;140m[48;2;8;16;84m▀[38;2;36;44;100m[48;2;12;16;68m▀[38;2;4;0;16m[48;2;8;4;24m▀[38;2;4;4;12m[48;2;4;0;12m▀[48;2;4;0;8m▀[38;2;0;0;4m[48;2;0;4;4m▀[38;2;0;4;4m[48;2;4;4;4m▀[38;2;0;0;0m[48;2;0;0;0m▀[38;2;24;24;24m[48;2;24;24;24m▀[0m
[38;2;255;255;255m[48;2;255;255;255m▀▀▀▀▀▀▀▀▀▀▀▀▀▀▀▀▀▀▀▀▀▀▀▀▀▀▀▀[38;2;52;52;56m[48;2;52;52;56m▀[38;2;0;0;0m[48;2;0;0;0m▀[38;2;4;4;4m[48;2;4;4;4m▀[38;2;0;4;4m▀[38;2;4;4;4m[48;2;4;4;8m▀[38;2;4;0;4m[48;2;0;0;0m▀[38;2;20;24;64m[48;2;12;16;56m▀[38;2;24;36;112m[48;2;40;60;156m▀[38;2;16;32;104m[48;2;28;52;140m▀[38;2;28;44;124m[48;2;32;52;144m▀[38;2;36;56;152m[48;2;28;44;128m▀[38;2;32;52;148m[48;2;20;36;104m▀[38;2;8;24;96m[48;2;4;24;96m▀[38;2;4;28;100m[48;2;4;28;100m▀[38;2;4;28;96m[48;2;8;32;96m▀[38;2;12;28;88m[48;2;12;24;80m▀[38;2;8;12;60m[48;2;4;8;48m▀[38;2;28;40;120m[48;2;20;28;84m▀[38;2;12;28;120m[48;2;64;84;160m▀[38;2;24;36;108m[48;2;36;48;128m▀[38;2;20;32;112m[48;2;32;48;144m▀[38;2;12;16;72m[48;2;20;28;88m▀[38;2;12;8;32m[48;2;8;4;24m▀[38;2;4;4;12m[48;2;4;4;16m▀[38;2;4;0;8m[48;2;4;0;12m▀[38;2;0;4;4m[48;2;4;4;4m▀[38;2;4;4;4m▀[38;2;0;0;0m[48;2;0;0;0m▀[38;2;24;24;28m[48;2;24;24;28m▀[0m
[38;2;255;255;255m[48;2;255;255;255m▀▀▀▀▀▀▀▀▀▀▀▀▀▀▀▀▀▀▀▀▀▀▀▀▀▀[48;2;252;252;252m▀[48;2;255;255;255m▀[38;2;52;52;56m[48;2;52;52;56m▀[38;2;0;0;0m[48;2;0;0;0m▀[38;2;4;4;8m[48;2;4;4;8m▀[38;2;4;4;4m[48;2;4;4;4m▀[38;2;0;4;4m[48;2;0;4;4m▀[38;2;0;0;4m[48;2;4;4;4m▀[38;2;4;4;20m[48;2;4;0;4m▀[38;2;40;52;120m[48;2;20;20;52m▀[38;2;32;44;124m[48;2;24;28;92m▀[38;2;8;20;72m[48;2;4;16;60m▀[38;2;4;20;64m[48;2;4;20;64m▀[38;2;4;24;84m[48;2;8;28;96m▀[38;2;4;28;96m[48;2;16;28;88m▀[38;2;12;32;92m[48;2;12;16;56m▀[38;2;12;24;76m[48;2;4;8;44m▀[38;2;4;16;56m[48;2;4;8;40m▀[38;2;4;8;40m[48;2;4;12;40m▀[38;2;16;20;68m[48;2;4;4;36m▀[38;2;28;44;120m[48;2;20;28;96m▀[38;2;32;44;144m[48;2;36;44;148m▀[38;2;32;48;156m[48;2;28;40;144m▀[38;2;20;32;100m[48;2;40;48;140m▀[38;2;8;8;28m[48;2;12;12;40m▀[38;2;4;0;12m[48;2;8;8;16m▀[38;2;4;4;8m[48;2;4;4;4m▀[38;2;4;4;4m▀▀[38;2;0;0;0m[48;2;0;0;0m▀[38;2;24;24;24m[48;2;24;24;28m▀[0m
[38;2;255;255;255m[48;2;228;228;228m▀[48;2;220;220;220m▀▀▀▀▀▀▀▀▀▀▀▀▀▀▀▀▀▀▀▀▀▀▀▀▀▀▀[38;2;56;56;56m[48;2;48;48;48m▀[38;2;0;0;0m[48;2;0;0;4m▀[38;2;4;4;4m[48;2;4;4;12m▀[38;2;0;4;4m[48;2;4;0;12m▀[38;2;4;4;4m▀▀[38;2;0;0;0m[48;2;0;0;8m▀[38;2;16;20;40m[48;2;16;16;40m▀[38;2;24;32;84m[48;2;16;20;64m▀[38;2;8;16;72m[48;2;4;8;64m▀[38;2;8;20;76m[48;2;24;24;64m▀[38;2;16;24;76m[48;2;20;20;44m▀[38;2;12;8;44m[48;2;8;8;32m▀[38;2;4;4;28m[48;2;8;8;36m▀[38;2;0;4;24m[48;2;8;8;32m▀[38;2;0;4;28m[48;2;8;4;32m▀[38;2;0;8;28m[48;2;8;4;36m▀[38;2;0;0;20m[48;2;8;8;32m▀[38;2;20;24;64m[48;2;16;16;36m▀[38;2;32;40;124m[48;2;24;28;96m▀[38;2;32;40;128m[48;2;20;28;120m▀[38;2;44;52;136m[48;2;32;40;104m▀[38;2;32;36;92m[48;2;44;52;112m▀[38;2;8;4;20m[48;2;12;12;52m▀[38;2;4;0;8m[48;2;12;12;32m▀[38;2;0;4;4m[48;2;4;0;12m▀[38;2;4;4;4m[48;2;4;4;12m▀[38;2;0;0;0m[48;2;0;0;8m▀[38;2;24;24;24m[48;2;24;24;32m▀[0m
[38;2;228;228;228m[48;2;255;255;255m▀[38;2;220;220;220m▀[38;2;224;224;224m▀[38;2;224;220;224m▀[38;2;220;220;224m▀[38;2;224;224;224m▀[38;2;224;220;224m▀[38;2;224;224;224m▀▀▀▀▀▀▀▀▀▀▀▀▀▀▀▀▀▀▀[38;2;220;220;224m▀[38;2;224;224;224m▀[38;2;48;48;64m[48;2;56;60;84m▀[38;2;0;0;24m[48;2;0;4;44m▀[38;2;4;12;48m[48;2;4;16;76m▀[38;2;4;8;56m[48;2;4;12;88m▀[38;2;4;12;72m[48;2;4;16;100m▀[38;2;4;12;76m[48;2;8;20;116m▀[38;2;12;16;88m[48;2;4;12;116m▀[38;2;4;8;92m[48;2;44;56;132m▀[38;2;20;24;92m[48;2;104;136;200m▀[38;2;72;88;132m[48;2;88;120;216m▀[38;2;100;120;176m[48;2;80;108;208m▀[38;2;80;104;180m[48;2;104;112;204m▀[38;2;68;88;180m[48;2;112;116;204m▀[38;2;68;92;180m[48;2;100;116;212m▀[38;2;68;88;172m[48;2;116;128;204m▀[38;2;64;92;176m[48;2;128;136;212m▀[38;2;60;84;176m[48;2;124;144;208m▀[38;2;64;88;184m[48;2;104;124;212m▀[38;2;92;120;192m[48;2;84;112;212m▀[38;2;108;132;172m[48;2;84;120;224m▀[38;2;56;68;120m[48;2;120;160;232m▀[38;2;4;12;100m[48;2;108;136;188m▀[38;2;8;16;112m[48;2;16;32;136m▀[38;2;12;20;108m[48;2;4;20;144m▀[38;2;8;16;96m[48;2;12;24;136m▀[38;2;8;16;80m[48;2;8;20;120m▀[38;2;8;12;72m[48;2;8;16;108m▀[38;2;4;8;60m[48;2;4;8;92m▀[38;2;28;28;64m[48;2;28;32;88m▀[0m
[38;2;255;255;255m[48;2;255;255;255m▀▀▀▀▀▀▀▀▀▀▀▀▀▀▀▀▀▀▀▀▀▀▀▀▀▀[38;2;252;252;255m▀[38;2;255;255;255m▀[38;2;56;60;84m[48;2;56;60;92m▀[38;2;0;4;60m[48;2;0;4;76m▀[38;2;8;16;88m[48;2;12;16;104m▀[38;2;8;16;108m[48;2;4;20;128m▀[38;2;8;20;120m[48;2;4;20;144m▀[38;2;4;12;124m[48;2;20;36;132m▀[38;2;40;60;140m[48;2;116;152;212m▀[38;2;112;148;212m[48;2;80;116;200m▀[38;2;72;108;196m[48;2;112;124;192m▀[38;2;76;100;200m[48;2;116;104;192m▀[38;2;116;100;196m[48;2;156;104;192m▀[38;2;172;132;204m[48;2;212;164;220m▀[38;2;192;152;212m[48;2;236;204;236m▀[38;2;148;108;196m[48;2;184;124;196m▀[38;2;148;120;200m[48;2;148;112;188m▀[38;2;136;116;204m[48;2;140;108;192m▀[38;2;140;124;200m[48;2;132;96;188m▀[38;2;140;120;192m[48;2;132;104;184m▀[38;2;152;132;196m[48;2;124;112;200m▀[38;2;124;132;208m[48;2;84;100;200m▀[38;2;60;96;204m[48;2;96;124;208m▀[38;2;92;136;216m[48;2;68;100;192m▀[38;2;124;164;200m[48;2;104;148;224m▀[38;2;16;36;140m[48;2;108;136;192m▀[38;2;12;20;152m[48;2;4;20;156m▀[38;2;12;20;140m[48;2;16;28;160m▀[38;2;8;20;128m[48;2;12;24;148m▀[38;2;4;12;112m[48;2;0;16;128m▀[38;2;28;36;100m[48;2;28;40;116m▀[0m
[38;2;255;255;255m[48;2;255;255;255m▀▀▀▀▀▀▀▀▀▀▀▀▀▀▀▀▀▀▀▀▀▀▀▀▀▀▀▀[38;2;60;60;96m[48;2;60;64;104m▀[38;2;0;8;88m[48;2;0;12;104m▀[38;2;12;20;120m[48;2;12;28;132m▀[38;2;12;28;140m[48;2;12;28;152m▀[38;2;4;16;144m[48;2;20;40;148m▀[38;2;84;116;176m[48;2;112;156;208m▀[38;2;92;136;216m[48;2;84;120;200m▀[38;2;92;112;200m[48;2;112;108;204m▀[38;2;148;120;200m[48;2;160;112;200m▀[38;2;144;112;188m[48;2;144;96;184m▀[38;2;124;84;184m[48;2;172;136;200m▀[38;2;124;68;176m[48;2;168;144;200m▀[38;2;172;120;192m[48;2;192;172;212m▀[38;2;188;148;204m[48;2;200;180;216m▀[38;2;172;144;196m[48;2;196;164;216m▀[38;2;196;164;208m[48;2;176;144;204m▀[38;2;216;188;228m[48;2;168;152;204m▀[38;2;136;116;200m[48;2;172;160;216m▀[38;2;104;108;192m[48;2;168;148;212m▀[38;2;108;120;196m[48;2;184;156;212m▀[38;2;104;116;204m[48;2;140;120;208m▀[38;2;100;128;212m[48;2;108;112;196m▀[38;2;68;112;208m[48;2;88;116;208m▀[38;2;128;172;220m[48;2;96;144;220m▀[38;2;44;64;168m[48;2;88;124;192m▀[38;2;16;28;176m[48;2;12;32;176m▀[38;2;16;32;164m[48;2;20;40;176m▀[38;2;4;20;144m[48;2;12;28;160m▀[38;2;28;40;128m[48;2;32;48;144m▀[0m
[38;2;255;255;255m[48;2;255;255;255m▀▀▀▀▀▀▀▀▀▀▀▀▀▀▀▀▀▀▀▀▀▀▀▀▀▀▀▀[38;2;60;64;108m[48;2;60;68;116m▀[38;2;0;16;116m[48;2;4;20;124m▀[38;2;16;32;148m[48;2;20;40;160m▀[38;2;12;28;164m[48;2;12;32;168m▀[38;2;48;80;168m[48;2;68;108;180m▀[38;2;112;160;220m[48;2;104;152;228m▀[38;2;140;148;216m[48;2;132;132;216m▀[38;2;168;136;212m[48;2;184;144;208m▀[38;2;196;140;208m[48;2;252;236;244m▀[38;2;176;120;192m[48;2;228;200;220m▀[38;2;168;144;200m[48;2;208;184;224m▀[38;2;228;212;240m[48;2;204;184;228m▀[38;2;228;208;232m[48;2;168;144;204m▀[38;2;224;204;232m[48;2;200;164;216m▀[38;2;216;188;228m[48;2;188;140;204m▀[38;2;196;156;208m[48;2;176;140;200m▀[38;2;168;140;200m[48;2;192;172;212m▀[38;2;200;172;220m[48;2;228;192;232m▀[38;2;200;156;220m[48;2;172;108;184m▀[38;2;188;136;196m[48;2;236;208;232m▀[38;2;188;140;208m[48;2;244;212;240m▀[38;2;144;112;208m[48;2;156;112;204m▀[38;2;92;104;208m[48;2;108;112;200m▀[38;2;68;108;204m[48;2;44;76;192m▀[38;2;116;160;212m[48;2;120;168;220m▀[38;2;20;48;184m[48;2;48;76;192m▀[38;2;28;48;188m[48;2;28;52;196m▀[38;2;16;32;172m[48;2;20;44;180m▀[38;2;36;52;152m[48;2;36;56;160m▀[0m
[38;2;255;255;255m[48;2;255;255;255m▀▀▀▀▀▀▀▀▀▀▀▀▀▀▀▀▀▀▀▀▀▀▀▀▀▀▀[38;2;255;255;252m[48;2;255;255;252m▀[38;2;64;68;124m[48;2;64;68;124m▀[38;2;8;20;140m[48;2;12;28;148m▀[38;2;24;44;172m[48;2;28;52;180m▀[38;2;16;40;176m[48;2;20;48;188m▀[38;2;84;120;192m[48;2;88;124;200m▀[38;2;104;148;228m[48;2;108;152;224m▀[38;2;128;128;212m[48;2;120;140;216m▀[38;2;196;156;216m[48;2;160;140;220m▀[38;2;204;148;212m[48;2;164;100;192m▀[38;2;192;128;192m[48;2;172;100;188m▀[38;2;184;136;196m[48;2;116;76;168m▀[38;2;204;188;228m[48;2;140;132;192m▀[38;2;192;160;220m[48;2;172;148;208m▀[38;2;172;120;188m[48;2;152;116;196m▀[38;2;200;156;208m[48;2;232;204;236m▀[38;2;144;108;184m[48;2;184;152;204m▀[38;2;140;124;196m[48;2;152;136;196m▀[38;2;192;172;216m[48;2;180;180;224m▀[38;2;144;84;176m[48;2;120;112;192m▀[38;2;192;140;200m[48;2;120;92;196m▀[38;2;200;156;220m[48;2;124;92;204m▀[38;2;144;108;208m[48;2;96;92;196m▀[38;2;92;96;192m[48;2;28;36;152m▀[38;2;24;44;172m[48;2;36;68;172m▀[38;2;112;152;208m[48;2;144;188;228m▀[38;2;72;104;204m[48;2;64;100;212m▀[38;2;28;56;204m[48;2;36;72;212m▀[38;2;24;52;192m[48;2;32;60;200m▀[38;2;40;64;172m[48;2;48;72;180m▀[0m
[38;2;255;255;255m[48;2;255;255;255m▀▀▀▀▀▀▀▀▀▀▀▀▀▀▀▀▀▀▀▀▀▀▀▀▀▀▀[38;2;255;255;252m[48;2;255;255;252m▀[38;2;64;72;132m[48;2;68;76;136m▀[38;2;12;36;156m[48;2;20;40;164m▀[38;2;32;60;184m[48;2;36;64;188m▀[38;2;28;56;196m[48;2;32;68;204m▀[38;2;84;120;200m[48;2;68;108;200m▀[38;2;112;160;228m[48;2;128;172;232m▀[38;2;92;128;216m[48;2;76;112;216m▀[38;2;96;116;220m[48;2;84;116;208m▀[38;2;112;96;196m[48;2;96;120;200m▀[38;2;120;100;188m[48;2;132;156;216m▀[38;2;100;112;192m[48;2;124;148;224m▀[38;2;132;160;208m[48;2;88;116;192m▀[38;2;156;176;224m[48;2;120;152;212m▀[38;2;128;136;212m[48;2;120;148;220m▀[38;2;176;164;212m[48;2;132;152;216m▀[38;2;212;200;228m[48;2;120;136;196m▀[38;2;148;156;216m[48;2;80;100;200m▀[38;2;92;108;200m[48;2;76;92;192m▀[38;2;100;120;208m[48;2;40;44;136m▀[38;2;60;64;180m[48;2;20;20;124m▀[38;2;56;56;176m[48;2;24;28;136m▀[38;2;36;44;156m[48;2;24;36;160m▀[38;2;20;36;156m[48;2;44;68;188m▀[38;2;80;108;188m[48;2;72;104;184m▀[38;2;60;88;172m[48;2;12;24;140m▀[38;2;60;100;220m[48;2;52;80;188m▀[38;2;44;84;216m[48;2;56;100;224m▀[38;2;36;68;208m[48;2;44;76;212m▀[38;2;52;76;188m[48;2;56;84;192m▀[0m
[38;2;255;255;255m[48;2;255;255;255m▀▀▀▀▀▀▀▀▀▀▀▀▀▀▀▀▀▀▀▀▀▀▀▀▀▀▀[38;2;255;255;252m[48;2;255;255;252m▀[38;2;68;76;140m[48;2;68;80;144m▀[38;2;20;44;172m[48;2;24;48;176m▀[38;2;40;68;196m[48;2;44;72;200m▀[38;2;44;76;216m[48;2;52;88;216m▀[38;2;52;96;204m[48;2;56;96;220m▀[38;2;128;184;224m[48;2;112;160;220m▀[38;2;72;108;220m[48;2;104;152;228m▀[38;2;72;96;192m[48;2;84;116;208m▀[38;2;116;144;212m[48;2;112;136;224m▀[38;2;60;72;176m[48;2;36;48;176m▀[38;2;64;72;184m[48;2;36;48;168m▀[38;2;88;108;192m[48;2;80;108;204m▀[38;2;116;136;216m[48;2;104;132;220m▀[38;2;92;116;204m[48;2;68;88;192m▀[38;2;96;124;200m[48;2;64;80;176m▀[38;2;92;112;200m[48;2;28;32;132m▀[38;2;68;84;188m[48;2;20;16;112m▀[38;2;52;56;144m[48;2;16;12;100m▀[38;2;16;16;104m[48;2;20;20;112m▀[38;2;24;24;120m[48;2;16;20;112m▀[38;2;24;32;136m[48;2;20;20;116m▀[38;2;28;40;160m[48;2;20;24;140m▀[38;2;48;80;208m[48;2;32;52;188m▀[38;2;120;172;236m[48;2;84;132;232m▀[38;2;48;68;176m[48;2;80;112;200m▀[38;2;20;36;148m[48;2;16;24;140m▀[38;2;64;100;208m[48;2;36;60;160m▀[38;2;44;88;220m[48;2;56;100;212m▀[38;2;56;88;196m[48;2;64;92;200m▀[0m
[38;2;255;255;255m[48;2;255;255;255m▀▀▀▀▀▀▀▀▀▀▀▀▀▀▀▀▀▀▀▀▀▀▀▀▀▀▀[38;2;255;255;252m[48;2;255;255;252m▀[38;2;72;80;148m[48;2;72;84;148m▀[38;2;28;56;176m[48;2;32;60;184m▀[38;2;44;80;200m[48;2;48;84;208m▀[38;2;52;96;216m[48;2;56;100;224m▀[38;2;64;108;232m[48;2;68;116;232m▀[38;2;76;132;220m[48;2;72;128;224m▀[38;2;132;188;228m[48;2;120;180;220m▀[38;2;76;116;204m[48;2;108;156;232m▀[38;2;112;136;212m[48;2;44;68;180m▀[38;2;100;124;212m[48;2;80;96;176m▀[38;2;64;84;192m[48;2;96;124;208m▀[38;2;76;108;204m[48;2;96;120;208m▀[38;2;80;104;192m[48;2;52;60;168m▀[38;2;60;76;172m[48;2;60;68;176m▀[38;2;36;44;152m[48;2;36;40;144m▀[38;2;28;36;144m[48;2;24;32;128m▀[38;2;16;12;104m[48;2;12;16;96m▀[38;2;24;16;108m[48;2;16;16;104m▀[38;2;16;16;112m[48;2;16;16;108m▀[38;2;20;16;112m[48;2;16;20;112m▀[38;2;16;20;116m[48;2;16;20;116m▀[38;2;16;24;136m[48;2;16;24;132m▀[38;2;28;40;172m[48;2;20;32;156m▀[38;2;56;84;208m[48;2;44;72;200m▀[38;2;88;124;208m[48;2;76;116;240m▀[38;2;20;32;140m[48;2;72;108;216m▀[38;2;36;60;168m[48;2;80;128;224m▀[38;2;56;104;216m[48;2;56;108;232m▀[38;2;68;104;204m[48;2;68;108;208m▀[0m
[38;2;255;255;255m[48;2;255;255;255m▀▀▀▀▀▀▀▀▀▀▀▀▀▀▀▀▀▀▀▀▀▀▀▀▀▀▀[38;2;255;255;252m[48;2;255;255;252m▀[38;2;76;84;148m[48;2;76;88;152m▀[38;2;32;64;184m[48;2;32;68;184m▀[38;2;52;88;208m[48;2;52;92;208m▀[38;2;60;104;224m[48;2;60;108;224m▀[38;2;68;124;232m[48;2;72;128;228m▀[38;2;80;136;232m[48;2;80;144;236m▀[38;2;96;156;224m[48;2;88;156;232m▀[38;2;136;188;236m[48;2;136;192;228m▀[38;2;60;84;212m[48;2;76;116;216m▀[38;2;24;32;152m[48;2;28;48;168m▀[38;2;72;88;168m[48;2;36;44;148m▀[38;2;84;104;192m[48;2;72;84;180m▀[38;2;16;20;144m[48;2;16;20;148m▀[38;2;52;64;176m[48;2;48;56;172m▀[38;2;24;28;120m[48;2;24;24;116m▀[38;2;8;8;100m[48;2;16;12;104m▀[38;2;12;16;100m[48;2;12;16;108m▀[38;2;12;16;104m[48;2;8;12;108m▀[38;2;12;20;108m[48;2;12;16;108m▀[38;2;16;20;112m[48;2;20;20;120m▀[38;2;20;20;128m[48;2;20;20;132m▀[38;2;20;24;136m[48;2;20;24;136m▀[38;2;16;28;148m[48;2;16;28;148m▀[38;2;44;72;200m[48;2;52;80;196m▀[38;2;52;88;208m[48;2;60;96;188m▀[38;2;84;136;212m[48;2;100;152;212m▀[38;2;80;140;232m[48;2;80;140;236m▀[38;2;60;112;232m[48;2;64;116;236m▀[38;2;72;116;208m[48;2;72;116;208m▀[0m
[38;2;255;255;255m[48;2;248;248;248m▀▀▀▀▀▀▀▀▀▀▀▀▀▀▀▀▀▀▀▀▀▀▀▀▀▀▀[38;2;255;255;252m[48;2;252;252;248m▀[38;2;76;88;152m[48;2;80;92;152m▀[38;2;36;68;188m[48;2;48;76;188m▀[38;2;52;92;212m[48;2;72;100;216m▀[38;2;60;112;220m[48;2;84;120;224m▀[38;2;76;128;228m[48;2;96;140;232m▀[38;2;84;148;232m[48;2;108;160;244m▀[38;2;92;160;236m[48;2;112;168;248m▀[38;2;132;192;232m[48;2;144;200;240m▀[38;2;96;136;216m[48;2;120;160;224m▀[38;2;32;52;172m[48;2;40;60;172m▀[38;2;28;36;140m[48;2;20;36;132m▀[38;2;68;76;176m[48;2;40;56;148m▀[38;2;32;40;160m[48;2;32;44;152m▀[38;2;44;52;164m[48;2;16;32;128m▀[38;2;24;28;128m[48;2;12;24;124m▀[38;2;16;16;116m[48;2;8;20;120m▀[38;2;20;20;124m[48;2;4;12;116m▀[38;2;16;20;120m[48;2;12;24;132m▀[38;2;12;16;112m[48;2;20;28;132m▀[38;2;16;16;120m[48;2;20;28;136m▀[38;2;16;20;132m[48;2;20;28;140m▀[38;2;20;28;140m[48;2;24;28;140m▀[38;2;20;28;152m[48;2;24;32;148m▀[38;2;36;60;192m[48;2;28;40;164m▀[38;2;56;92;196m[48;2;48;80;180m▀[38;2;108;160;224m[48;2;120;168;232m▀[38;2;80;136;232m[48;2;96;148;240m▀[38;2;64;116;232m[48;2;80;128;232m▀[38;2;72;116;212m[48;2;88;124;216m▀[0m
[38;2;172;172;172m[48;2;255;255;255m▀▀▀▀▀▀▀▀▀▀▀▀▀▀▀▀▀▀▀▀▀▀▀▀▀▀▀[38;2;168;168;164m[48;2;244;244;244m▀[38;2;40;40;64m[48;2;32;24;32m▀[38;2;28;32;84m[48;2;16;4;20m▀[38;2;40;44;96m[48;2;12;12;24m▀[38;2;44;52;104m[48;2;12;16;28m▀[38;2;48;60;108m[48;2;16;16;24m▀[38;2;56;76;108m[48;2;20;32;24m▀[38;2;56;84;104m[48;2;32;48;40m▀[38;2;68;88;104m[48;2;32;44;44m▀[38;2;52;68;96m[48;2;92;72;80m▀[38;2;28;40;76m[48;2;176;136;128m▀[38;2;56;60;92m[48;2;204;168;152m▀[38;2;96;100;132m[48;2;208;176;160m▀[38;2;104;104;140m[48;2;204;172;164m▀[38;2;92;92;120m[48;2;208;172;164m▀[38;2;100;88;128m[48;2;208;168;164m▀[38;2;100;88;132m▀[38;2;96;84;120m[48;2;204;160;156m▀[38;2;96;92;132m[48;2;208;164;168m▀[38;2;68;64;112m[48;2;216;176;180m▀[38;2;28;20;68m[48;2;184;156;156m▀[38;2;16;12;60m[48;2;108;76;88m▀[38;2;16;16;68m[48;2;44;20;36m▀[38;2;16;12;64m[48;2;20;20;32m▀[38;2;12;12;64m[48;2;8;12;36m▀[38;2;16;20;64m[48;2;4;12;40m▀[38;2;48;60;88m[48;2;4;0;16m▀[38;2;44;60;96m[48;2;0;0;0m▀[38;2;36;48;92m▀[38;2;52;60;100m[48;2;20;20;20m▀[0m
[38;2;255;255;255m[48;2;255;255;255m▀▀▀▀▀▀▀▀▀▀▀▀▀▀▀▀▀▀▀▀▀▀▀▀▀[38;2;252;252;252m▀[38;2;255;255;255m▀[38;2;240;240;240m[48;2;240;240;240m▀[38;2;36;36;48m[48;2;40;36;52m▀[38;2;20;16;40m[48;2;24;20;48m▀[38;2;24;24;52m[48;2;32;32;60m▀[38;2;28;28;52m[48;2;40;40;64m▀[38;2;40;36;52m[48;2;68;56;80m▀[38;2;52;40;56m[48;2;88;68;84m▀[38;2;68;56;68m[48;2;184;140;152m▀[38;2;172;144;152m[48;2;220;164;172m▀[38;2;220;176;172m[48;2;200;164;164m▀[38;2;200;160;152m[48;2;212;188;184m▀[38;2;204;176;168m[48;2;216;200;200m▀[38;2;204;188;184m[48;2;228;228;220m▀[38;2;212;192;188m[48;2;236;224;224m▀[38;2;212;184;184m[48;2;220;204;212m▀[38;2;220;200;208m[48;2;224;208;220m▀[38;2;224;208;216m[48;2;216;196;216m▀[38;2;224;200;208m[48;2;220;208;224m▀[38;2;208;184;192m[48;2;224;212;228m▀[38;2;208;164;176m[48;2;232;216;232m▀[38;2;220;172;188m[48;2;220;184;212m▀[38;2;232;196;212m[48;2;204;156;188m▀[38;2;180;144;160m[48;2;232;204;232m▀[38;2;88;56;96m[48;2;208;172;204m▀[38;2;44;48;112m[48;2;112;72;112m▀[38;2;28;36;88m[48;2;56;40;76m▀[38;2;8;16;36m[48;2;28;24;56m▀[38;2;4;8;12m[48;2;12;12;24m▀[38;2;0;4;4m[48;2;4;4;4m▀[38;2;28;28;28m[48;2;28;28;28m▀[0m
[38;2;255;255;255m[48;2;255;255;255m▀▀▀▀▀▀▀▀▀▀▀▀▀▀▀▀▀▀▀▀▀▀▀▀▀▀▀[38;2;240;240;240m[48;2;240;240;240m▀[38;2;44;40;48m[48;2;52;44;48m▀[38;2;32;28;48m[48;2;36;40;52m▀[38;2;44;48;72m[48;2;56;56;88m▀[38;2;72;64;92m[48;2;104;80;120m▀[38;2;92;80;104m[48;2;136;112;140m▀[38;2;168;136;156m[48;2;220;176;200m▀[38;2;228;176;184m[48;2;216;176;192m▀[38;2;212;180;188m[48;2;220;200;216m▀[38;2;212;192;196m[48;2;212;200;216m▀[38;2;212;188;200m[48;2;212;192;212m▀[38;2;216;204;216m[48;2;204;180;204m▀[38;2;240;240;240m[48;2;208;192;212m▀[38;2;244;236;244m[48;2;228;224;236m▀[38;2;228;212;228m[48;2;240;232;244m▀[38;2;224;208;224m[48;2;240;236;244m▀[38;2;220;208;224m[48;2;244;248;248m▀[38;2;220;204;224m[48;2;248;244;248m▀[38;2;224;208;228m[48;2;236;232;240m▀[38;2;212;196;220m[48;2;228;228;240m▀[38;2;216;204;228m[48;2;232;232;244m▀[38;2;228;216;236m[48;2;236;228;244m▀[38;2;216;184;212m[48;2;240;220;236m▀[38;2;232;204;228m[48;2;228;192;216m▀[38;2;184;124;156m[48;2;220;184;204m▀[38;2;112;64;92m[48;2;148;88;112m▀[38;2;64;48;76m[48;2;100;64;84m▀[38;2;32;28;48m[48;2;68;44;68m▀[38;2;12;12;16m[48;2;32;28;40m▀[38;2;32;36;32m[48;2;40;44;48m▀[0m
[38;2;255;255;255m[48;2;255;255;255m▀▀▀▀▀▀▀▀▀▀▀▀▀▀▀▀▀▀▀▀▀▀▀▀▀▀▀[38;2;240;240;240m[48;2;240;240;240m▀[38;2;56;48;56m[48;2;60;52;56m▀[38;2;36;36;56m[48;2;44;36;64m▀[38;2;68;64;88m[48;2;80;60;88m▀[38;2;112;88;120m[48;2;120;84;116m▀[38;2;176;140;172m[48;2;204;160;192m▀[38;2;232;188;212m[48;2;240;204;224m▀[38;2;220;200;216m[48;2;240;236;240m▀[38;2;228;216;228m[48;2;236;228;240m▀[38;2;216;204;220m[48;2;236;232;240m▀[38;2;216;208;224m[48;2;232;228;236m▀[38;2;232;224;236m[48;2;240;244;244m▀[38;2;240;236;244m[48;2;252;252;255m▀[38;2;248;248;252m[48;2;252;252;252m▀[38;2;248;252;252m▀[38;2;248;248;252m▀[38;2;244;248;248m[48;2;248;248;252m▀▀[38;2;248;248;252m▀[38;2;244;248;248m[48;2;244;244;244m▀[38;2;240;236;244m[48;2;240;240;244m▀[38;2;244;232;248m[48;2;240;232;240m▀[38;2;248;236;248m[48;2;236;228;240m▀[38;2;224;184;212m[48;2;216;180;212m▀[38;2;228;192;216m[48;2;228;184;224m▀[38;2;180;116;136m[48;2;208;148;176m▀[38;2;128;76;92m[48;2;156;88;116m▀[38;2;96;60;84m[48;2;124;76;108m▀[38;2;60;40;56m[48;2;88;52;84m▀[38;2;52;52;52m[48;2;76;60;68m▀[0m
[38;2;255;255;255m[48;2;255;255;255m▀▀▀▀▀▀▀▀▀▀▀▀▀▀▀▀▀▀▀▀▀▀▀▀▀▀▀[38;2;240;240;240m[48;2;240;240;236m▀[38;2;60;60;72m[48;2;64;64;84m▀[38;2;64;48;84m[48;2;76;64;104m▀[38;2;100;64;104m[48;2;108;76;116m▀[38;2;128;88;120m[48;2;136;96;128m▀[38;2;216;172;200m[48;2;224;180;204m▀[38;2;228;196;216m[48;2;228;192;212m▀[38;2;228;228;240m[48;2;232;236;244m▀[38;2;240;240;244m[48;2;236;232;244m▀[38;2;255;255;255m[48;2;228;220;232m▀[38;2;252;252;252m[48;2;216;212;228m▀[38;2;248;252;252m[48;2;232;236;244m▀[38;2;248;248;252m[48;2;248;252;252m▀▀[38;2;248;252;252m[48;2;252;252;252m▀[38;2;248;248;252m[48;2;248;252;252m▀[38;2;248;252;252m[48;2;248;244;248m▀[38;2;252;252;252m[48;2;248;248;248m▀[38;2;248;244;248m[48;2;248;244;248m▀[38;2;240;240;248m[48;2;236;232;244m▀[38;2;248;252;252m[48;2;232;232;240m▀[38;2;248;244;252m[48;2;236;232;240m▀[38;2;240;228;240m[48;2;236;236;244m▀[38;2;212;188;220m[48;2;200;188;232m▀[38;2;212;168;220m[48;2;192;160;212m▀[38;2;224;172;208m[48;2;228;196;220m▀[38;2;184;116;152m[48;2;204;144;172m▀[38;2;148;100;144m[48;2;168;124;168m▀[38;2;112;64;116m[48;2;128;80;140m▀[38;2;96;68;96m[48;2;108;80;112m▀[0m
[38;2;255;255;255m[48;2;255;255;255m▀▀▀▀▀▀▀▀▀▀▀▀▀▀▀▀▀▀▀▀▀▀▀▀▀▀▀[38;2;240;240;236m[48;2;240;240;240m▀[38;2;64;60;72m[48;2;68;56;60m▀[38;2;84;60;88m[48;2;92;52;72m▀[38;2;120;76;104m[48;2;132;72;88m▀[38;2;144;92;116m[48;2;148;88;92m▀[38;2;224;176;192m[48;2;216;172;172m▀[38;2;224;180;200m[48;2;224;172;180m▀[38;2;228;220;224m[48;2;216;188;200m▀[38;2;224;204;220m[48;2;200;176;200m▀[38;2;212;200;220m[48;2;200;200;224m▀[38;2;200;192;220m[48;2;212;208;228m▀[38;2;212;220;232m[48;2;224;212;224m▀[38;2;236;244;244m[48;2;236;236;240m▀[38;2;244;244;248m[48;2;244;240;244m▀[48;2;240;240;240m▀[38;2;248;248;252m[48;2;244;244;248m▀[38;2;248;248;248m[48;2;252;248;248m▀[38;2;248;244;248m[48;2;236;216;232m▀[38;2;248;240;244m[48;2;224;204;232m▀[38;2;236;224;240m[48;2;200;184;220m▀[38;2;220;216;232m[48;2;164;168;200m▀[38;2;212;208;228m[48;2;144;164;196m▀[38;2;180;184;220m[48;2;120;128;168m▀[38;2;148;132;192m[48;2;152;124;168m▀[38;2;204;172;212m[48;2;160;132;164m▀[38;2;236;196;220m[48;2;164;116;148m▀[38;2;208;144;176m[48;2;208;132;168m▀[38;2;180;128;172m[48;2;188;120;164m▀[38;2;144;88;144m[48;2;156;84;136m▀[38;2;120;84;116m[48;2;132;84;116m▀[0m
[38;2;255;255;255m[48;2;255;255;255m▀▀▀▀▀▀▀▀▀▀▀▀▀▀▀▀▀▀▀▀▀▀▀▀▀▀▀[38;2;236;240;240m[48;2;236;240;240m▀[38;2;72;56;56m[48;2;72;56;56m▀[38;2;104;56;60m[48;2;112;60;64m▀[38;2;140;72;80m[48;2;152;76;84m▀[38;2;160;84;84m[48;2;168;92;96m▀[38;2;204;160;156m[48;2;192;144;160m▀[38;2;228;180;196m[48;2;244;212;240m▀[38;2;200;168;200m[48;2;192;148;184m▀[38;2;208;192;220m[48;2;200;172;184m▀[38;2;224;204;224m[48;2;188;140;144m▀[38;2;228;212;224m[48;2;144;92;112m▀[38;2;216;188;220m[48;2;160;120;152m▀[38;2;216;188;216m[48;2;212;172;200m▀[38;2;232;220;232m[48;2;228;200;224m▀[38;2;240;232;244m[48;2;220;184;208m▀[38;2;240;228;240m[48;2;220;196;216m▀[38;2;232;208;224m[48;2;208;180;200m▀[38;2;224;192;220m[48;2;184;164;180m▀[38;2;184;168;200m[48;2;116;120;144m▀[38;2;124;124;164m[48;2;88;104;124m▀[38;2;92;112;144m[48;2;76;92;116m▀[38;2;92;108;140m[48;2;76;84;108m▀[38;2;132;116;140m[48;2;112;80;100m▀[38;2;184;144;160m[48;2;208;152;152m▀[38;2;152;120;140m[48;2;232;188;192m▀[38;2;104;68;104m[48;2;120;92;108m▀[38;2;176;104;140m[48;2;116;76;104m▀[38;2;192;112;156m[48;2;192;108;128m▀[38;2;164;84;124m[48;2;172;88;100m▀[38;2;144;84;104m[48;2;148;88;92m▀[0m
[38;2;255;255;255m[48;2;255;255;255m▀▀▀▀▀▀▀▀▀▀▀▀▀▀▀▀▀▀▀▀▀▀▀▀▀▀▀[38;2;236;240;240m[48;2;236;240;240m▀[38;2;76;52;52m[48;2;76;52;56m▀[38;2;124;60;60m[48;2;124;56;60m▀[38;2;156;80;88m[48;2;160;84;92m▀[38;2;180;112;132m[48;2;184;108;120m▀[38;2;196;136;160m[48;2;196;124;128m▀[38;2;232;200;204m[48;2;212;168;164m▀[38;2;208;160;152m[48;2;236;192;184m▀[38;2;212;184;180m[48;2;192;144;136m▀[38;2;200;160;160m[48;2;208;180;168m▀[38;2;136;84;92m[48;2;200;156;144m▀[38;2;152;96;104m[48;2;184;132;120m▀[38;2;212;160;172m[48;2;192;148;144m▀[38;2;212;164;176m[48;2;172;132;128m▀[38;2;192;140;152m[48;2;136;100;88m▀[38;2;156;124;136m[48;2;124;84;72m▀[38;2;116;100;112m[48;2;92;76;68m▀[38;2;112;104;112m[48;2;88;80;64m▀[38;2;76;84;96m[48;2;56;64;60m▀[38;2;64;80;92m[48;2;40;52;52m▀[38;2;52;72;88m[48;2;32;48;52m▀[38;2;40;64;76m[48;2;28;44;44m▀[38;2;72;60;64m[48;2;52;44;44m▀[38;2;156;84;88m[48;2;108;48;60m▀[38;2;224;160;168m[48;2;196;120;140m▀[38;2;144;116;132m[48;2;156;108;124m▀[38;2;68;56;80m[48;2;92;52;60m▀[38;2;144;68;84m[48;2;152;72;76m▀[38;2;180;84;88m[48;2;184;84;84m▀[38;2;156;88;88m[48;2;164;92;88m▀[0m
[38;2;252;252;252m[48;2;255;255;255m▀▀▀▀▀▀▀▀▀▀▀▀▀▀▀▀▀▀▀▀▀▀▀▀▀▀▀[38;2;232;236;236m[48;2;252;255;255m▀[38;2;80;48;56m[48;2;88;56;60m▀[38;2;132;56;60m[48;2;152;64;72m▀[38;2;168;84;88m[48;2;184;92;108m▀[38;2;184;104;108m[48;2;204;120;132m▀[38;2;204;128;132m[48;2;220;140;160m▀[38;2;204;148;152m[48;2;224;164;176m▀[38;2;232;208;200m[48;2;236;212;212m▀[38;2;208;156;136m[48;2;252;208;200m▀[38;2;132;96;68m[48;2;164;112;92m▀[38;2;152;120;96m[48;2;80;60;36m▀[38;2;208;168;144m[48;2;156;124;100m▀[38;2;172;132;112m[48;2;144;92;68m▀[38;2;132;92;68m[48;2;100;60;32m▀[38;2;128;92;68m[48;2;108;84;56m▀[38;2;84;64;40m[48;2;44;44;16m▀[38;2;52;48;36m[48;2;28;36;20m▀[38;2;60;52;36m[48;2;36;40;24m▀[38;2;48;52;36m[48;2;40;44;24m▀[38;2;24;36;28m[48;2;20;32;20m▀[38;2;24;32;24m[48;2;20;32;24m▀[38;2;16;32;28m[48;2;16;32;36m▀[38;2;32;28;40m[48;2;24;32;48m▀[38;2;88;36;56m[48;2;84;40;52m▀[38;2;176;88;104m[48;2;168;80;84m▀[38;2;204;116;124m[48;2;184;112;108m▀[38;2;200;128;132m[48;2;228;156;156m▀[38;2;204;116;112m[48;2;216;132;132m▀[38;2;184;96;92m[48;2;200;108;104m▀[38;2;164;96;92m[48;2;180;108;104m▀[0m
[38;2;184;184;184m[48;2;164;164;164m▀[38;2;160;160;160m[48;2;136;136;136m▀[48;2;140;140;140m▀[48;2;136;136;136m▀▀▀▀▀▀▀▀▀▀[38;2;164;164;164m[48;2;140;140;140m▀▀[38;2;160;160;160m[48;2;136;136;136m▀▀▀▀▀▀▀▀▀▀▀▀[38;2;152;152;152m[48;2;140;140;140m▀[38;2;36;24;24m[48;2;40;52;60m▀[38;2;48;24;20m[48;2;4;16;36m▀[38;2;64;32;36m[48;2;0;8;32m▀[38;2;68;40;40m[48;2;0;4;32m▀[38;2;68;48;48m[48;2;0;12;36m▀[38;2;72;56;56m[48;2;0;8;36m▀[38;2;72;68;64m[48;2;0;0;32m▀[38;2;76;68;64m[48;2;0;4;36m▀[38;2;56;36;32m[48;2;16;28;52m▀[38;2;28;24;12m[48;2;4;8;44m▀[38;2;36;32;24m[48;2;4;8;56m▀[38;2;40;28;20m[48;2;4;12;56m▀[38;2;28;20;12m[48;2;20;28;64m▀[38;2;28;24;16m[48;2;20;28;68m▀[38;2;12;12;4m[48;2;8;28;60m▀[38;2;4;4;0m[48;2;32;76;84m▀[48;2;32;80;92m▀[38;2;12;12;4m[48;2;8;24;60m▀[38;2;8;12;4m[48;2;8;8;56m▀[38;2;8;8;4m[48;2;12;20;56m▀[38;2;8;8;8m[48;2;24;36;64m▀[38;2;12;12;12m[48;2;4;0;40m▀[38;2;20;4;8m[48;2;44;64;76m▀[38;2;52;28;28m[48;2;52;76;88m▀[38;2;68;52;52m[48;2;0;0;36m▀[38;2;72;52;52m[48;2;0;4;36m▀[38;2;68;44;44m[48;2;0;8;40m▀[38;2;64;36;32m[48;2;0;12;36m▀[38;2;72;52;48m[48;2;24;52;60m▀[0m
[38;2;255;255;255m[48;2;252;252;252m▀▀▀▀▀▀▀▀▀▀▀▀▀▀▀▀▀▀▀▀▀▀▀▀▀▀▀▀[38;2;56;68;92m[48;2;52;80;96m▀[38;2;4;28;68m[48;2;0;20;64m▀[38;2;16;56;92m[48;2;4;44;80m▀[38;2;12;64;92m[48;2;20;104;112m▀[38;2;20;88;108m[48;2;112;172;164m▀[38;2;4;56;96m[48;2;44;124;132m▀[38;2;4;16;80m[48;2;0;32;92m▀[38;2;4;4;80m[48;2;0;0;84m▀[38;2;20;32;100m[48;2;0;0;88m▀[38;2;24;36;100m[48;2;24;32;108m▀[38;2;0;4;96m[48;2;28;44;128m▀[38;2;4;8;104m[48;2;4;24;124m▀[38;2;24;36;116m[48;2;4;44;136m▀[38;2;40;52;124m[48;2;28;72;144m▀[38;2;8;64;124m[48;2;16;80;140m▀[38;2;76;180;188m[48;2;24;140;164m▀[38;2;68;168;188m[48;2;24;128;164m▀[38;2;0;44;120m[48;2;0;48;128m▀[38;2;0;0;104m[48;2;8;40;124m▀[38;2;32;52;124m[48;2;16;52;124m▀[38;2;4;12;96m[48;2;36;60;116m▀[38;2;40;60;108m[48;2;112;156;172m▀[38;2;112;160;172m[48;2;20;40;112m▀[38;2;28;44;104m[48;2;0;0;88m▀[38;2;4;4;76m[48;2;0;0;80m▀[38;2;4;8;72m[48;2;0;0;72m▀[38;2;4;4;72m[48;2;12;32;80m▀[38;2;0;20;72m[48;2;20;72;100m▀[38;2;32;92;108m[48;2;40;104;120m▀[0m
[38;2;255;255;255m[48;2;255;255;255m▀▀▀▀▀▀▀▀▀▀▀▀▀▀▀▀▀▀▀▀▀▀▀▀▀▀▀▀[38;2;56;108;116m[48;2;100;144;140m▀[38;2;0;52;76m[48;2;8;84;92m▀[38;2;4;44;88m[48;2;0;48;84m▀[38;2;4;76;100m[48;2;0;36;84m▀[38;2;48;132;136m[48;2;0;36;92m▀[38;2;32;108;128m[48;2;0;16;92m▀[38;2;32;72;120m[48;2;0;12;92m▀[38;2;24;44;108m[48;2;24;32;116m▀[38;2;8;16;100m[48;2;40;52;132m▀[38;2;0;4;100m[48;2;28;56;132m▀[38;2;20;44;132m[48;2;4;68;144m▀[38;2;20;92;156m[48;2;44;148;180m▀[38;2;12;128;168m[48;2;72;208;204m▀[38;2;68;164;188m[48;2;80;216;208m▀[38;2;112;188;200m[48;2;68;188;204m▀[38;2;124;208;208m[48;2;56;196;200m▀[38;2;108;200;204m[48;2;40;196;204m▀[38;2;92;172;184m[48;2;48;188;200m▀[38;2;80;160;184m[48;2;104;212;204m▀[38;2;48;124;156m[48;2;168;232;212m▀[38;2;92;160;180m[48;2;76;168;180m▀[38;2;16;56;120m[48;2;0;64;132m▀[38;2;0;8;104m[48;2;24;64;136m▀[38;2;4;16;104m[48;2;36;80;132m▀[38;2;20;36;100m[48;2;32;68;124m▀[38;2;36;64;108m[48;2;8;24;92m▀[38;2;32;60;104m[48;2;0;0;76m▀[38;2;12;32;80m[48;2;0;0;68m▀[38;2;24;44;84m[48;2;20;28;80m▀[0m
[38;2;255;255;255m[48;2;255;255;255m▀▀▀▀▀▀▀▀▀▀▀▀▀▀▀▀▀▀▀▀▀▀▀▀▀▀▀▀[38;2;148;168;160m[48;2;92;148;144m▀[38;2;88;140;132m[48;2;16;92;104m▀[38;2;84;132;136m[48;2;32;76;104m▀[38;2;72;112;128m[48;2;52;84;116m▀[38;2;56;88;120m[48;2;72;104;132m▀[38;2;32;56;112m[48;2;84;120;148m▀[38;2;12;24;104m[48;2;88;124;156m▀[38;2;0;0;96m[48;2;76;124;160m▀[38;2;0;4;112m[48;2;56;124;164m▀[38;2;8;48;136m[48;2;52;136;176m▀[38;2;52;148;176m[48;2;128;208;208m▀[38;2;88;212;212m[48;2;52;200;196m▀[38;2;40;200;200m[48;2;32;204;204m▀[38;2;32;204;204m[48;2;44;212;212m▀[38;2;20;172;196m[48;2;36;208;212m▀[38;2;20;168;200m[48;2;16;152;204m▀[38;2;12;164;204m[48;2;32;156;196m▀[38;2;24;168;192m[48;2;64;192;204m▀[38;2;80;212;212m[48;2;28;172;196m▀[38;2;104;216;208m[48;2;36;192;204m▀[38;2;128;220;212m[48;2;88;216;208m▀[38;2;72;156;176m[48;2;120;204;204m▀[38;2;16;104;152m[48;2;20;144;172m▀[38;2;20;124;156m[48;2;108;208;204m▀[38;2;8;92;132m[48;2;112;200;192m▀[38;2;8;48;108m[48;2;44;120;144m▀[38;2;24;40;100m[48;2;44;76;120m▀[38;2;32;52;92m[48;2;28;52;100m▀[38;2;56;84;108m[48;2;40;56;104m▀[0m
[38;2;255;255;255m[48;2;255;255;255m▀▀▀▀▀▀▀▀▀▀▀▀▀▀▀▀▀▀▀▀▀▀▀▀▀▀▀▀[38;2;56;112;120m[48;2;60;108;120m▀[38;2;0;56;88m[48;2;8;64;96m▀[38;2;0;36;88m[48;2;24;68;108m▀[38;2;0;20;84m[48;2;28;60;104m▀[38;2;0;16;88m[48;2;32;52;108m▀[38;2;4;20;100m[48;2;32;48;116m▀[38;2;12;28;112m[48;2;32;48;124m▀[38;2;20;72;140m[48;2;24;72;148m▀[38;2;52;172;192m[48;2;60;164;192m▀[38;2;160;232;220m[48;2;176;236;220m▀[38;2;132;228;216m[48;2;88;216;212m▀[38;2;76;224;216m[48;2;28;188;204m▀[38;2;44;212;212m[48;2;16;152;204m▀[38;2;108;232;224m[48;2;32;192;212m▀[38;2;140;244;236m[48;2;68;228;224m▀[38;2;24;196;212m[48;2;16;152;212m▀[38;2;40;184;204m[48;2;36;152;200m▀[38;2;36;164;200m[48;2;44;172;204m▀[38;2;32;164;200m[48;2;20;156;200m▀[38;2;40;184;200m[48;2;28;168;196m▀[38;2;72;204;208m[48;2;40;196;200m▀[38;2;132;224;216m[48;2;108;220;216m▀[38;2;32;164;192m[48;2;36;144;184m▀[38;2;24;152;180m[48;2;4;88;156m▀[38;2;36;148;176m[48;2;4;64;136m▀[38;2;0;56;124m[48;2;0;28;112m▀[38;2;0;16;100m[48;2;0;16;104m▀[38;2;0;8;88m[48;2;0;12;92m▀[38;2;24;36;100m[48;2;20;44;100m▀[0m
[38;2;255;255;255m[48;2;255;255;255m▀▀▀▀▀▀▀▀▀▀▀▀▀▀▀▀▀▀▀▀▀▀▀▀▀▀▀▀[38;2;52;76;104m[48;2;52;96;116m▀[38;2;0;28;84m[48;2;0;60;100m▀[38;2;4;28;92m[48;2;4;48;104m▀[38;2;0;20;88m[48;2;0;20;96m▀[38;2;0;12;96m[48;2;4;16;100m▀[38;2;0;4;100m[48;2;12;28;108m▀[38;2;0;0;104m[48;2;28;44;124m▀[38;2;0;16;120m[48;2;28;44;132m▀[38;2;44;120;168m[48;2;84;140;176m▀[38;2;100;224;216m[48;2;40;204;208m▀[38;2;52;196;208m[48;2;32;196;204m▀[38;2;24;160;200m[48;2;56;200;208m▀[38;2;28;160;208m[48;2;24;180;216m▀[38;2;24;200;220m[48;2;16;156;216m▀[38;2;16;180;224m[48;2;12;96;196m▀[38;2;12;96;204m[48;2;16;112;204m▀[38;2;24;132;200m[48;2;28;160;212m▀[38;2;36;196;216m[48;2;20;168;212m▀[38;2;36;212;216m[48;2;20;192;212m▀[38;2;36;212;212m[48;2;24;208;216m▀[38;2;64;216;212m[48;2;116;232;224m▀[38;2;112;224;216m[48;2;132;220;220m▀[38;2;36;144;184m[48;2;32;144;188m▀[38;2;24;80;152m[48;2;16;60;152m▀[38;2;44;84;144m[48;2;0;12;120m▀[38;2;44;84;140m[48;2;0;16;112m▀[38;2;44;84;136m[48;2;16;44;124m▀[38;2;32;76;120m[48;2;24;72;124m▀[38;2;44;92;124m[48;2;52;108;136m▀[0m
[38;2;255;255;255m[48;2;255;255;255m▀▀▀▀▀▀▀▀▀▀▀▀▀▀▀▀▀▀▀▀▀▀▀▀▀▀▀[48;2;252;252;252m▀[38;2;88;144;144m[48;2;148;172;168m▀[38;2;24;120;124m[48;2;132;172;160m▀[38;2;12;96;124m[48;2;44;144;148m▀[38;2;20;76;116m[48;2;12;76;120m▀[38;2;32;76;128m[48;2;8;40;112m▀[38;2;32;76;132m[48;2;0;56;120m▀[38;2;24;64;140m[48;2;4;104;148m▀[38;2;0;24;124m[48;2;24;100;156m▀[38;2;56;100;156m[48;2;68;120;164m▀[38;2;76;208;208m[48;2;76;156;180m▀[38;2;36;180;200m[48;2;12;128;188m▀[38;2;52;180;196m[48;2;32;160;204m▀[38;2;24;180;216m[48;2;28;128;192m▀[38;2;28;160;216m[48;2;20;112;196m▀[38;2;36;136;200m[48;2;16;88;192m▀[38;2;32;164;208m[48;2;36;168;216m▀[38;2;24;184;216m[48;2;40;212;220m▀[38;2;36;196;212m[48;2;52;212;212m▀[38;2;16;172;208m[48;2;48;208;216m▀[38;2;36;208;216m[48;2;40;204;216m▀[38;2;96;224;216m[48;2;20;160;204m▀[38;2;100;208;212m[48;2;60;152;188m▀[38;2;20;96;164m[48;2;40;84;156m▀[38;2;44;76;156m[48;2;0;12;124m▀[38;2;52;80;156m[48;2;16;32;128m▀[38;2;28;52;132m[48;2;44;68;132m▀[38;2;4;24;112m[48;2;60;96;136m▀[38;2;0;12;96m[48;2;40;76;120m▀[38;2;20;56;112m[48;2;36;72;108m▀[0m
[38;2;255;255;255m[48;2;255;255;255m▀▀▀▀▀▀▀▀▀▀▀▀▀▀▀▀▀▀▀▀▀▀▀▀▀▀▀▀[38;2;84;140;140m[48;2;48;88;112m▀[38;2;56;144;140m[48;2;0;64;104m▀[38;2;24;116;132m[48;2;4;52;108m▀[38;2;0;40;100m[48;2;0;20;92m▀[38;2;0;20;100m[48;2;40;76;120m▀[38;2;12;92;132m[48;2;76;132;156m▀[38;2;136;220;212m[48;2;64;148;172m▀[38;2;120;208;212m[48;2;28;136;172m▀[38;2;28;104;160m[48;2;12;68;144m▀[38;2;64;148;176m[48;2;100;144;180m▀[38;2;16;48;148m[48;2;4;8;128m▀[38;2;40;88;168m[48;2;4;8;140m▀[38;2;40;96;180m[48;2;16;40;164m▀[38;2;8;24;160m[48;2;4;8;136m▀[38;2;4;24;168m[48;2;4;12;144m▀[38;2;0;48;188m[48;2;0;8;156m▀[38;2;16;116;204m[48;2;0;24;164m▀[38;2;56;200;216m[48;2;24;116;184m▀[38;2;44;204;216m[48;2;28;160;192m▀[38;2;4;128;200m[48;2;0;92;176m▀[38;2;28;104;180m[48;2;28;60;160m▀[38;2;12;56;152m[48;2;20;44;152m▀[38;2;44;68;152m[48;2;0;8;140m▀[38;2;44;64;148m[48;2;32;48;140m▀[38;2;0;16;116m[48;2;56;88;152m▀[38;2;0;12;104m[48;2;8;52;120m▀[38;2;8;36;104m[48;2;0;60;120m▀[38;2;36;72;116m[48;2;0;44;104m▀[38;2;72;112;132m[48;2;24;52;104m▀[0m
[38;2;255;255;255m[48;2;255;255;255m▀▀▀▀▀▀▀▀▀▀▀▀▀▀▀▀▀▀▀▀▀▀▀▀▀▀▀▀[38;2;52;60;100m[48;2;52;56;92m▀[38;2;0;4;72m[48;2;28;56;92m▀[38;2;20;44;96m[48;2;64;96;116m▀[38;2;72;96;120m[48;2;24;36;88m▀[38;2;64;88;124m[48;2;0;0;80m▀[38;2;8;28;108m[48;2;0;0;96m▀[38;2;0;32;120m[48;2;4;8;108m▀[38;2;0;44;132m[48;2;4;12;124m▀[38;2;16;36;140m[48;2;12;28;136m▀[38;2;40;52;140m[48;2;28;40;120m▀[38;2;0;0;116m[48;2;12;16;116m▀[38;2;0;12;136m[48;2;8;12;132m▀[38;2;0;16;144m[48;2;0;16;136m▀[38;2;0;4;128m[48;2;0;8;132m▀[38;2;0;4;132m[48;2;0;24;140m▀[38;2;0;8;144m[48;2;0;48;152m▀[38;2;0;32;152m[48;2;4;84;160m▀[38;2;12;104;172m[48;2;0;96;160m▀[38;2;56;156;176m[48;2;84;160;176m▀[38;2;36;128;168m[48;2;164;216;204m▀[38;2;28;60;152m[48;2;36;48;128m▀[38;2;4;8;132m[48;2;0;0;116m▀[38;2;4;16;132m[48;2;4;8;116m▀[38;2;0;4;120m[48;2;4;16;120m▀[38;2;20;60;132m[48;2;0;40;124m▀[38;2;68;148;168m[48;2;36;128;152m▀[38;2;76;164;172m[48;2;140;208;196m▀[38;2;4;96;128m[48;2;40;124;136m▀[38;2;28;60;108m[48;2;20;52;100m▀[0m
[38;2;255;255;255m[48;2;255;255;255m▀▀▀▀▀▀▀▀▀▀▀▀▀▀▀▀▀▀▀▀▀▀▀▀▀▀▀[38;2;255;255;252m▀[38;2;84;108;120m[48;2;52;56;84m▀[38;2;24;48;80m[48;2;0;0;48m▀[38;2;0;4;72m[48;2;4;4;72m▀[38;2;0;0;72m[48;2;0;4;64m▀[38;2;4;4;84m[48;2;0;0;76m▀[38;2;0;4;88m[48;2;0;4;88m▀[38;2;0;4;104m[48;2;0;4;96m▀[38;2;4;4;112m▀[38;2;0;0;100m[48;2;0;4;100m▀[38;2;60;84;136m[48;2;28;48;120m▀[38;2;32;60;140m[48;2;40;68;132m▀[38;2;4;4;116m[48;2;12;16;112m▀[38;2;0;8;124m[48;2;4;16;120m▀[48;2;4;24;124m▀[38;2;4;36;136m[48;2;0;40;128m▀[38;2;4;72;152m[48;2;0;56;132m▀[38;2;0;80;148m[48;2;4;80;136m▀[38;2;0;96;144m[48;2;48;132;160m▀[38;2;104;180;184m[48;2;40;104;140m▀[38;2;112;184;180m[48;2;80;148;164m▀[38;2;48;92;144m[48;2;16;68;128m▀[38;2;4;4;108m[48;2;40;72;136m▀[38;2;0;4;108m[48;2;0;0;88m▀[38;2;0;8;100m[48;2;0;4;96m▀[38;2;4;28;112m[48;2;4;12;100m▀[38;2;0;72;124m[48;2;0;16;96m▀[38;2;16;96;132m[48;2;4;24;100m▀[38;2;36;92;124m[48;2;0;12;84m▀[38;2;56;96;120m[48;2;36;56;96m▀[0m
[38;2;255;255;255m[48;2;255;255;255m▀▀▀▀▀▀▀▀▀▀▀▀▀▀▀▀▀▀▀▀▀▀▀▀▀▀▀▀[38;2;48;48;76m[48;2;52;52;80m▀[38;2;0;0;48m[48;2;0;0;48m▀[38;2;4;4;64m[48;2;4;4;64m▀[38;2;0;0;64m[48;2;0;4;64m▀[38;2;0;0;76m[48;2;0;4;68m▀[38;2;0;0;80m[48;2;4;4;72m▀▀[38;2;0;4;88m[48;2;0;4;80m▀[38;2;0;12;108m[48;2;12;20;100m▀[38;2;8;16;100m[48;2;12;16;96m▀[38;2;64;100;140m[48;2;52;72;120m▀[38;2;16;56;124m[48;2;36;68;124m▀[38;2;0;28;120m[48;2;12;48;120m▀[38;2;0;40;120m[48;2;36;100;136m▀[38;2;0;64;124m[48;2;80;144;152m▀[38;2;28;104;140m[48;2;92;156;160m▀[38;2;76;148;168m[48;2;36;72;120m▀[38;2;24;52;124m[48;2;8;12;104m▀[38;2;0;36;116m[48;2;12;40;116m▀[38;2;84;148;168m[48;2;72;124;148m▀[38;2;8;40;112m[48;2;72;128;156m▀[38;2;16;68;124m[48;2;8;44;108m▀[38;2;32;68;120m[48;2;32;84;124m▀[38;2;0;4;84m[48;2;36;76;112m▀[38;2;0;0;84m[48;2;16;16;80m▀[38;2;0;0;80m[48;2;12;12;76m▀[38;2;4;8;80m[48;2;16;20;76m▀[38;2;0;0;76m[48;2;12;12;72m▀[38;2;20;20;76m[48;2;36;40;80m▀[0m

     * cp файл → cp -r каталог → cp -r с точкой → просветление. *

ART
