#!/bin/sh
# grep-hunt: meme «Y'all Got Any More Of That». Regenerate: meme.py render "Y'all Got Any More Of That"
cat <<'ART'

[38;2;8;12;12m[48;2;8;12;12m▀[38;2;24;32;40m[48;2;24;32;40m▀[38;2;20;36;48m[48;2;16;36;44m▀[38;2;28;48;56m[48;2;20;40;52m▀[38;2;32;52;60m[48;2;28;48;56m▀[38;2;36;56;68m[48;2;32;52;64m▀[38;2;48;68;84m[48;2;48;64;84m▀[38;2;84;104;128m[48;2;84;104;128m▀[38;2;128;152;184m[48;2;120;140;172m▀[38;2;116;144;180m[48;2;120;148;184m▀[38;2;88;116;156m[48;2;104;132;172m▀[38;2;100;128;164m[48;2;96;124;160m▀[38;2;124;152;188m[48;2;120;148;184m▀[38;2;152;180;220m[48;2;156;184;224m▀[38;2;144;172;216m[48;2;148;176;224m▀[38;2;96;124;160m[48;2;100;128;168m▀[38;2;88;112;140m[48;2;84;108;144m▀[38;2;64;80;112m[48;2;64;80;116m▀[38;2;32;56;80m[48;2;32;56;84m▀[38;2;20;44;64m[48;2;20;44;68m▀[38;2;16;36;52m[48;2;16;36;56m▀[38;2;16;32;44m[48;2;16;32;48m▀[38;2;12;32;40m[48;2;12;32;48m▀[38;2;20;40;52m[48;2;24;44;60m▀[38;2;28;44;60m[48;2;40;56;72m▀[38;2;24;44;56m[48;2;32;48;64m▀[38;2;52;68;84m[48;2;44;56;72m▀[48;2;32;48;64m▀[38;2;36;52;64m[48;2;20;40;52m▀[38;2;32;48;60m▀[38;2;36;48;56m[48;2;28;40;52m▀[38;2;36;52;60m▀[38;2;32;48;52m[48;2;24;40;52m▀[38;2;28;44;48m[48;2;24;40;48m▀[38;2;24;40;44m[48;2;28;40;48m▀[38;2;24;40;40m[48;2;24;40;48m▀[38;2;20;40;44m[48;2;48;56;64m▀[38;2;28;40;48m[48;2;48;52;64m▀[38;2;44;52;64m[48;2;48;48;56m▀[38;2;52;60;72m[48;2;80;76;84m▀[38;2;68;68;80m[48;2;100;88;100m▀[38;2;60;60;68m[48;2;92;84;92m▀[38;2;72;72;84m[48;2;80;80;84m▀[38;2;92;100;112m[48;2;72;72;84m▀[38;2;88;100;120m[48;2;60;64;80m▀[38;2;100;116;136m[48;2;92;104;120m▀[38;2;100;116;140m[48;2;116;140;156m▀[38;2;68;88;108m[48;2;92;116;136m▀[38;2;60;72;88m[48;2;72;84;96m▀[38;2;84;92;108m[48;2;68;80;88m▀[38;2;76;88;100m[48;2;64;76;84m▀[38;2;60;72;84m[48;2;64;76;88m▀[48;2;60;72;84m▀[38;2;72;84;92m▀[48;2;68;80;92m▀[38;2;72;84;96m[48;2;76;88;100m▀[38;2;72;88;100m[48;2;80;92;108m▀[38;2;76;92;104m[48;2;84;100;116m▀[38;2;76;92;108m[48;2;84;104;120m▀[48;2;76;96;116m▀[48;2;72;84;108m▀[48;2;72;88;96m▀[38;2;76;92;104m▀[38;2;80;96;104m[48;2;72;88;100m▀[48;2;76;92;104m▀[48;2;80;92;104m▀[38;2;84;96;108m[48;2;80;92;108m▀[38;2;84;100;112m[48;2;80;96;108m▀[38;2;76;88;108m[48;2;76;88;108m▀[38;2;68;84;100m[48;2;68;88;104m▀[38;2;68;92;108m[48;2;68;92;108m▀▀[48;2;72;92;108m▀[38;2;72;92;108m[48;2;76;96;112m▀[38;2;76;96;112m[48;2;76;100;112m▀[38;2;76;100;116m[48;2;76;100;116m▀▀[48;2;80;100;116m▀[48;2;80;104;120m▀[38;2;84;104;132m[48;2;96;116;140m▀[0m
[38;2;8;12;12m[48;2;8;12;12m▀[38;2;20;32;36m[48;2;16;32;36m▀[38;2;16;32;40m[48;2;16;32;40m▀[38;2;20;40;48m[48;2;20;36;48m▀[38;2;24;44;52m[48;2;20;40;52m▀[38;2;24;44;60m[48;2;24;40;56m▀[38;2;40;56;76m[48;2;36;52;72m▀[38;2;76;96;120m[48;2;72;88;116m▀[38;2;92;116;148m[48;2;88;108;140m▀[38;2;100;128;160m[48;2;92;116;144m▀[38;2;112;140;176m[48;2;116;140;164m▀[38;2;100;124;160m[48;2;112;132;156m▀[38;2;104;132;164m[48;2;92;112;136m▀[38;2;124;152;192m[48;2;84;116;144m▀[38;2;120;144;192m[48;2;88;116;152m▀[38;2;80;108;148m[48;2;60;88;128m▀[38;2;72;96;128m[48;2;64;88;120m▀[38;2;64;80;116m[48;2;68;84;124m▀[38;2;32;56;84m[48;2;36;60;92m▀[38;2;20;44;68m[48;2;20;44;76m▀[38;2;20;36;56m[48;2;24;40;68m▀[38;2;20;36;52m[48;2;20;40;56m▀[38;2;12;32;48m[48;2;16;36;52m▀[38;2;28;48;64m[48;2;36;52;68m▀[38;2;48;68;84m[48;2;52;68;88m▀[38;2;28;48;60m[48;2;28;44;60m▀[38;2;28;44;52m[48;2;24;40;56m▀[38;2;28;40;52m▀[38;2;24;40;52m▀[48;2;24;36;52m▀[38;2;24;36;52m▀[38;2;20;36;48m▀[38;2;24;40;48m[48;2;24;36;48m▀[38;2;24;40;52m[48;2;28;32;44m▀[48;2;60;60;68m▀[38;2;56;60;76m[48;2;44;44;52m▀[38;2;48;52;60m[48;2;0;0;0m▀[38;2;32;28;36m▀[38;2;48;40;44m▀[38;2;40;28;32m[48;2;4;0;0m▀[38;2;40;20;32m[48;2;8;0;4m▀[38;2;96;80;88m[48;2;32;16;24m▀[38;2;128;120;124m[48;2;100;84;92m▀[38;2;96;92;104m[48;2;128;120;124m▀[38;2;52;60;68m[48;2;100;104;108m▀[38;2;72;88;96m[48;2;88;92;96m▀[38;2;92;108;128m[48;2;72;76;84m▀[38;2;80;96;112m[48;2;48;52;60m▀[38;2;68;80;92m[48;2;64;68;72m▀[38;2;60;72;80m[48;2;68;80;84m▀[38;2;52;68;68m[48;2;60;72;80m▀[38;2;56;64;76m[48;2;56;68;80m▀[38;2;60;72;88m[48;2;52;68;84m▀[38;2;64;76;92m[48;2;68;88;104m▀[38;2;68;80;96m[48;2;76;96;112m▀[38;2;76;88;104m[48;2;76;92;112m▀[38;2;76;92;108m[48;2;68;84;104m▀[38;2;80;100;112m[48;2;64;80;100m▀[38;2;80;100;120m[48;2;68;88;104m▀[38;2;72;92;112m[48;2;68;88;112m▀[38;2;64;84;100m[48;2;60;80;100m▀[38;2;60;80;92m[48;2;56;76;92m▀[38;2;60;80;88m[48;2;60;76;92m▀[38;2;64;84;92m[48;2;64;80;96m▀[38;2;68;88;96m[48;2;64;84;100m▀[38;2;72;92;100m[48;2;68;88;100m▀[38;2;68;88;100m▀[38;2;76;92;104m[48;2;72;92;100m▀[38;2;72;88;104m[48;2;68;88;100m▀[48;2;72;88;104m▀[38;2;72;92;108m[48;2;72;92;108m▀▀▀[38;2;76;96;112m[48;2;76;92;112m▀[38;2;76;100;112m[48;2;76;100;112m▀[38;2;76;100;116m[48;2;76;100;116m▀[38;2;80;104;116m[48;2;80;104;116m▀[38;2;84;104;120m[48;2;84;104;120m▀[38;2;92;112;132m[48;2;96;116;136m▀[38;2;108;128;156m[48;2;104;124;152m▀[0m
[38;2;8;8;12m[48;2;8;8;12m▀[38;2;20;32;40m[48;2;20;32;40m▀[38;2;12;32;40m[48;2;12;32;40m▀[38;2;16;36;48m[48;2;16;36;48m▀[38;2;20;40;52m[48;2;20;40;52m▀▀[38;2;28;44;64m[48;2;24;40;64m▀[38;2;64;80;108m[48;2;52;68;96m▀[38;2;88;108;136m[48;2;84;100;128m▀[38;2;96;116;140m[48;2;92;112;136m▀[38;2;124;144;160m[48;2;120;140;156m▀[38;2;124;136;160m[48;2;120;140;160m▀[38;2;96;112;136m[48;2;104;120;148m▀[38;2;88;116;144m[48;2;84;112;140m▀[38;2;84;112;148m[48;2;80;112;148m▀[38;2;56;84;120m[48;2;56;88;124m▀[38;2;72;92;128m[48;2;72;92;132m▀[38;2;72;88;128m[48;2;72;88;128m▀[38;2;48;68;108m[48;2;44;68;112m▀[38;2;28;52;88m[48;2;32;52;100m▀[38;2;24;48;80m[48;2;28;52;92m▀[38;2;24;44;68m[48;2;24;48;84m▀[38;2;16;36;52m[48;2;20;44;68m▀[38;2;32;52;68m[48;2;28;48;72m▀[38;2;52;68;88m[48;2;48;72;96m▀[38;2;44;60;84m[48;2;56;80;104m▀[38;2;44;64;92m[48;2;60;84;112m▀[48;2;56;80;108m▀[38;2;36;56;80m[48;2;48;72;100m▀[38;2;40;56;76m[48;2;44;68;92m▀[38;2;44;60;76m[48;2;36;60;80m▀[38;2;36;48;64m[48;2;36;48;68m▀[38;2;24;40;56m[48;2;80;80;100m▀[38;2;60;64;72m[48;2;108;96;108m▀[38;2;64;52;64m[48;2;40;24;36m▀[38;2;16;12;16m[48;2;4;4;8m▀[38;2;0;0;0m[48;2;0;0;4m▀[38;2;0;4;4m▀[38;2;0;0;0m[48;2;0;0;0m▀▀[38;2;4;0;0m▀[48;2;4;4;4m▀[38;2;16;4;8m[48;2;8;0;4m▀[38;2;48;36;44m[48;2;4;0;0m▀[38;2;104;100;100m[48;2;20;8;8m▀[38;2;132;128;124m[48;2;80;72;64m▀[38;2;84;84;84m[48;2;112;112;100m▀[38;2;40;44;44m[48;2;84;84;84m▀[38;2;68;68;72m[48;2;88;84;88m▀[38;2;76;84;88m[48;2;64;68;72m▀[38;2;64;80;92m[48;2;56;68;80m▀[38;2;60;84;92m[48;2;64;88;100m▀[38;2;52;72;84m[48;2;64;88;108m▀[38;2;52;72;88m[48;2;56;76;100m▀[38;2;64;84;104m[48;2;44;64;88m▀[38;2;72;88;112m[48;2;52;72;96m▀[38;2;68;84;100m[48;2;64;80;104m▀[38;2;60;76;92m[48;2;68;80;108m▀[38;2;64;76;100m[48;2;64;76;104m▀[38;2;64;80;108m[48;2;60;72;104m▀[38;2;60;76;104m[48;2;56;72;96m▀[38;2;52;76;96m[48;2;52;72;100m▀[38;2;56;76;100m[48;2;56;76;104m▀[38;2;60;76;96m[48;2;60;76;104m▀[38;2;64;80;100m[48;2;64;76;104m▀[38;2;64;84;100m[48;2;68;84;104m▀[48;2;68;88;108m▀[38;2;68;88;108m[48;2;68;88;112m▀[38;2;68;88;104m[48;2;68;88;104m▀▀[38;2;72;92;108m[48;2;68;88;108m▀▀▀[38;2;72;92;112m[48;2;72;92;108m▀[38;2;80;100;116m[48;2;80;100;116m▀[38;2;80;104;116m▀[38;2;80;100;116m▀[38;2;84;104;120m[48;2;80;104;120m▀[38;2;88;112;132m[48;2;84;108;128m▀[38;2;92;116;144m[48;2;84;112;140m▀[0m
[38;2;8;8;16m[48;2;4;8;12m▀[38;2;20;32;40m[48;2;16;28;36m▀[38;2;12;32;40m[48;2;8;28;36m▀[38;2;12;32;48m[48;2;12;32;44m▀[38;2;16;36;48m[48;2;16;36;48m▀[38;2;20;40;52m[48;2;24;40;56m▀[38;2;20;40;56m▀[38;2;48;64;84m[48;2;44;60;80m▀[38;2;80;100;124m[48;2;76;100;124m▀[38;2;84;108;128m[48;2;84;108;128m▀[38;2;112;128;148m[48;2;108;124;144m▀[38;2;120;136;160m[48;2;112;124;144m▀[38;2;108;128;152m[48;2;96;116;140m▀[38;2;84;112;140m[48;2;80;108;136m▀[38;2;80;108;144m[48;2;76;104;140m▀[38;2;60;88;124m[48;2;64;88;124m▀[38;2;72;92;132m[48;2;72;96;136m▀[38;2;68;88;128m[48;2;64;88;132m▀[38;2;40;64;112m[48;2;40;68;120m▀[38;2;36;60;108m[48;2;40;68;124m▀[48;2;44;68;124m▀[38;2;36;56;100m[48;2;44;68;120m▀[38;2;28;52;80m[48;2;32;60;96m▀[48;2;28;52;84m▀[38;2;52;76;104m[48;2;52;76;108m▀[38;2;56;84;112m[48;2;60;84;112m▀[38;2;60;84;112m[48;2;56;80;124m▀[38;2;52;72;104m[48;2;88;116;164m▀[38;2;36;60;92m[48;2;128;160;196m▀[38;2;40;60;92m[48;2;128;144;192m▀[38;2;60;76;104m[48;2;88;96;124m▀[38;2;92;88;112m[48;2;44;36;52m▀[38;2;80;72;88m[48;2;12;8;16m▀[38;2;56;36;48m[48;2;12;4;4m▀[38;2;36;16;28m[48;2;12;8;8m▀[38;2;12;8;12m[48;2;8;4;4m▀[38;2;4;4;4m[48;2;4;4;4m▀[38;2;4;0;0m[48;2;8;0;4m▀[48;2;12;0;0m▀[48;2;20;4;4m▀[38;2;8;0;0m[48;2;20;0;4m▀[38;2;8;0;4m[48;2;24;4;4m▀[38;2;12;4;4m[48;2;28;4;4m▀[38;2;16;8;8m[48;2;32;12;12m▀[38;2;16;4;4m[48;2;52;28;28m▀[38;2;4;0;0m[48;2;48;28;28m▀[38;2;64;52;52m[48;2;20;4;4m▀[38;2;128;120;120m[48;2;72;52;56m▀[38;2;96;92;96m[48;2;104;92;92m▀[38;2;60;60;68m[48;2;80;76;76m▀[38;2;56;68;76m[48;2;72;76;80m▀[38;2;60;88;96m[48;2;68;76;88m▀[38;2;60;88;120m[48;2;44;64;96m▀[38;2;68;92;136m[48;2;148;172;200m▀[38;2;84;112;160m[48;2;228;240;255m▀[38;2;76;108;164m[48;2;220;240;255m▀[38;2;64;88;148m[48;2;168;204;236m▀[38;2;76;100;168m[48;2;184;220;248m▀[38;2;88;112;176m[48;2;216;240;255m▀[38;2;76;104;172m[48;2;208;236;255m▀[38;2;72;96;156m[48;2;196;228;252m▀[38;2;56;80;132m[48;2;184;220;248m▀[38;2;52;76;128m[48;2;120;168;224m▀[38;2;76;92;152m[48;2;84;136;232m▀[38;2;80;96;164m[48;2;148;196;252m▀[38;2;72;92;148m[48;2;140;196;244m▀[38;2;64;88;124m[48;2;68;112;188m▀[38;2;68;88;116m[48;2;60;80;116m▀[38;2;72;88;108m[48;2;68;88;112m▀[38;2;68;88;108m[48;2;68;92;112m▀[38;2;68;88;112m[48;2;68;92;116m▀[48;2;68;88;116m▀[38;2;68;88;108m[48;2;68;88;112m▀[38;2;72;92;112m[48;2;72;92;112m▀[38;2;76;96;116m[48;2;76;96;116m▀[38;2;80;100;120m[48;2;76;96;120m▀[48;2;80;100;120m▀[38;2;84;104;120m▀[38;2;84;108;128m[48;2;84;104;124m▀[38;2;88;116;140m[48;2;92;120;144m▀[0m
[38;2;4;8;8m[48;2;4;8;8m▀[38;2;12;28;32m[48;2;12;32;32m▀[38;2;8;28;36m[48;2;8;28;36m▀[38;2;8;32;40m[48;2;12;32;40m▀[38;2;12;32;44m[48;2;12;32;44m▀[38;2;16;36;48m[48;2;16;36;48m▀[38;2;20;40;52m[48;2;20;40;52m▀[38;2;36;52;72m[48;2;28;44;60m▀[38;2;72;92;112m[48;2;60;80;96m▀[38;2;84;108;128m[48;2;80;96;116m▀[38;2;104;124;140m[48;2;96;116;132m▀[38;2;84;100;112m[48;2;92;108;116m▀[38;2;44;64;88m[48;2;56;80;104m▀[38;2;64;88;116m[48;2;64;88;120m▀[38;2;76;100;140m[48;2;68;96;132m▀[38;2;68;88;128m[48;2;60;84;124m▀[38;2;84;104;152m[48;2;76;100;148m▀[38;2;68;96;144m[48;2;76;100;156m▀[38;2;48;76;136m[48;2;68;92;160m▀[38;2;48;72;136m[48;2;56;80;156m▀[38;2;44;68;136m[48;2;48;80;148m▀[38;2;44;72;132m[48;2;52;80;144m▀[38;2;32;60;108m[48;2;36;64;112m▀[38;2;24;52;88m[48;2;28;52;92m▀[38;2;48;72;104m[48;2;48;72;104m▀[38;2;52;76;112m[48;2;48;76;112m▀[38;2;56;84;140m[48;2;80;104;152m▀[38;2;180;220;252m[48;2;132;152;184m▀[38;2;232;255;255m[48;2;44;52;68m▀[38;2;84;96;132m[48;2;0;0;8m▀[38;2;4;8;24m▀[38;2;0;0;0m[48;2;4;4;4m▀[38;2;4;0;0m[48;2;4;0;0m▀[38;2;0;0;0m▀[48;2;0;0;0m▀[38;2;0;0;4m[48;2;4;0;0m▀[38;2;0;0;0m[48;2;8;0;0m▀[38;2;4;0;0m▀[38;2;8;0;0m[48;2;12;0;0m▀[38;2;16;4;0m[48;2;16;0;0m▀[38;2;20;0;0m▀[38;2;28;4;4m[48;2;20;4;4m▀[38;2;32;8;8m[48;2;24;4;4m▀[38;2;32;4;8m[48;2;36;8;12m▀[38;2;32;4;4m[48;2;40;8;12m▀[38;2;48;20;20m[48;2;44;12;12m▀[38;2;64;36;36m[48;2;48;16;16m▀[38;2;68;40;40m[48;2;72;36;36m▀[38;2;100;80;80m[48;2;104;76;84m▀[38;2;80;76;76m[48;2;76;64;68m▀[38;2;88;84;88m[48;2;68;64;68m▀[38;2;80;80;84m[48;2;80;80;84m▀[38;2;48;68;88m[48;2;60;72;88m▀[38;2;196;220;232m[48;2;100;132;148m▀[38;2;255;255;255m[48;2;160;204;220m▀[38;2;244;255;252m[48;2;224;252;252m▀[38;2;232;255;255m[48;2;216;252;252m▀[48;2;220;252;255m▀[38;2;240;255;255m[48;2;236;255;255m▀[38;2;244;255;255m▀[48;2;240;255;255m▀[48;2;232;252;255m▀[38;2;232;255;255m[48;2;228;255;255m▀[38;2;152;220;255m[48;2;196;255;255m▀[38;2;128;208;255m[48;2;96;180;252m▀[38;2;168;252;255m[48;2;112;188;255m▀[38;2;80;144;216m[48;2;72;136;212m▀[38;2;48;68;120m[48;2;44;64;124m▀[38;2;64;84;116m[48;2;68;84;120m▀[38;2;68;92;116m[48;2;68;96;120m▀[38;2;68;92;120m▀[38;2;68;88;116m[48;2;64;84;116m▀[38;2;64;84;112m[48;2;56;80;108m▀[38;2;68;88;108m[48;2;60;80;104m▀[38;2;72;92;112m[48;2;64;84;104m▀[48;2;68;88;104m▀[38;2;76;96;116m[48;2;68;92;108m▀[38;2;76;100;116m[48;2;68;96;112m▀[38;2;76;104;124m[48;2;76;108;128m▀[38;2;96;128;156m[48;2;104;136;160m▀[0m
[38;2;4;8;8m[48;2;4;8;8m▀[38;2;12;32;32m[48;2;12;28;32m▀[38;2;4;28;36m[48;2;4;28;36m▀[38;2;12;32;40m[48;2;12;32;40m▀[38;2;16;32;44m[48;2;16;32;44m▀[38;2;16;36;48m▀[38;2;20;36;52m▀[38;2;24;44;60m[48;2;20;36;56m▀[38;2;56;72;92m[48;2;52;72;92m▀[38;2;72;88;108m[48;2;68;88;108m▀[38;2;88;104;120m[48;2;76;96;112m▀[38;2;92;108;124m[48;2;80;96;112m▀[38;2;72;88;108m[48;2;60;76;92m▀[38;2;68;88;120m[48;2;72;92;112m▀[38;2;60;88;124m[48;2;60;88;116m▀[38;2;48;72;112m[48;2;36;60;92m▀[38;2;64;84;136m[48;2;52;72;116m▀[38;2;76;96;156m[48;2;68;88;140m▀[38;2;68;92;164m[48;2;64;88;148m▀[38;2;56;80;160m[48;2;52;80;152m▀[38;2;52;84;156m[48;2;52;88;160m▀[38;2;52;88;148m[48;2;52;88;152m▀[38;2;40;68;124m[48;2;40;68;124m▀[38;2;28;52;100m[48;2;28;52;100m▀[38;2;52;72;108m[48;2;60;72;112m▀[38;2;68;96;124m[48;2;80;92;116m▀[38;2;68;88;108m[48;2;8;12;16m▀[38;2;4;8;16m[48;2;0;0;0m▀[38;2;0;0;0m[48;2;4;4;8m▀[38;2;4;4;12m[48;2;4;0;4m▀[38;2;0;0;4m▀[38;2;4;0;4m[48;2;12;0;0m▀[38;2;8;0;4m[48;2;16;0;0m▀[38;2;8;0;0m[48;2;20;0;0m▀▀[38;2;12;0;0m[48;2;24;0;0m▀[38;2;16;0;0m[48;2;28;0;4m▀[38;2;20;0;0m▀[38;2;20;0;4m▀[38;2;24;0;4m[48;2;32;0;0m▀[48;2;36;0;4m▀▀[38;2;24;0;0m[48;2;32;0;4m▀[48;2;32;0;0m▀[38;2;36;4;4m[48;2;36;0;0m▀[38;2;52;16;20m▀[38;2;64;24;32m[48;2;52;8;12m▀[38;2;52;12;20m[48;2;68;24;24m▀[38;2;72;36;40m[48;2;60;16;16m▀[38;2;92;68;72m[48;2;72;36;36m▀[38;2;56;52;56m[48;2;84;68;72m▀[38;2;60;64;68m[48;2;48;48;52m▀[38;2;76;84;96m[48;2;60;68;76m▀[38;2;64;68;96m[48;2;72;80;96m▀[38;2;76;104;144m[48;2;72;80;112m▀[38;2;216;255;255m[48;2;104;140;184m▀[38;2;188;255;255m[48;2;72;132;188m▀[38;2;204;255;255m[48;2;152;204;236m▀[38;2;236;255;255m[48;2;240;252;252m▀[38;2;240;255;255m▀[38;2;244;255;255m[48;2;244;255;255m▀[38;2;232;255;255m[48;2;232;255;255m▀[38;2;216;255;255m[48;2;212;255;255m▀[38;2;196;255;255m[48;2;196;255;255m▀[38;2;100;180;252m[48;2;104;184;252m▀[38;2;100;168;255m[48;2;104;168;255m▀[38;2;68;128;212m[48;2;68;124;208m▀[38;2;44;64;124m[48;2;40;60;116m▀[38;2;64;80;116m[48;2;56;72;112m▀[38;2;64;92;116m[48;2;56;80;104m▀[38;2;68;92;120m[48;2;60;84;112m▀[38;2;60;84;112m[48;2;52;76;100m▀[38;2;52;76;100m[48;2;48;68;92m▀[38;2;56;76;96m[48;2;52;72;92m▀[38;2;60;80;96m[48;2;56;76;92m▀[38;2;60;80;100m▀[38;2;64;84;100m▀[38;2;64;92;108m[48;2;64;88;104m▀[38;2;80;104;132m[48;2;92;112;144m▀[38;2;104;136;164m[48;2;108;136;168m▀[0m
[38;2;4;8;12m[48;2;4;8;12m▀[38;2;12;28;32m[48;2;12;28;36m▀[38;2;4;28;36m[48;2;8;24;36m▀[38;2;12;32;40m[48;2;12;32;40m▀[38;2;12;32;44m[48;2;16;32;44m▀▀[48;2;16;36;48m▀[38;2;12;32;48m[48;2;12;32;48m▀[38;2;44;64;80m[48;2;32;52;72m▀[38;2;72;92;112m[48;2;68;88;108m▀[38;2;60;76;92m[48;2;52;72;92m▀[38;2;52;72;84m[48;2;32;48;72m▀[38;2;56;76;92m[48;2;48;64;84m▀[38;2;72;96;108m[48;2;52;72;92m▀[38;2;52;80;100m[48;2;36;56;76m▀[38;2;28;52;80m[48;2;24;44;72m▀[38;2;32;56;88m[48;2;24;48;80m▀[38;2;36;60;96m[48;2;32;56;92m▀[38;2;44;68;116m[48;2;44;68;116m▀[38;2;52;80;140m[48;2;52;76;136m▀[38;2;56;84;152m[48;2;52;80;144m▀[38;2;52;88;148m[48;2;56;80;148m▀[38;2;40;68;120m[48;2;40;68;120m▀[38;2;28;48;96m[48;2;28;48;80m▀[38;2;72;88;120m[48;2;84;92;112m▀[38;2;60;60;72m[48;2;44;40;48m▀[38;2;0;0;0m[48;2;4;0;0m▀[38;2;4;4;8m[48;2;8;0;4m▀[38;2;8;0;4m[48;2;12;0;0m▀[48;2;16;0;0m▀[38;2;12;0;4m[48;2;20;0;4m▀[38;2;20;0;0m[48;2;28;0;0m▀[38;2;24;0;0m[48;2;32;0;0m▀[38;2;28;0;0m[48;2;44;0;0m▀[38;2;32;0;0m[48;2;48;0;0m▀[38;2;36;0;0m▀[38;2;40;0;0m[48;2;52;4;0m▀[38;2;40;0;4m[48;2;56;4;0m▀[38;2;44;0;0m[48;2;60;4;4m▀[48;2;56;4;0m▀[48;2;60;4;0m▀[38;2;48;0;0m▀▀[48;2;64;4;0m▀▀[38;2;48;4;0m[48;2;68;4;4m▀[38;2;48;0;0m[48;2;64;4;4m▀[38;2;52;4;4m[48;2;60;4;0m▀[38;2;68;20;16m[48;2;60;8;0m▀[38;2;64;20;16m[48;2;68;16;12m▀[38;2;84;48;52m[48;2;80;36;36m▀[38;2;88;72;80m[48;2;116;84;96m▀[38;2;44;48;60m[48;2;52;44;56m▀[38;2;64;76;92m[48;2;56;80;96m▀[38;2;96;116;144m[48;2;220;240;252m▀[38;2;60;84;120m[48;2;204;224;236m▀[38;2;20;48;84m[48;2;52;88;132m▀[38;2;136;164;200m[48;2;44;76;128m▀[38;2;248;255;255m[48;2;108;152;188m▀[38;2;236;255;255m[48;2;104;172;208m▀[48;2;180;236;248m▀[38;2;228;255;255m[48;2;228;252;252m▀[38;2;216;255;255m[48;2;224;252;252m▀[38;2;196;255;255m[48;2;200;255;252m▀[38;2;108;180;252m[48;2;112;180;252m▀[38;2;108;168;255m[48;2;108;172;255m▀[38;2;60;120;200m[48;2;52;112;196m▀[38;2;36;56;108m[48;2;28;52;96m▀[38;2;52;72;104m[48;2;48;64;92m▀[38;2;52;76;100m[48;2;52;76;100m▀[38;2;56;80;104m[48;2;52;72;100m▀[38;2;48;68;92m[48;2;44;68;88m▀[38;2;44;64;84m[48;2;48;72;84m▀[38;2;48;68;88m[48;2;48;68;84m▀[38;2;52;72;88m▀[38;2;52;72;92m[48;2;52;72;92m▀[48;2;56;76;100m▀[38;2;64;88;108m[48;2;72;96;120m▀[38;2;96;120;148m[48;2;100;120;148m▀[38;2;104;132;164m[48;2;104;128;160m▀[0m
[38;2;4;8;12m[48;2;4;12;12m▀[38;2;12;28;36m[48;2;12;28;36m▀[38;2;8;24;36m[48;2;8;28;40m▀[38;2;12;32;40m[48;2;8;32;40m▀[38;2;12;36;44m[48;2;12;36;44m▀[48;2;12;36;48m▀[38;2;16;36;48m[48;2;16;40;48m▀[48;2;16;36;48m▀[38;2;36;52;72m[48;2;36;56;72m▀[38;2;72;92;116m[48;2;88;108;128m▀[38;2;60;76;104m[48;2;80;100;120m▀[38;2;32;48;76m[48;2;32;52;76m▀[38;2;32;48;72m[48;2;20;40;64m▀[38;2;32;52;72m[48;2;24;44;64m▀[38;2;28;48;68m▀[38;2;20;44;68m[48;2;20;40;60m▀[38;2;28;52;80m[48;2;32;52;80m▀[38;2;68;88;132m[48;2;68;88;132m▀[38;2;68;88;144m[48;2;64;92;144m▀[38;2;48;76;132m[48;2;44;72;128m▀[38;2;44;76;132m[48;2;40;68;124m▀[38;2;48;72;140m[48;2;40;64;128m▀[38;2;40;60;116m[48;2;36;60;108m▀[38;2;52;64;88m[48;2;68;76;96m▀[38;2;76;76;88m[48;2;56;48;60m▀[38;2;20;4;12m[48;2;48;16;28m▀[38;2;16;0;4m[48;2;36;4;12m▀[38;2;16;0;0m[48;2;24;0;0m▀[38;2;20;0;0m[48;2;32;4;0m▀[38;2;32;0;0m[48;2;44;0;0m▀[38;2;36;0;4m▀[38;2;44;0;0m[48;2;48;0;0m▀[38;2;48;0;4m▀[38;2;56;4;4m[48;2;44;0;0m▀▀[38;2;64;4;4m[48;2;40;4;4m▀[38;2;64;4;8m[48;2;40;0;4m▀[38;2;68;4;8m▀[38;2;72;12;4m[48;2;44;4;4m▀[48;2;60;12;4m▀[38;2;76;12;4m[48;2;76;16;0m▀[38;2;84;12;4m[48;2;92;16;4m▀[38;2;84;8;4m[48;2;96;16;4m▀[38;2;80;8;0m[48;2;92;16;0m▀[48;2;88;16;0m▀[48;2;88;16;4m▀▀[38;2;76;8;4m[48;2;84;20;4m▀[38;2;76;12;4m[48;2;84;16;4m▀[38;2;72;12;0m[48;2;80;16;4m▀[38;2;68;16;12m[48;2;80;16;8m▀[38;2;100;48;56m[48;2;72;16;12m▀[38;2;72;52;60m[48;2;88;36;48m▀[38;2;32;64;80m[48;2;64;56;72m▀[38;2;180;216;228m[48;2;64;108;140m▀[38;2;255;255;255m[48;2;144;200;224m▀[38;2;208;244;252m[48;2;148;204;232m▀[38;2;56;100;152m[48;2;68;116;184m▀[38;2;36;44;92m[48;2;44;60;100m▀[38;2;44;64;120m[48;2;76;68;104m▀[38;2;160;208;240m[48;2;80;112;152m▀[38;2;216;255;255m[48;2;92;148;192m▀[38;2;204;255;255m[48;2;88;140;196m▀[38;2;176;255;255m[48;2;84;148;216m▀[38;2;100;184;255m[48;2;56;116;192m▀[38;2;108;168;255m[48;2;56;108;184m▀[38;2;56;104;196m[48;2;36;80;136m▀[38;2;28;48;96m[48;2;36;56;84m▀[38;2;44;60;92m[48;2;44;60;88m▀[38;2;48;68;96m[48;2;48;64;88m▀[38;2;44;68;96m[48;2;44;64;88m▀[38;2;44;68;88m▀[38;2;52;72;88m[48;2;40;60;80m▀[38;2;48;68;84m[48;2;40;64;80m▀[48;2;48;68;84m▀[38;2;52;72;88m[48;2;48;72;84m▀[38;2;56;76;100m[48;2;56;76;92m▀[38;2;76;100;124m[48;2;68;88;112m▀[38;2;96;116;144m[48;2;68;92;112m▀[38;2;84;108;136m[48;2;60;84;104m▀[0m
[38;2;4;8;12m[48;2;4;8;12m▀[38;2;8;28;36m[48;2;8;28;36m▀[38;2;8;24;40m▀[38;2;8;32;40m▀[38;2;12;32;44m[48;2;12;32;40m▀[38;2;16;36;48m[48;2;12;32;44m▀[38;2;16;40;52m[48;2;16;36;52m▀[38;2;12;36;48m[48;2;16;36;48m▀[38;2;32;56;64m[48;2;24;48;52m▀[38;2;96;112;120m[48;2;84;100;100m▀[38;2;92;108;120m[48;2;96;112;116m▀[38;2;40;60;72m[48;2;48;68;80m▀[38;2;20;40;64m[48;2;20;40;60m▀[38;2;24;40;60m[48;2;20;40;64m▀[38;2;24;40;64m[48;2;24;40;60m▀[38;2;20;36;60m[48;2;16;36;60m▀[38;2;36;56;80m[48;2;36;56;88m▀[38;2;64;84;124m[48;2;64;84;124m▀[38;2;64;92;140m[48;2;64;88;136m▀[38;2;48;72;128m[48;2;48;72;120m▀[38;2;40;64;116m[48;2;40;64;112m▀[48;2;36;56;108m▀[38;2;40;60;100m[48;2;28;48;88m▀[38;2;72;80;88m[48;2;88;92;104m▀[38;2;108;80;92m[48;2;132;104;116m▀[38;2;88;52;56m[48;2;48;16;16m▀[38;2;36;4;4m[48;2;32;0;4m▀[38;2;40;0;4m[48;2;40;0;8m▀[38;2;44;0;4m[48;2;32;0;4m▀[38;2;48;0;0m[48;2;16;0;0m▀[38;2;40;0;0m[48;2;24;12;4m▀[38;2;40;4;4m[48;2;60;40;20m▀[38;2;56;16;12m[48;2;96;64;40m▀[38;2;72;44;24m[48;2;124;92;56m▀[38;2;72;48;24m[48;2;124;100;52m▀[38;2;56;36;8m[48;2;128;100;48m▀[38;2;68;48;24m[48;2;116;88;36m▀[38;2;56;40;16m[48;2;104;72;24m▀[38;2;56;32;20m[48;2;112;80;36m▀[38;2;48;16;8m[48;2;112;76;40m▀[38;2;40;0;0m[48;2;88;56;28m▀[38;2;56;8;8m[48;2;56;24;12m▀[38;2;80;20;8m[48;2;44;4;0m▀[38;2;96;24;12m[48;2;56;12;4m▀[38;2;100;24;12m[48;2;84;24;12m▀[38;2;96;24;4m[48;2;100;24;8m▀[48;2;104;28;8m▀[38;2;100;24;4m[48;2;104;28;12m▀[38;2;96;24;4m[48;2;104;24;12m▀[38;2;96;20;4m[48;2;104;28;8m▀[38;2;96;24;8m[48;2;104;28;12m▀[38;2;92;24;12m[48;2;100;28;8m▀[38;2;84;16;8m[48;2;92;24;12m▀[38;2;108;52;60m[48;2;96;32;36m▀[38;2;52;56;72m[48;2;76;60;68m▀[38;2;24;48;84m[48;2;44;44;60m▀[38;2;24;56;96m[48;2;40;52;64m▀[38;2;32;52;84m[48;2;36;56;68m▀[38;2;44;60;84m[48;2;36;52;68m▀[38;2;60;72;88m[48;2;40;56;72m▀[38;2;64;72;92m[48;2;60;68;80m▀[38;2;52;60;92m[48;2;56;72;84m▀[38;2;44;56;84m[48;2;48;60;72m▀[38;2;36;56;88m[48;2;44;56;68m▀[38;2;40;64;84m[48;2;48;56;68m▀[48;2;48;60;68m▀[38;2;40;60;84m[48;2;44;60;72m▀[38;2;40;60;80m[48;2;44;60;76m▀[38;2;40;60;76m[48;2;40;56;72m▀[48;2;36;56;72m▀[38;2;44;60;76m[48;2;40;56;72m▀[38;2;44;60;80m[48;2;40;60;72m▀[38;2;40;56;76m[48;2;40;56;72m▀[38;2;36;56;72m[48;2;36;52;68m▀[38;2;40;60;76m[48;2;36;56;68m▀[38;2;44;64;76m[48;2;40;60;72m▀[38;2;48;72;80m[48;2;40;60;76m▀[38;2;56;76;88m[48;2;48;72;84m▀[48;2;52;72;88m▀[38;2;60;80;92m[48;2;56;76;92m▀[0m
[38;2;4;8;12m[48;2;4;8;12m▀[38;2;8;28;36m[48;2;8;28;36m▀▀[38;2;8;32;36m[48;2;12;28;36m▀[38;2;12;32;40m[48;2;12;32;44m▀[38;2;12;32;44m▀[38;2;16;36;52m[48;2;16;36;44m▀[38;2;16;36;48m[48;2;16;36;48m▀[38;2;20;44;48m[48;2;16;44;44m▀[38;2;72;92;88m[48;2;64;84;76m▀[38;2;92;108;112m[48;2;92;104;108m▀[38;2;60;76;88m[48;2;64;80;96m▀[38;2;24;44;64m[48;2;28;48;68m▀[38;2;20;40;64m[48;2;20;40;60m▀[38;2;24;44;60m[48;2;24;44;60m▀[38;2;20;36;56m[48;2;20;40;60m▀[38;2;36;56;84m[48;2;36;56;80m▀[38;2;60;84;116m[48;2;60;84;116m▀[38;2;56;84;128m[48;2;56;84;124m▀[38;2;44;72;116m[48;2;48;68;116m▀[38;2;40;64;108m[48;2;44;64;112m▀[38;2;36;56;108m[48;2;40;60;112m▀[38;2;24;48;84m[48;2;32;52;92m▀[38;2;96;96;108m[48;2;84;80;92m▀[38;2;76;56;64m[48;2;40;16;24m▀[38;2;28;0;0m[48;2;40;0;4m▀[38;2;44;4;8m[48;2;48;0;4m▀[38;2;32;0;4m[48;2;44;16;8m▀[38;2;28;8;4m[48;2;48;28;8m▀[38;2;16;12;0m[48;2;60;40;4m▀[38;2;24;16;0m[48;2;60;40;12m▀[38;2;60;40;12m[48;2;44;28;8m▀[38;2;88;64;28m[48;2;32;20;0m▀[38;2;116;84;40m[48;2;92;64;28m▀[38;2;140;96;48m[48;2;152;108;52m▀[38;2;136;96;40m[48;2;128;80;28m▀[38;2;104;64;12m[48;2;96;56;4m▀[38;2;92;56;4m[48;2;88;48;8m▀[38;2;100;64;8m[48;2;68;32;4m▀[38;2;112;76;20m[48;2;60;32;12m▀[38;2;136;96;44m[48;2;76;48;28m▀[38;2;120;80;36m[48;2;76;44;24m▀[38;2;92;60;36m[48;2;96;60;32m▀[38;2;48;16;8m[48;2;96;64;28m▀[38;2;44;8;0m[48;2;48;16;8m▀[38;2;80;24;4m[48;2;48;4;0m▀[38;2;100;28;8m[48;2;84;20;4m▀[38;2;108;32;12m[48;2;104;28;8m▀[48;2;108;32;4m▀[38;2;108;32;16m[48;2;112;36;16m▀[38;2;108;36;16m[48;2;120;44;24m▀[38;2;104;32;12m[48;2;116;40;20m▀[38;2;112;36;24m[48;2;116;36;20m▀[38;2;112;52;44m[48;2;144;80;72m▀[38;2;72;60;56m[48;2;72;64;60m▀[38;2;40;48;60m[48;2;44;48;52m▀[38;2;32;48;64m[48;2;36;52;64m▀[38;2;32;52;64m[48;2;32;48;64m▀[38;2;32;52;68m▀[38;2;36;52;68m[48;2;36;52;68m▀[38;2;36;56;68m[48;2;32;52;64m▀[38;2;44;56;72m▀[48;2;40;52;64m▀[38;2;44;56;68m[48;2;40;52;68m▀[48;2;44;52;68m▀[38;2;40;56;64m[48;2;40;52;64m▀[38;2;40;56;68m▀[38;2;40;56;72m[48;2;36;52;64m▀[48;2;36;56;68m▀▀[48;2;32;52;68m▀[48;2;36;52;68m▀[38;2;36;56;68m[48;2;32;52;68m▀[38;2;32;52;64m[48;2;32;52;64m▀[38;2;32;52;68m[48;2;36;56;68m▀[38;2;36;56;68m▀[38;2;40;60;72m[48;2;40;56;72m▀[38;2;44;64;80m[48;2;44;64;76m▀[38;2;52;72;84m[48;2;52;68;84m▀[38;2;56;76;88m[48;2;52;72;84m▀[0m
[38;2;4;8;12m[48;2;4;8;12m▀[38;2;8;28;36m[48;2;8;32;36m▀[48;2;4;28;36m▀[48;2;8;28;36m▀[38;2;12;32;44m[48;2;12;32;44m▀▀[38;2;16;36;44m▀[38;2;16;36;48m▀[38;2;16;40;40m[48;2;12;36;40m▀[38;2;56;76;68m[48;2;44;64;60m▀[38;2;92;104;108m[48;2;80;100;104m▀[38;2;76;92;104m[48;2;80;100;112m▀[38;2;40;60;80m[48;2;56;76;100m▀[38;2;20;40;60m[48;2;24;44;64m▀[38;2;24;44;60m[48;2;24;44;60m▀[38;2;20;40;60m[48;2;20;40;60m▀[38;2;36;52;80m[48;2;36;52;80m▀[38;2;60;84;116m[48;2;60;80;112m▀[38;2;56;84;124m[48;2;60;80;120m▀[38;2;44;68;112m[48;2;48;68;112m▀[38;2;44;64;112m[48;2;44;64;108m▀[38;2;40;64;108m[48;2;40;64;104m▀[38;2;40;60;88m[48;2;48;68;96m▀[38;2;68;60;64m[48;2;52;44;48m▀[38;2;36;4;4m[48;2;28;0;0m▀[38;2;48;0;4m[48;2;60;8;8m▀[38;2;44;4;4m[48;2;40;4;0m▀[38;2;36;20;4m[48;2;20;4;0m▀[38;2;40;20;0m[48;2;44;32;20m▀[38;2;48;28;8m[48;2;44;40;32m▀[38;2;80;64;40m[48;2;28;20;12m▀[38;2;88;72;44m[48;2;120;104;72m▀[38;2;44;24;16m[48;2;92;72;44m▀[38;2;64;40;12m[48;2;68;44;12m▀[38;2;164;128;64m[48;2;148;112;56m▀[38;2;152;100;48m[48;2;148;92;44m▀[38;2;160;112;68m[48;2;152;100;56m▀[38;2;100;56;24m[48;2;128;80;44m▀[38;2;108;68;48m[48;2;116;72;32m▀[38;2;96;72;64m[48;2;100;72;36m▀[38;2;28;12;8m[48;2;92;68;32m▀[38;2;80;56;36m[48;2;100;68;36m▀[38;2;92;52;24m[48;2;108;68;36m▀[38;2;124;80;48m[48;2;144;96;60m▀[38;2;136;84;56m[48;2;152;96;60m▀[38;2;76;24;12m[48;2;124;72;28m▀[38;2;56;4;4m[48;2;72;28;12m▀[38;2;80;24;4m[48;2;52;8;0m▀[38;2;104;28;4m[48;2;92;28;4m▀[38;2;108;32;12m[48;2;108;32;12m▀[38;2;124;48;28m[48;2;116;36;20m▀[38;2;132;56;36m[48;2;140;56;40m▀[38;2;116;40;24m[48;2;136;60;48m▀[38;2;140;72;68m[48;2;128;68;68m▀[38;2;68;56;52m[48;2;56;48;48m▀[38;2;40;48;52m[48;2;36;48;56m▀[38;2;36;56;64m[48;2;36;56;68m▀[38;2;32;52;68m[48;2;40;60;76m▀[38;2;32;48;64m[48;2;40;56;72m▀[48;2;32;48;64m▀[38;2;32;48;60m[48;2;28;44;56m▀[48;2;28;48;56m▀[48;2;32;48;60m▀[48;2;32;44;56m▀[38;2;36;48;60m[48;2;32;44;60m▀▀[38;2;40;48;64m[48;2;32;48;56m▀[38;2;32;48;60m[48;2;32;48;60m▀[38;2;32;52;64m[48;2;36;48;64m▀▀[38;2;32;48;64m▀[38;2;32;52;64m[48;2;36;48;60m▀[38;2;32;48;64m[48;2;32;48;56m▀[38;2;32;52;68m[48;2;32;48;60m▀[38;2;36;56;68m▀[48;2;36;52;64m▀[48;2;40;56;68m▀[38;2;44;60;76m[48;2;44;60;72m▀[38;2;48;68;80m[48;2;48;64;76m▀[38;2;52;68;84m[48;2;48;68;80m▀[0m
[38;2;4;8;12m[48;2;4;8;12m▀[38;2;8;32;36m[48;2;8;32;36m▀[38;2;4;28;40m[48;2;4;28;40m▀[38;2;8;28;40m[48;2;4;28;44m▀[38;2;12;32;44m[48;2;12;32;44m▀▀▀▀[38;2;16;36;48m[48;2;20;36;48m▀[38;2;36;56;56m[48;2;36;52;60m▀[38;2;72;92;100m[48;2;64;84;92m▀[38;2;84;104;116m[48;2;84;104;120m▀[38;2;68;88;108m[48;2;92;112;120m▀[38;2;40;56;80m[48;2;92;104;116m▀[38;2;40;52;68m[48;2;100;104;116m▀[38;2;32;44;60m[48;2;88;92;104m▀[38;2;36;48;72m[48;2;64;72;80m▀[38;2;52;68;100m[48;2;56;68;76m▀[38;2;60;76;104m[48;2;72;88;96m▀[38;2;52;72;104m[48;2;72;92;112m▀[38;2;44;68;100m[48;2;56;72;100m▀[48;2;48;68;96m▀[38;2;48;68;92m[48;2;52;72;96m▀[38;2;52;44;48m[48;2;56;52;56m▀[38;2;32;4;0m[48;2;36;4;0m▀[38;2;68;16;4m[48;2;68;16;8m▀[38;2;36;4;4m[48;2;40;8;4m▀[38;2;20;0;0m[48;2;40;16;8m▀[38;2;52;36;20m[48;2;44;20;8m▀[38;2;72;52;28m[48;2;64;36;12m▀[38;2;64;40;16m[48;2;88;56;24m▀[38;2;108;84;56m[48;2;76;44;16m▀[38;2;76;52;16m[48;2;64;28;8m▀[38;2;96;68;24m[48;2;124;84;44m▀[38;2;140;104;48m[48;2;152;104;52m▀[38;2;156;92;44m[48;2;160;92;48m▀[38;2;156;88;48m[48;2;156;88;40m▀[38;2;156;96;60m[48;2;172;108;64m▀[38;2;144;84;48m[48;2;180;116;76m▀[38;2;132;88;48m[48;2;156;100;64m▀[38;2;156;116;76m[48;2;156;100;68m▀[38;2;164;120;80m[48;2;172;120;84m▀[38;2;168;116;80m[48;2;196;140;100m▀[38;2;160;104;68m[48;2;184;124;88m▀[38;2;144;92;48m[48;2;156;96;56m▀[38;2;132;80;32m[48;2;136;84;40m▀[38;2;112;60;16m[48;2;112;68;16m▀[38;2;60;16;4m[48;2;88;48;16m▀[38;2;60;8;0m[48;2;44;4;4m▀[38;2;92;28;8m[48;2;60;12;0m▀[38;2;112;32;16m[48;2;104;28;12m▀[38;2;128;40;28m[48;2;116;28;16m▀[38;2;160;76;68m[48;2;144;60;52m▀[38;2;136;80;80m[48;2;152;92;92m▀[38;2;44;40;44m[48;2;48;44;48m▀[38;2;32;48;52m[48;2;32;48;56m▀[38;2;36;52;68m[48;2;40;56;68m▀[38;2;44;64;80m[48;2;48;64;84m▀[38;2;48;68;84m[48;2;52;72;92m▀[38;2;44;64;80m[48;2;52;68;88m▀[38;2;36;52;68m[48;2;44;64;84m▀[38;2;28;48;60m[48;2;36;56;72m▀[38;2;32;44;56m[48;2;28;44;60m▀[38;2;28;44;56m[48;2;28;48;56m▀[48;2;28;44;56m▀▀[38;2;32;44;52m▀[38;2;32;48;60m[48;2;28;44;52m▀[38;2;36;48;64m[48;2;32;48;56m▀[48;2;32;48;60m▀[48;2;36;48;60m▀[38;2;36;48;60m▀[38;2;32;48;56m[48;2;32;48;56m▀▀[38;2;32;48;60m[48;2;32;48;60m▀[38;2;32;48;64m▀[38;2;36;52;64m[48;2;32;48;64m▀[38;2;40;56;68m[48;2;36;52;64m▀[38;2;44;60;72m[48;2;36;56;68m▀[38;2;44;64;76m[48;2;40;56;68m▀[0m
[38;2;4;8;12m[48;2;4;8;12m▀[38;2;8;32;36m[48;2;8;32;36m▀[38;2;4;28;36m[48;2;4;28;36m▀▀[38;2;12;32;40m[48;2;8;32;40m▀[38;2;12;32;44m[48;2;12;32;44m▀▀▀[38;2;20;40;48m[48;2;16;36;48m▀[38;2;32;52;60m[48;2;32;52;60m▀[38;2;60;76;88m[48;2;56;76;84m▀[38;2;84;100;112m[48;2;80;100;112m▀[38;2;112;136;128m[48;2;116;136;124m▀[38;2;132;148;124m[48;2;132;152;116m▀[38;2;136;144;112m[48;2;136;152;100m▀[38;2;128;136;112m[48;2;132;148;84m▀[38;2;108;116;88m[48;2;116;128;76m▀[38;2;96;108;80m[48;2;108;124;76m▀[38;2;96;112;100m[48;2;104;120;88m▀[38;2;80;100;100m[48;2;76;96;96m▀[38;2;56;72;92m[48;2;52;68;92m▀[38;2;48;68;92m[48;2;44;68;88m▀[38;2;52;72;92m[48;2;48;68;92m▀[38;2;56;52;56m[48;2;68;60;68m▀[38;2;40;8;8m[48;2;36;12;12m▀[38;2;60;16;12m[48;2;36;4;4m▀[38;2;36;8;4m[48;2;28;8;4m▀[38;2;60;32;20m[48;2;60;36;16m▀[38;2;80;48;28m[48;2;76;48;20m▀[38;2;88;52;24m[48;2;88;52;16m▀[38;2;96;60;24m[48;2;112;72;40m▀[38;2;80;44;12m[48;2;84;44;12m▀[38;2;96;56;24m[48;2;100;64;28m▀[38;2;168;120;72m[48;2;172;132;76m▀[38;2;184;136;88m[48;2;200;148;100m▀[38;2;172;116;68m[48;2;160;112;72m▀[38;2;152;96;36m[48;2;152;100;64m▀[38;2;160;100;44m[48;2;140;84;44m▀[38;2;200;144;96m[48;2;172;116;72m▀[38;2;212;160;116m[48;2;224;172;120m▀[38;2;208;152;112m[48;2;236;184;132m▀[38;2;196;136;96m[48;2;204;148;96m▀[38;2;196;140;92m[48;2;192;136;80m▀[38;2;188;128;80m[48;2;176;120;68m▀[38;2;168;108;60m[48;2;156;104;48m▀[38;2;144;88;36m[48;2;136;84;28m▀[38;2;112;68;20m[48;2;108;64;12m▀[38;2;92;52;8m[48;2;84;48;4m▀[38;2;52;20;8m[48;2;72;48;20m▀[38;2;24;0;4m[48;2;32;12;8m▀[38;2;68;24;8m[48;2;24;4;0m▀[38;2;108;32;12m[48;2;76;28;8m▀[38;2;124;44;32m[48;2;112;36;20m▀[38;2;152;84;88m[48;2;144;76;76m▀[38;2;60;52;56m[48;2;64;60;64m▀[38;2;36;52;56m[48;2;32;52;56m▀[38;2;44;60;72m[48;2;44;64;76m▀[38;2;48;68;88m[48;2;52;68;88m▀[38;2;52;68;92m▀[38;2;48;68;88m[48;2;44;68;84m▀[38;2;44;68;84m[48;2;40;68;84m▀[38;2;40;64;80m[48;2;40;64;80m▀[38;2;32;48;64m[48;2;36;52;72m▀[38;2;28;48;56m[48;2;24;44;60m▀[38;2;28;44;56m[48;2;28;44;56m▀▀[48;2;28;44;52m▀▀[38;2;28;48;52m▀[38;2;32;48;52m[48;2;28;44;48m▀[38;2;32;48;56m[48;2;28;44;52m▀[48;2;32;48;56m▀▀[38;2;32;48;60m[48;2;32;48;60m▀[48;2;32;48;56m▀[48;2;32;48;60m▀▀[48;2;32;48;56m▀[38;2;32;52;64m[48;2;32;48;60m▀▀[0m
[38;2;4;8;12m[48;2;4;8;12m▀[38;2;4;32;36m[48;2;8;32;36m▀[38;2;4;28;36m[48;2;4;28;36m▀[48;2;8;28;36m▀[38;2;8;32;40m[48;2;8;32;40m▀[38;2;12;32;44m[48;2;16;36;48m▀[48;2;12;32;44m▀▀[38;2;16;36;44m[48;2;16;36;48m▀[38;2;32;52;60m[48;2;28;48;60m▀[38;2;56;76;84m[48;2;52;68;80m▀[38;2;84;100;116m[48;2;88;104;120m▀[38;2;124;144;140m[48;2;124;144;148m▀[38;2;136;156;124m[48;2;136;152;144m▀[38;2;136;148;104m[48;2;136;152;120m▀[38;2;132;148;96m[48;2;132;148;108m▀[38;2;116;128;84m[48;2;116;132;92m▀[38;2;112;124;76m[48;2;112;128;84m▀[38;2;104;124;92m[48;2;108;124;96m▀[38;2;76;96;92m[48;2;76;96;88m▀[38;2;48;68;84m[48;2;48;64;76m▀[38;2;48;64;84m[48;2;40;56;76m▀[38;2;44;64;80m[48;2;40;60;68m▀[38;2;60;64;72m[48;2;56;68;76m▀[38;2;24;16;20m[48;2;28;24;32m▀[38;2;16;0;0m[48;2;4;0;0m▀[38;2;16;4;4m[48;2;8;0;0m▀[38;2;52;36;12m[48;2;32;20;8m▀[38;2;76;52;24m[48;2;64;48;20m▀[38;2;104;72;32m[48;2;104;76;36m▀[38;2;76;40;20m[48;2;68;36;20m▀[38;2;48;20;12m[48;2;52;28;20m▀[38;2;40;16;8m[48;2;52;36;24m▀[38;2;80;52;20m[48;2;56;28;16m▀[38;2;112;64;24m[48;2;116;80;44m▀[38;2;108;64;44m[48;2;164;124;84m▀[38;2;104;60;48m[48;2;156;120;72m▀[38;2;100;52;20m[48;2;124;80;32m▀[38;2;172;120;76m[48;2;160;112;68m▀[38;2;208;152;108m[48;2;188;132;92m▀[38;2;208;152;104m[48;2;188;132;88m▀[38;2;188;132;84m[48;2;172;120;72m▀[38;2;168;112;60m[48;2;144;92;44m▀[38;2;152;100;48m[48;2;136;84;28m▀[38;2;148;92;40m[48;2;132;80;28m▀[38;2;132;80;24m[48;2;120;76;20m▀[38;2;104;60;8m[48;2;104;60;12m▀[38;2;84;44;0m[48;2;88;52;8m▀[38;2;96;60;24m[48;2;80;48;12m▀[38;2;108;80;52m[48;2;124;100;64m▀[38;2;44;16;12m[48;2;96;64;48m▀[38;2;52;12;4m[48;2;44;0;0m▀[38;2;92;36;24m[48;2;76;20;16m▀[38;2;132;72;68m[48;2;112;56;64m▀[38;2;72;60;60m[48;2;68;48;60m▀[38;2;32;56;48m[48;2;40;56;56m▀[38;2;52;68;72m[48;2;44;60;64m▀[38;2;52;68;80m[48;2;44;56;68m▀[38;2;48;68;80m[48;2;40;60;68m▀[38;2;44;68;84m[48;2;40;60;72m▀[38;2;44;64;84m[48;2;40;56;72m▀[38;2;40;60;80m[48;2;32;52;68m▀[38;2;32;52;68m[48;2;28;48;64m▀[38;2;24;44;60m[48;2;24;44;60m▀[38;2;28;44;56m[48;2;28;44;56m▀[48;2;28;40;56m▀[38;2;24;40;52m[48;2;24;40;52m▀▀[38;2;24;40;48m[48;2;24;44;52m▀▀▀[38;2;28;44;52m[48;2;28;44;52m▀[38;2;32;44;56m[48;2;28;44;56m▀[38;2;32;48;56m[48;2;32;44;56m▀▀[48;2;32;48;56m▀[38;2;32;48;60m▀[38;2;32;48;56m▀▀▀[0m
[38;2;4;8;12m[48;2;4;8;12m▀[38;2;8;28;32m[48;2;8;28;32m▀[38;2;4;28;36m[48;2;4;24;32m▀[38;2;8;28;36m▀[38;2;8;32;40m[48;2;8;28;40m▀[38;2;12;32;44m[48;2;12;32;44m▀[48;2;8;28;40m▀[48;2;12;32;44m▀[38;2;16;36;48m▀[38;2;28;48;60m[48;2;20;40;52m▀[38;2;52;68;84m[48;2;40;60;72m▀[38;2;88;104;120m[48;2;64;84;96m▀[38;2;108;128;136m[48;2;76;96;100m▀[38;2;120;144;140m[48;2;80;100;100m▀[38;2;124;144;128m[48;2;84;104;104m▀[38;2;124;144;120m[48;2;84;100;108m▀[38;2;112;132;108m[48;2;80;96;104m▀[38;2;104;124;100m[48;2;72;92;100m▀[38;2;100;120;104m▀[38;2;76;92;96m[48;2;68;84;96m▀[38;2;56;72;92m[48;2;64;80;100m▀▀[38;2;56;72;88m[48;2;56;76;92m▀[38;2;64;76;92m[48;2;52;76;92m▀[38;2;56;60;72m[48;2;56;72;88m▀[38;2;0;0;4m[48;2;36;40;52m▀[38;2;4;0;0m[48;2;4;4;4m▀[38;2;16;8;4m[48;2;4;4;0m▀[38;2;40;28;8m[48;2;8;8;0m▀[38;2;88;64;32m[48;2;48;44;16m▀[38;2;96;72;40m[48;2;68;52;28m▀[38;2;68;44;16m[48;2;56;32;12m▀[38;2;48;28;0m[48;2;80;60;40m▀[38;2;76;52;24m[48;2;132;116;84m▀[38;2;112;80;48m[48;2;168;140;112m▀[38;2;96;60;20m[48;2;184;156;124m▀[38;2;104;68;28m[48;2;164;136;104m▀[38;2;128;92;44m[48;2;148;116;80m▀[38;2;136;100;52m[48;2;112;80;40m▀[38;2;156;108;64m[48;2;96;60;24m▀[38;2;164;116;68m[48;2;120;84;48m▀[38;2;152;104;60m[48;2;128;92;52m▀[38;2;132;88;40m[48;2;120;80;36m▀[38;2;124;80;24m[48;2;116;76;24m▀[38;2;120;76;20m[48;2;112;72;24m▀[38;2;116;76;20m[48;2;120;76;28m▀[38;2;108;68;16m[48;2;116;76;28m▀[38;2;96;56;16m[48;2;92;56;16m▀[38;2;60;32;12m[48;2;68;44;16m▀[38;2;28;8;4m[48;2;28;8;4m▀[38;2;40;8;8m[48;2;28;0;0m▀[38;2;48;4;4m[48;2;52;16;20m▀[38;2;80;28;28m[48;2;80;52;60m▀[38;2;88;64;68m[48;2;64;56;64m▀[38;2;48;52;60m[48;2;44;52;60m▀[38;2;40;48;56m[48;2;36;52;60m▀[38;2;36;48;60m[48;2;32;48;60m▀[38;2;36;48;64m[48;2;36;48;64m▀[38;2;32;48;60m[48;2;32;48;60m▀[38;2;24;44;56m[48;2;28;48;60m▀[38;2;24;44;60m[48;2;32;48;60m▀▀[38;2;28;44;56m[48;2;32;44;56m▀[48;2;36;48;60m▀[48;2;32;48;60m▀▀[38;2;28;44;52m▀[38;2;28;44;56m▀[38;2;28;44;52m▀▀[48;2;32;52;60m▀[38;2;28;48;52m[48;2;36;52;60m▀[38;2;32;48;56m▀[48;2;36;52;64m▀[48;2;40;52;64m▀[48;2;40;56;64m▀[48;2;40;52;64m▀▀[38;2;32;48;60m[48;2;40;56;64m▀[38;2;32;48;56m▀[0m
[38;2;4;8;12m[48;2;4;8;12m▀[38;2;8;24;32m[48;2;8;24;32m▀[38;2;4;24;36m[48;2;4;24;32m▀[38;2;4;24;32m▀[38;2;8;28;40m[48;2;8;28;36m▀[38;2;12;28;40m▀[38;2;8;28;40m▀[38;2;12;28;40m[48;2;8;28;40m▀▀[38;2;12;32;40m▀[38;2;20;36;48m▀[38;2;24;44;56m▀[38;2;28;48;56m▀[38;2;28;44;56m[48;2;12;28;44m▀[38;2;24;44;56m▀[38;2;32;48;56m[48;2;16;32;40m▀▀[38;2;32;48;60m[48;2;16;32;44m▀[38;2;32;52;64m▀[38;2;32;52;60m[48;2;12;28;40m▀[38;2;32;52;64m[48;2;12;32;44m▀[38;2;28;48;64m[48;2;16;32;48m▀[38;2;24;44;60m[48;2;12;32;48m▀[38;2;24;40;60m[48;2;16;32;48m▀[38;2;20;36;52m[48;2;20;32;48m▀[38;2;36;48;60m[48;2;16;36;44m▀[38;2;28;36;40m[48;2;28;40;52m▀[38;2;12;16;16m[48;2;40;48;56m▀[38;2;24;28;24m[48;2;44;52;56m▀[38;2;28;32;16m[48;2;32;36;36m▀[38;2;28;24;8m[48;2;16;16;8m▀[38;2;72;60;40m[48;2;44;36;24m▀[38;2;160;144;120m[48;2;56;44;24m▀[38;2;172;156;132m[48;2;52;36;24m▀[38;2;164;144;116m[48;2;104;92;72m▀[38;2;160;140;108m[48;2;100;76;60m▀[38;2;140;116;88m[48;2;84;60;48m▀[38;2;128;104;68m[48;2;52;24;16m▀[38;2;124;92;56m[48;2;76;44;24m▀[38;2;104;72;40m[48;2;100;68;36m▀[38;2;84;56;20m[48;2;96;68;32m▀[38;2;96;64;24m[48;2;96;68;28m▀[38;2;112;76;32m[48;2;100;72;32m▀[38;2;104;68;24m[48;2;100;68;28m▀[38;2;112;72;24m[48;2;116;76;28m▀[38;2;128;84;36m[48;2;128;84;36m▀[38;2;120;76;32m[48;2;116;72;24m▀[38;2;88;56;12m[48;2;92;56;16m▀[38;2;68;48;16m[48;2;84;64;32m▀[38;2;28;12;4m[48;2;48;36;20m▀[38;2;36;12;12m[48;2;52;44;44m▀[38;2;72;52;44m[48;2;56;56;56m▀[38;2;52;48;48m[48;2;36;52;52m▀[38;2;36;48;48m[48;2;36;60;60m▀[38;2;36;52;56m[48;2;40;60;64m▀[38;2;36;52;60m[48;2;40;56;64m▀[38;2;32;48;60m[48;2;40;56;68m▀[38;2;36;52;64m[48;2;48;60;72m▀[48;2;44;60;72m▀[38;2;40;52;68m[48;2;48;64;76m▀[38;2;40;56;68m[48;2;52;64;76m▀[38;2;36;52;64m▀▀[48;2;52;64;80m▀[38;2;40;56;64m[48;2;56;68;80m▀[48;2;56;72;84m▀▀[38;2;36;52;64m▀[38;2;40;56;64m[48;2;60;76;88m▀[38;2;40;56;68m[48;2;64;80;88m▀[48;2;64;80;92m▀▀[38;2;44;56;68m[48;2;68;84;96m▀[38;2;44;60;68m[48;2;76;88;100m▀[48;2;80;92;104m▀▀[38;2;44;60;72m[48;2;84;96;108m▀[38;2;48;60;72m[48;2;84;100;112m▀▀[38;2;44;60;72m[48;2;84;100;108m▀[0m
[38;2;4;8;12m[48;2;4;8;8m▀[38;2;8;24;28m[48;2;12;28;28m▀[38;2;4;28;32m[48;2;8;28;36m▀▀[38;2;8;28;36m[48;2;12;28;36m▀▀[38;2;8;28;40m▀[48;2;12;28;40m▀▀▀▀▀▀▀▀[38;2;12;24;40m[48;2;16;28;40m▀[38;2;12;28;40m▀[48;2;16;32;44m▀[38;2;16;32;44m▀[48;2;20;32;48m▀[48;2;16;32;48m▀[38;2;16;32;48m▀▀[48;2;12;28;44m▀[48;2;20;36;48m▀[38;2;12;28;44m[48;2;32;48;64m▀[38;2;16;32;48m▀[38;2;20;32;48m[48;2;40;64;76m▀[38;2;32;44;52m[48;2;48;64;76m▀[38;2;28;36;36m[48;2;24;28;32m▀[38;2;36;36;24m[48;2;28;28;20m▀[38;2;48;36;24m[48;2;68;56;44m▀[38;2;48;28;20m[48;2;140;128;108m▀[38;2;76;52;32m[48;2;164;132;108m▀[38;2;128;100;72m[48;2;160;120;88m▀[38;2;140;104;80m[48;2;144;104;76m▀[38;2;136;92;68m[48;2;164;120;96m▀[38;2;120;84;56m[48;2;160;120;92m▀[38;2;120;88;60m[48;2;120;88;56m▀[38;2;128;92;60m[48;2;104;72;36m▀[38;2;120;84;52m[48;2;120;84;44m▀[38;2;108;76;36m[48;2;108;72;32m▀[38;2;96;68;24m[48;2;96;64;20m▀[38;2;96;64;20m[48;2;96;60;20m▀[38;2;112;76;28m[48;2;108;72;28m▀[48;2;100;68;20m▀[38;2;100;64;20m[48;2;84;56;12m▀[38;2;88;60;20m[48;2;80;56;20m▀[38;2;92;80;48m[48;2;92;76;52m▀[38;2;88;88;68m[48;2;116;108;96m▀[38;2;48;56;52m[48;2;100;104;108m▀[38;2;56;64;68m[48;2;104;116;120m▀[38;2;52;68;72m[48;2;104;116;128m▀[38;2;56;68;80m[48;2;108;116;128m▀[38;2;60;72;84m[48;2;112;128;136m▀[38;2;64;80;88m[48;2;120;140;148m▀[38;2;72;88;96m[48;2;132;144;156m▀[38;2;76;92;104m[48;2;132;148;160m▀[38;2;80;96;108m▀[48;2;136;148;164m▀[38;2;88;100;116m[48;2;136;152;164m▀[38;2;96;108;124m[48;2;140;152;168m▀[38;2;100;112;128m[48;2;144;156;172m▀[38;2;104;116;128m[48;2;144;160;176m▀[38;2;104;120;132m[48;2;148;164;176m▀[38;2;108;124;136m[48;2;152;164;180m▀[38;2;108;124;140m[48;2;152;168;184m▀[38;2;112;128;140m[48;2;156;172;184m▀[38;2;120;132;148m[48;2;160;176;188m▀[38;2;120;136;148m[48;2;164;180;192m▀[38;2;128;144;156m[48;2;168;180;192m▀[38;2;132;148;164m[48;2;168;184;204m▀[38;2;136;148;168m[48;2;168;188;216m▀[38;2;140;156;172m[48;2;168;192;212m▀[38;2;144;160;172m[48;2;172;196;212m▀[38;2;148;164;180m[48;2;176;196;212m▀▀[38;2;152;164;180m[48;2;180;196;212m▀[38;2;152;168;184m▀[38;2;156;172;184m[48;2;180;196;216m▀[0m
[38;2;4;8;12m[48;2;4;8;12m▀[38;2;16;28;28m[48;2;16;28;28m▀[38;2;12;28;32m[48;2;16;32;36m▀[38;2;12;28;36m▀[48;2;16;32;40m▀▀▀▀[38;2;12;28;40m▀▀▀[38;2;12;28;36m[48;2;12;32;40m▀[38;2;12;28;40m[48;2;16;32;40m▀[38;2;16;32;44m[48;2;20;36;48m▀[38;2;20;32;48m▀[38;2;20;36;44m[48;2;20;36;44m▀[48;2;20;36;48m▀▀[48;2;24;36;48m▀[38;2;20;32;48m[48;2;20;36;48m▀[48;2;20;36;44m▀[38;2;12;28;40m[48;2;44;60;72m▀[38;2;20;36;52m[48;2;60;76;92m▀[38;2;40;56;72m[48;2;64;80;100m▀[38;2;52;64;80m[48;2;36;52;68m▀[38;2;24;32;48m[48;2;4;12;16m▀[38;2;12;24;32m[48;2;0;0;4m▀[38;2;36;44;56m▀[38;2;4;8;20m▀[38;2;8;8;8m▀[38;2;24;20;24m[48;2;24;24;32m▀[38;2;8;8;4m[48;2;20;20;24m▀[38;2;96;92;80m[48;2;0;0;0m▀[38;2;180;164;144m[48;2;40;32;28m▀[38;2;180;156;132m[48;2;60;48;40m▀[38;2;168;140;120m[48;2;76;56;40m▀[38;2;148;116;100m[48;2;92;64;48m▀[38;2;112;80;56m[48;2;104;76;48m▀[38;2;92;64;32m[48;2;116;84;48m▀[38;2;104;72;28m[48;2;116;80;32m▀[38;2;112;72;28m[48;2;124;80;32m▀[38;2;104;64;24m[48;2;124;80;36m▀[38;2;96;64;20m[48;2;108;72;28m▀[38;2;100;68;20m[48;2;96;64;16m▀[38;2;100;64;20m[48;2;84;52;12m▀[38;2;88;52;8m[48;2;72;44;0m▀[38;2;80;52;8m[48;2;80;56;16m▀[38;2;88;60;20m[48;2;96;68;32m▀[38;2;100;80;56m[48;2;100;80;56m▀[38;2;92;80;68m[48;2;88;76;64m▀[38;2;52;56;56m[48;2;16;20;20m▀[38;2;92;100;104m[48;2;24;28;32m▀[38;2;132;140;148m[48;2;40;44;56m▀[38;2;156;164;180m[48;2;96;104;120m▀[38;2;152;172;180m[48;2;156;176;192m▀[38;2;152;172;184m[48;2;164;188;200m▀[38;2;156;176;188m[48;2;164;188;196m▀[38;2;152;176;184m[48;2;160;188;196m▀[38;2;152;172;184m▀[48;2;156;188;196m▀[38;2;152;172;192m[48;2;156;184;200m▀[38;2;160;176;192m[48;2;160;184;200m▀[38;2;160;180;196m[48;2;160;188;200m▀[38;2;164;180;200m[48;2;160;184;200m▀[38;2;164;184;200m[48;2;156;184;196m▀[38;2;160;180;196m[48;2;156;180;196m▀[48;2;152;180;192m▀[38;2;164;184;200m▀[48;2;156;184;196m▀[38;2;168;188;204m[48;2;156;188;200m▀[38;2;168;188;200m[48;2;156;188;204m▀[38;2;168;188;208m[48;2;160;184;200m▀[38;2;168;188;212m[48;2;160;180;200m▀[38;2;168;188;208m[48;2;156;176;196m▀[38;2;172;192;212m▀[38;2;172;192;208m[48;2;156;176;192m▀[38;2;168;188;204m[48;2;152;172;188m▀[38;2;164;184;200m▀[38;2;160;180;200m[48;2;148;168;184m▀▀[0m
[38;2;4;8;12m[48;2;8;12;12m▀[38;2;20;32;32m[48;2;24;36;36m▀[38;2;20;36;40m[48;2;24;40;40m▀▀[38;2;20;36;44m[48;2;24;40;44m▀▀▀[48;2;24;40;40m▀[48;2;24;40;44m▀[48;2;24;40;48m▀[48;2;28;44;52m▀[48;2;28;44;48m▀[38;2;24;40;44m[48;2;28;44;52m▀[38;2;24;40;48m[48;2;28;48;56m▀[48;2;32;48;56m▀[38;2;24;40;44m[48;2;32;44;52m▀[48;2;32;48;52m▀[48;2;28;44;44m▀[38;2;20;36;44m[48;2;32;48;52m▀[38;2;28;40;52m[48;2;64;80;88m▀[38;2;60;76;84m[48;2;28;44;56m▀[38;2;52;64;76m[48;2;8;20;28m▀[38;2;36;48;64m[48;2;48;56;64m▀[38;2;48;64;76m[48;2;44;52;64m▀[38;2;40;52;68m[48;2;28;36;44m▀[38;2;4;8;8m[48;2;8;8;12m▀[38;2;0;0;0m[48;2;4;4;4m▀[38;2;4;0;4m[48;2;0;0;0m▀[38;2;0;0;0m▀[38;2;0;4;4m[48;2;0;4;4m▀[38;2;8;12;20m[48;2;8;12;16m▀[38;2;32;32;36m[48;2;12;12;16m▀[38;2;16;16;16m[48;2;28;32;24m▀[38;2;40;28;20m[48;2;44;36;20m▀[38;2;72;52;32m[48;2;76;56;24m▀[38;2;104;68;44m[48;2;100;68;28m▀[38;2;132;96;64m[48;2;104;68;28m▀[38;2;144;104;72m[48;2;104;68;36m▀[38;2;128;96;52m[48;2;112;72;40m▀[38;2;128;88;40m[48;2;116;76;40m▀[38;2;140;92;48m[48;2;108;72;36m▀[38;2;120;80;36m[48;2;80;48;16m▀[38;2;92;56;8m[48;2;56;32;0m▀[38;2;72;44;4m[48;2;60;36;8m▀[38;2;64;40;8m[48;2;68;44;16m▀[38;2;72;44;12m[48;2;88;60;32m▀[38;2;92;64;32m[48;2;100;68;44m▀[38;2;96;72;36m[48;2;100;68;36m▀[38;2;100;76;52m[48;2;96;68;40m▀[38;2;84;72;56m[48;2;56;40;24m▀[38;2;32;28;24m[48;2;28;24;16m▀[38;2;32;36;40m[48;2;36;32;36m▀[38;2;28;32;40m[48;2;36;36;36m▀[38;2;20;24;36m[48;2;40;40;40m▀[38;2;68;84;96m[48;2;28;36;40m▀[38;2;152;172;184m[48;2;100;112;124m▀[38;2;160;176;188m[48;2;148;160;176m▀[38;2;156;176;188m[48;2;144;160;176m▀[48;2;140;164;176m▀[48;2;136;160;172m▀[38;2;152;172;188m[48;2;140;160;176m▀[48;2;136;160;176m▀[38;2;148;172;188m[48;2;136;156;172m▀[38;2;148;168;184m▀[48;2;136;156;176m▀[48;2;140;160;180m▀[38;2;144;168;184m[48;2;140;164;180m▀[38;2;140;164;180m[48;2;140;168;184m▀[38;2;144;168;184m[48;2;144;168;184m▀[48;2;140;164;180m▀[38;2;144;172;184m▀[38;2;148;168;180m[48;2;144;164;180m▀[48;2;140;164;180m▀[38;2;144;164;180m▀[38;2;140;160;176m▀[38;2;136;160;176m[48;2;136;156;176m▀[38;2;140;160;180m[48;2;136;156;172m▀[38;2;140;160;176m[48;2;140;160;176m▀[48;2;140;160;180m▀[38;2;140;160;180m[48;2;140;164;180m▀[0m
[38;2;8;12;16m[48;2;8;12;16m▀[38;2;28;40;40m[48;2;32;40;44m▀[38;2;28;40;44m[48;2;32;44;44m▀▀[48;2;28;44;44m▀[38;2;28;44;44m[48;2;28;44;48m▀[48;2;32;48;48m▀▀[38;2;28;44;48m▀▀▀[38;2;32;48;52m[48;2;32;48;56m▀[38;2;32;48;56m[48;2;32;52;56m▀▀[48;2;36;52;56m▀[48;2;32;48;56m▀[38;2;32;44;52m[48;2;40;56;64m▀[38;2;36;52;60m[48;2;76;88;96m▀[38;2;72;84;92m[48;2;32;48;56m▀[38;2;32;44;52m[48;2;16;24;24m▀[38;2;12;20;32m[48;2;28;28;28m▀[38;2;20;24;36m[48;2;24;24;28m▀[38;2;24;28;36m[48;2;28;28;32m▀[38;2;32;36;40m[48;2;28;32;32m▀[38;2;24;24;28m[48;2;20;24;24m▀[38;2;20;20;24m[48;2;24;24;24m▀[38;2;20;20;20m[48;2;24;24;28m▀[38;2;4;4;8m[48;2;20;20;24m▀[38;2;0;0;4m[48;2;16;16;16m▀[48;2;0;0;4m▀[38;2;8;8;8m▀[38;2;4;4;8m▀[38;2;4;8;4m[48;2;4;0;4m▀[38;2;20;16;8m[48;2;0;0;4m▀[38;2;32;24;12m[48;2;0;0;8m▀[38;2;52;40;16m[48;2;8;4;8m▀[38;2;60;36;12m[48;2;8;8;4m▀[38;2;64;40;16m[48;2;16;8;4m▀[38;2;72;52;24m[48;2;16;4;4m▀[38;2;60;36;20m[48;2;20;12;0m▀[38;2;44;20;8m[48;2;32;20;0m▀[38;2;48;24;8m[48;2;56;36;12m▀[38;2;56;36;12m[48;2;76;48;20m▀[38;2;68;44;20m[48;2;88;60;28m▀[38;2;84;56;24m[48;2;92;60;28m▀[38;2;96;64;36m[48;2;104;68;36m▀[38;2;104;68;44m[48;2;104;64;36m▀[38;2;104;64;36m[48;2;96;60;24m▀[38;2;92;60;32m[48;2;116;84;52m▀[38;2;60;44;28m[48;2;84;64;40m▀[38;2;16;12;4m[48;2;48;44;24m▀[38;2;28;24;24m[48;2;12;8;4m▀[38;2;40;36;36m[48;2;12;12;8m▀[38;2;40;40;36m[48;2;40;36;32m▀[38;2;36;36;44m[48;2;36;40;40m▀[38;2;40;52;64m[48;2;28;36;40m▀[38;2;108;120;136m[48;2;60;68;80m▀[38;2;128;140;160m[48;2;80;88;108m▀[38;2;136;156;172m[48;2;76;88;108m▀[38;2;140;164;180m[48;2;104;124;140m▀[48;2;120;136;152m▀[38;2;140;160;180m[48;2;132;152;168m▀[38;2;140;160;176m[48;2;136;156;172m▀[38;2;140;164;180m▀[48;2;132;152;168m▀[38;2;144;164;180m[48;2;128;152;168m▀[38;2;148;168;184m[48;2;132;148;168m▀[38;2;148;172;188m[48;2;132;152;168m▀[38;2;148;168;188m▀[38;2;148;168;184m▀[38;2;148;168;188m▀▀▀[38;2;144;164;184m[48;2;128;148;168m▀[38;2;140;164;180m[48;2;128;148;164m▀[38;2;140;160;176m▀[38;2;132;156;172m▀[38;2;136;156;172m[48;2;124;148;160m▀[38;2;140;164;180m[48;2;128;148;164m▀▀[0m
[38;2;8;12;16m[48;2;8;12;16m▀[38;2;32;44;44m[48;2;32;40;44m▀[38;2;32;48;48m[48;2;28;44;48m▀[38;2;28;44;44m[48;2;28;44;44m▀[38;2;32;48;52m[48;2;32;48;52m▀[48;2;32;48;56m▀[48;2;32;48;52m▀[38;2;32;48;48m[48;2;32;48;48m▀▀▀[38;2;32;48;52m[48;2;32;48;52m▀[38;2;32;48;56m[48;2;32;48;56m▀[38;2;32;48;52m▀[48;2;32;52;52m▀[38;2;36;52;56m[48;2;28;44;48m▀[38;2;44;60;68m[48;2;48;60;64m▀[38;2;76;92;100m[48;2;24;36;40m▀[38;2;32;48;56m[48;2;4;16;20m▀[38;2;12;24;32m[48;2;24;28;36m▀[38;2;24;28;32m[48;2;24;24;32m▀[38;2;28;24;24m[48;2;28;28;32m▀[38;2;28;28;24m[48;2;28;28;28m▀[38;2;32;32;32m[48;2;32;32;32m▀[48;2;36;36;36m▀[38;2;24;24;24m[48;2;28;28;28m▀[48;2;20;20;20m▀[38;2;24;24;28m[48;2;24;24;24m▀[48;2;24;24;28m▀[38;2;28;28;32m[48;2;28;28;32m▀[38;2;12;12;16m[48;2;28;28;28m▀[38;2;0;0;0m[48;2;8;8;12m▀[38;2;0;0;4m[48;2;0;0;0m▀▀▀[38;2;4;0;0m▀[38;2;0;0;0m▀[48;2;4;0;0m▀[38;2;8;0;0m[48;2;28;20;12m▀[38;2;12;0;0m[48;2;56;40;24m▀[38;2;32;20;8m[48;2;76;56;32m▀[38;2;56;44;16m[48;2;96;76;44m▀[38;2;84;60;28m[48;2;108;80;48m▀[38;2;100;72;40m[48;2;104;72;40m▀[38;2;92;68;32m[48;2;88;60;28m▀[38;2;88;56;32m[48;2;80;56;28m▀[38;2;76;40;20m[48;2;36;8;4m▀[38;2;64;32;16m[48;2;32;8;4m▀[38;2;72;52;20m[48;2;92;68;32m▀[38;2;112;88;52m[48;2;124;92;52m▀[38;2;124;100;68m[48;2;140;104;68m▀[38;2;108;88;64m[48;2;120;92;56m▀[38;2;84;76;60m[48;2;140;112;80m▀[38;2;44;36;32m[48;2;140;120;92m▀[38;2;20;16;12m[48;2;36;28;20m▀[38;2;40;40;36m[48;2;20;20;12m▀[38;2;32;40;40m[48;2;36;40;32m▀[38;2;36;40;48m[48;2;36;40;36m▀[38;2;48;52;64m[48;2;40;40;44m▀[38;2;40;48;60m[48;2;44;44;48m▀[38;2;48;56;72m▀[38;2;56;68;88m[48;2;48;52;56m▀[38;2;68;80;96m[48;2;48;52;68m▀[38;2;84;104;116m[48;2;48;56;72m▀[38;2;96;120;132m[48;2;52;64;80m▀[38;2;116;136;148m[48;2;68;84;100m▀[38;2;124;144;160m[48;2;80;96;116m▀[48;2;76;88;108m▀[38;2;128;148;164m[48;2;100;112;132m▀[38;2;128;144;160m[48;2;124;144;160m▀[38;2;128;148;164m[48;2;128;148;160m▀[48;2;124;144;156m▀[38;2;128;144;164m[48;2;124;140;152m▀[38;2;128;148;164m[48;2;124;144;156m▀[38;2;124;144;160m[48;2;128;144;156m▀[48;2;124;144;156m▀[38;2;128;144;160m▀[38;2;128;148;160m[48;2;124;144;160m▀[38;2;124;144;160m▀[38;2;120;144;160m▀[38;2;120;140;160m[48;2;120;140;160m▀[0m
[38;2;8;12;16m[48;2;8;12;16m▀[38;2;28;40;40m[48;2;28;44;40m▀[38;2;24;44;44m[48;2;24;44;44m▀[38;2;28;48;48m[48;2;28;48;48m▀[48;2;28;44;48m▀[38;2;32;44;48m[48;2;28;44;44m▀[38;2;28;44;48m▀[48;2;28;44;48m▀[38;2;28;44;44m[48;2;28;48;48m▀[38;2;28;48;48m[48;2;16;40;40m▀[38;2;32;48;48m[48;2;16;36;36m▀[38;2;28;44;48m[48;2;40;56;52m▀[38;2;24;40;40m[48;2;92;100;88m▀[38;2;32;48;44m[48;2;108;116;104m▀[38;2;52;64;64m[48;2;104;104;96m▀[38;2;88;100;96m[48;2;100;100;84m▀[38;2;60;72;64m[48;2;96;96;76m▀[38;2;4;8;8m[48;2;80;80;64m▀[38;2;8;12;16m[48;2;28;24;20m▀[38;2;28;28;28m[48;2;8;4;8m▀[38;2;28;28;32m[48;2;24;24;28m▀[38;2;28;28;28m▀[38;2;36;36;36m[48;2;28;28;28m▀[38;2;44;44;44m[48;2;40;40;40m▀[38;2;36;36;32m▀[38;2;24;24;24m[48;2;32;32;32m▀[38;2;24;24;28m▀[38;2;24;24;24m[48;2;28;28;32m▀[38;2;24;24;28m[48;2;24;24;28m▀[38;2;28;28;32m▀[38;2;32;32;36m[48;2;28;28;32m▀[38;2;24;24;28m[48;2;36;36;40m▀[38;2;12;12;12m[48;2;40;36;40m▀[38;2;4;4;4m[48;2;36;36;24m▀[38;2;12;8;8m[48;2;52;48;28m▀[38;2;32;20;16m[48;2;76;52;32m▀[38;2;40;28;24m[48;2;80;52;36m▀[38;2;56;40;24m[48;2;72;52;28m▀[38;2;76;56;28m[48;2;72;52;24m▀[38;2;80;60;28m[48;2;72;52;20m▀[38;2;84;64;28m[48;2;68;48;12m▀[38;2;100;72;40m[48;2;80;56;24m▀[38;2;100;64;36m[48;2;88;60;32m▀[38;2;84;60;24m▀[38;2;84;60;36m[48;2;68;44;32m▀[38;2;20;8;8m[48;2;20;4;0m▀[38;2;48;28;12m[48;2;96;72;44m▀[38;2;128;96;56m[48;2;156;120;84m▀[38;2;156;116;80m[48;2;160;116;80m▀[38;2;136;96;60m[48;2;124;84;48m▀[38;2;128;92;48m[48;2;144;108;64m▀[38;2;152;120;76m[48;2;152;120;72m▀[38;2;128;108;64m[48;2;124;92;48m▀[38;2;92;76;52m[48;2;120;84;64m▀[38;2;36;28;20m[48;2;108;92;80m▀[38;2;36;36;28m[48;2;16;16;8m▀[38;2;36;40;36m[48;2;36;36;32m▀[38;2;36;36;40m[48;2;40;40;40m▀[38;2;36;36;36m[48;2;36;36;40m▀[38;2;36;32;36m[48;2;32;32;32m▀[38;2;40;40;44m[48;2;32;36;36m▀[38;2;44;48;56m[48;2;36;40;40m▀[38;2;52;52;64m[48;2;40;44;48m▀[38;2;48;56;68m[48;2;48;48;48m▀[38;2;48;60;72m[48;2;44;44;48m▀[38;2;60;68;84m[48;2;44;44;52m▀[38;2;52;64;76m[48;2;56;56;68m▀[38;2;44;56;72m[48;2;36;44;52m▀[38;2;84;100;112m[48;2;84;100;104m▀[38;2;112;128;144m[48;2;172;192;192m▀[38;2;116;136;148m[48;2;120;136;140m▀[38;2;120;140;144m[48;2;116;136;140m▀[48;2;120;136;144m▀[38;2;124;136;148m[48;2;116;132;140m▀[38;2;120;136;148m[48;2;112;132;140m▀[48;2;116;136;144m▀[38;2;120;136;152m[48;2;120;140;152m▀[38;2;120;140;152m[48;2;120;140;156m▀[38;2;124;140;156m[48;2;116;136;148m▀[38;2;124;144;160m[48;2;120;136;152m▀[0m
[38;2;4;12;16m[48;2;8;12;16m▀[38;2;20;36;36m[48;2;24;40;40m▀[38;2;24;40;44m[48;2;24;40;44m▀[38;2;24;44;48m▀[38;2;24;44;44m▀[38;2;28;40;44m[48;2;28;44;44m▀[38;2;32;44;48m[48;2;20;32;36m▀[38;2;24;40;44m[48;2;44;60;56m▀[38;2;16;36;36m[48;2;104;116;108m▀[38;2;44;64;60m[48;2;128;136;128m▀[38;2;96;112;108m[48;2;112;116;100m▀[38;2;124;132;120m[48;2;92;92;72m▀[38;2;116;116;100m[48;2;104;92;68m▀[38;2;96;96;72m[48;2;116;100;76m▀[38;2;100;96;72m[48;2;128;108;76m▀[38;2;112;100;76m[48;2;128;116;80m▀[38;2;120;112;84m[48;2;140;124;92m▀[38;2;124;116;84m[48;2;140;128;92m▀[38;2;112;104;92m[48;2;132;120;96m▀[38;2;52;44;40m[48;2;132;116;92m▀[38;2;4;4;4m[48;2;84;72;60m▀[38;2;20;16;16m[48;2;16;12;8m▀[48;2;8;4;0m▀[38;2;32;28;28m[48;2;16;16;12m▀[38;2;40;40;40m[48;2;40;40;40m▀[38;2;36;36;36m[48;2;36;36;36m▀[38;2;32;32;32m[48;2;28;28;28m▀[48;2;24;24;28m▀[38;2;28;28;32m[48;2;28;28;32m▀[38;2;28;28;28m▀[48;2;28;28;28m▀[38;2;32;32;36m[48;2;32;32;32m▀[38;2;36;36;36m▀[38;2;48;44;32m[48;2;40;40;28m▀[38;2;60;48;24m[48;2;56;52;32m▀[38;2;80;56;32m[48;2;80;60;36m▀[38;2;96;64;36m[48;2;92;60;32m▀[38;2;92;68;40m[48;2;100;72;44m▀[38;2;84;64;32m[48;2;88;64;32m▀[38;2;92;68;36m[48;2;96;72;32m▀[38;2;88;60;28m[48;2;132;100;60m▀[38;2;80;52;20m[48;2;112;80;44m▀[38;2;84;60;28m[48;2;96;68;32m▀[38;2;92;64;32m[48;2;72;44;24m▀[38;2;36;16;8m[48;2;48;24;12m▀[38;2;64;44;28m[48;2;116;92;52m▀[38;2;140;112;72m[48;2;140;108;68m▀[38;2;160;120;88m[48;2;148;108;76m▀[38;2;156;108;76m[48;2;144;96;68m▀[38;2;132;92;56m[48;2;132;88;56m▀[38;2;152;112;76m[48;2;148;108;72m▀[38;2;148;108;68m[48;2;136;100;60m▀[38;2;120;84;48m[48;2;116;80;44m▀[38;2;96;60;40m[48;2;152;128;100m▀[38;2;140;116;104m[48;2;208;196;180m▀[38;2;24;12;4m[48;2;32;16;8m▀[38;2;24;16;12m[48;2;28;20;16m▀[38;2;28;28;28m[48;2;28;28;28m▀[38;2;36;32;32m▀[38;2;32;32;32m[48;2;32;28;28m▀[48;2;32;32;32m▀[38;2;36;36;36m[48;2;32;36;36m▀▀[38;2;36;36;40m[48;2;28;32;32m▀[38;2;40;44;44m▀[48;2;36;36;36m▀[38;2;44;44;48m[48;2;40;40;40m▀[38;2;36;40;40m[48;2;40;40;36m▀[38;2;100;112;104m[48;2;108;112;100m▀[38;2;212;228;216m[48;2;160;164;148m▀[38;2;188;200;188m[48;2;176;180;160m▀[38;2;116;132;128m[48;2;160;164;148m▀[38;2;104;120;124m[48;2;104;112;108m▀[38;2;104;120;132m[48;2;92;108;108m▀[38;2;100;120;132m[48;2;96;112;120m▀[38;2;104;120;132m[48;2;96;108;120m▀[38;2;108;124;136m[48;2;96;112;120m▀[38;2;112;128;140m[48;2;100;116;128m▀[38;2;108;128;140m[48;2;108;124;136m▀[48;2;108;128;136m▀[0m
[38;2;8;16;20m[48;2;8;16;16m▀[38;2;24;40;40m[48;2;24;40;40m▀[38;2;24;44;48m[48;2;24;40;44m▀[38;2;24;40;48m[48;2;24;44;52m▀[48;2;20;36;40m▀[38;2;28;40;40m[48;2;76;84;80m▀[38;2;88;96;96m[48;2;132;136;124m▀[38;2;148;156;144m[48;2;112;112;92m▀[38;2;136;136;120m[48;2;112;100;76m▀[38;2;92;92;72m[48;2;124;108;80m▀[38;2;100;92;72m[48;2;124;104;76m▀[38;2;116;104;80m[48;2;128;112;80m▀[38;2;124;112;80m[48;2;128;116;76m▀[38;2;120;108;72m[48;2;128;116;80m▀[38;2;124;108;72m▀[38;2;124;108;76m▀[38;2;132;116;84m[48;2;128;112;76m▀[38;2;140;128;92m[48;2;136;124;80m▀[38;2;144;132;92m[48;2;144;132;88m▀[38;2;136;120;84m[48;2;140;128;92m▀[38;2;136;120;92m[48;2;136;124;88m▀[38;2;108;100;84m[48;2;144;132;104m▀[38;2;24;20;16m[48;2;108;100;84m▀[38;2;4;0;0m[48;2;12;8;4m▀[38;2;36;36;32m[48;2;12;12;8m▀[38;2;44;44;44m[48;2;44;40;44m▀[38;2;28;28;32m[48;2;32;32;32m▀[38;2;24;24;28m[48;2;28;28;28m▀[38;2;28;28;32m▀[48;2;28;28;32m▀[48;2;28;28;28m▀[48;2;28;28;32m▀[38;2;32;32;32m[48;2;32;32;32m▀[38;2;32;36;40m[48;2;28;28;32m▀[38;2;32;28;20m[48;2;24;20;16m▀[38;2;140;120;84m[48;2;76;64;44m▀[38;2;124;92;64m[48;2;200;180;160m▀[38;2;88;60;32m[48;2;184;160;128m▀[38;2;40;24;8m[48;2;76;64;52m▀[38;2;52;28;4m[48;2;32;16;4m▀[38;2;120;88;40m[48;2;112;88;44m▀[38;2;148;112;72m[48;2;140;104;64m▀[38;2;92;64;40m[48;2;60;40;24m▀[38;2;40;16;12m[48;2;48;28;20m▀[38;2;92;68;32m[48;2;128;96;56m▀[38;2;128;100;52m[48;2;144;112;68m▀[38;2;140;104;64m[48;2;152;116;72m▀[38;2;140;100;60m[48;2;148;108;68m▀[38;2;136;96;60m[48;2;136;96;56m▀[38;2;136;92;60m[48;2;140;100;60m▀[38;2;136;104;68m[48;2;128;96;60m▀[38;2;128;96;56m[48;2;112;84;44m▀[38;2;120;84;48m[48;2;124;96;56m▀[38;2;224;200;172m[48;2;168;140;108m▀[38;2;252;236;220m[48;2;176;160;140m▀[38;2;40;24;16m[48;2;44;32;24m▀[38;2;24;16;12m[48;2;20;16;8m▀[38;2;28;24;28m[48;2;8;8;8m▀[48;2;68;64;60m▀[38;2;28;24;24m[48;2;104;96;80m▀[38;2;32;28;28m[48;2;72;64;52m▀[38;2;28;28;28m[48;2;52;44;36m▀[38;2;28;32;28m[48;2;32;28;20m▀[38;2;32;32;32m[48;2;20;16;16m▀[38;2;28;28;32m[48;2;16;12;16m▀[38;2;32;32;32m[48;2;28;24;24m▀[38;2;36;36;32m[48;2;24;24;20m▀[38;2;44;44;36m[48;2;40;40;36m▀[38;2;112;112;96m[48;2;104;104;84m▀[38;2;152;148;128m[48;2;152;148;120m▀[38;2;140;136;108m[48;2;144;132;104m▀[38;2;140;140;112m[48;2;128;124;92m▀[38;2;124;128;116m[48;2;132;128;104m▀[38;2;92;100;100m[48;2;100;108;96m▀[38;2;92;108;112m[48;2;84;96;100m▀[38;2;92;108;116m[48;2;92;104;116m▀[38;2;96;112;120m[48;2;96;108;120m▀[38;2;100;116;128m[48;2;100;116;128m▀[38;2;112;128;140m[48;2;108;124;140m▀[38;2;116;136;148m[48;2;120;136;152m▀[0m
[38;2;4;12;16m[48;2;4;12;12m▀[38;2;20;36;36m[48;2;20;36;36m▀[38;2;24;40;44m[48;2;20;40;40m▀[38;2;20;36;36m[48;2;16;32;28m▀[38;2;56;68;64m[48;2;80;96;84m▀[38;2;120;120;108m[48;2;112;116;96m▀[38;2;100;100;76m[48;2;112;104;80m▀[38;2;116;108;80m[48;2;120;108;76m▀[38;2;120;108;76m[48;2;124;112;80m▀[38;2;124;108;72m[48;2;124;112;76m▀[38;2;128;108;72m[48;2;124;108;72m▀[38;2;128;112;72m[48;2;128;112;72m▀[38;2;132;116;76m[48;2;128;112;68m▀[38;2;136;120;80m[48;2;132;120;76m▀[48;2;132;120;80m▀[38;2;132;116;80m▀[38;2;132;116;76m▀[38;2;124;112;72m[48;2;128;116;76m▀[38;2;136;124;80m[48;2;120;112;72m▀[38;2;144;132;92m[48;2;132;120;80m▀[38;2;144;132;96m[48;2;120;108;68m▀[38;2;132;124;84m[48;2;140;132;92m▀[38;2;132;124;92m▀[38;2;76;68;52m[48;2;128;116;88m▀[38;2;0;0;0m[48;2;24;20;16m▀[38;2;24;24;20m[48;2;4;4;4m▀[38;2;44;44;40m[48;2;40;44;40m▀[38;2;32;32;32m▀[38;2;28;28;28m[48;2;32;32;32m▀▀[38;2;24;24;28m▀[38;2;32;32;36m▀[38;2;28;28;32m[48;2;28;28;24m▀[38;2;28;28;28m[48;2;20;20;16m▀[38;2;36;32;28m[48;2;16;16;12m▀[38;2;24;20;16m[48;2;28;24;24m▀[38;2;100;92;80m[48;2;24;20;12m▀[38;2;244;232;200m[48;2;160;156;140m▀[38;2;88;76;68m[48;2;112;104;100m▀[38;2;32;12;8m[48;2;24;4;0m▀[38;2;104;80;40m[48;2;80;56;20m▀[38;2;100;76;40m[48;2;68;44;16m▀[38;2;48;28;12m[48;2;56;36;8m▀[38;2;76;56;32m[48;2;100;72;36m▀[38;2;132;92;60m[48;2;128;92;52m▀[38;2;152;112;76m[48;2;160;116;80m▀[38;2;160;120;80m[48;2;172;124;88m▀[48;2;164;120;80m▀[38;2;148;108;64m[48;2;152;108;68m▀[38;2;144;100;64m[48;2;144;100;68m▀[38;2;128;96;60m[48;2;128;96;56m▀[38;2;104;80;36m[48;2;108;80;36m▀[38;2;120;96;56m[48;2;108;84;48m▀[38;2;128;100;72m[48;2;120;100;72m▀[38;2;44;28;12m[48;2;44;32;16m▀[38;2;28;24;16m[48;2;32;32;24m▀[38;2;36;36;32m[48;2;36;36;36m▀[38;2;28;32;28m[48;2;44;44;40m▀[38;2;52;48;36m[48;2;24;20;16m▀[38;2;132;120;92m[48;2;100;88;76m▀[38;2;124;108;84m[48;2;124;112;72m▀[38;2;120;108;84m[48;2;116;104;60m▀[38;2;104;92;72m[48;2;116;104;64m▀[38;2;84;76;60m[48;2;120;108;68m▀[38;2;32;24;20m[48;2;104;96;60m▀[38;2;28;16;20m[48;2;64;56;40m▀[38;2;20;20;16m[48;2;32;28;16m▀[38;2;12;12;4m[48;2;48;44;28m▀[38;2;72;72;56m[48;2;120;116;92m▀[38;2;144;140;112m[48;2;132;124;92m▀[38;2;144;132;96m[48;2;148;136;100m▀[38;2;136;128;88m[48;2;136;128;88m▀[38;2;132;128;96m[48;2;128;120;92m▀[38;2;112;116;104m[48;2;116;116;108m▀[38;2;72;88;88m[48;2;60;76;76m▀[38;2;84;100;104m[48;2;64;80;84m▀[38;2;92;108;116m[48;2;68;84;92m▀[38;2;100;116;128m[48;2;80;96;104m▀[38;2;108;124;136m[48;2;80;100;108m▀[38;2;116;132;148m[48;2;84;104;116m▀[0m
[38;2;4;12;12m[48;2;8;8;12m▀[38;2;20;36;36m[48;2;20;32;32m▀[38;2;16;32;36m[48;2;16;32;32m▀[38;2;28;44;44m[48;2;52;64;64m▀[38;2;64;76;68m[48;2;76;80;72m▀[38;2;104;108;84m[48;2;84;84;60m▀[38;2;116;108;80m[48;2;116;112;84m▀[38;2;120;108;80m[48;2;112;104;76m▀[38;2;128;112;80m[48;2;124;112;76m▀[38;2;124;112;72m[48;2;124;112;72m▀[38;2;120;104;64m[48;2;120;104;64m▀[38;2;124;108;68m▀[38;2;128;116;72m[48;2;128;112;72m▀[38;2;132;120;80m[48;2;132;124;84m▀[38;2;132;124;84m[48;2;136;124;84m▀[48;2;132;120;80m▀[38;2;132;128;84m[48;2;132;124;80m▀[38;2;132;120;80m[48;2;132;120;80m▀[38;2;124;112;72m▀[38;2;120;108;68m[48;2;116;104;64m▀[38;2;92;80;44m[48;2;112;100;64m▀[38;2;96;84;52m[48;2;80;64;36m▀[38;2;156;148;108m[48;2;108;96;64m▀[38;2;148;144;104m[48;2;156;148;112m▀[38;2;64;60;44m[48;2;88;84;64m▀[38;2;4;4;0m[48;2;20;16;8m▀[38;2;40;40;36m[48;2;20;16;12m▀[38;2;52;52;48m▀[38;2;36;36;36m[48;2;12;12;8m▀[38;2;32;36;32m[48;2;24;24;16m▀[38;2;28;28;28m[48;2;52;52;40m▀[38;2;32;32;20m[48;2;116;108;84m▀[38;2;52;48;36m[48;2;136;128;100m▀[38;2;76;68;56m[48;2;144;132;100m▀[38;2;88;84;72m▀[38;2;36;32;28m[48;2;112;108;80m▀[38;2;20;20;20m[48;2;28;20;12m▀[38;2;32;36;28m[48;2;32;32;28m▀[38;2;24;20;16m[48;2;12;12;8m▀[38;2;40;28;12m[48;2;40;28;16m▀[38;2;76;60;32m[48;2;68;48;24m▀[38;2;56;32;4m[48;2;68;44;12m▀[38;2;76;52;16m[48;2;96;68;28m▀[38;2;112;88;44m[48;2;112;80;40m▀[38;2;136;100;52m[48;2;140;96;52m▀[38;2;168;120;76m[48;2;168;124;72m▀[38;2;172;124;84m[48;2;168;120;80m▀[38;2;160;112;72m[48;2;160;112;72m▀[38;2;156;108;68m[48;2;156;104;68m▀[38;2;140;96;60m[48;2;132;84;52m▀[38;2;124;92;52m[48;2;112;80;44m▀[38;2;116;84;48m[48;2;108;80;40m▀[38;2;108;84;52m[48;2;108;80;52m▀[38;2;92;76;48m[48;2;80;60;36m▀[38;2;36;28;12m[48;2;40;32;16m▀[38;2;36;32;24m[48;2;36;36;28m▀[38;2;36;40;40m[48;2;36;36;40m▀[38;2;44;44;44m[48;2;44;40;44m▀[38;2;28;24;20m[48;2;40;36;36m▀[38;2;56;48;40m[48;2;24;20;16m▀[38;2;128;120;80m[48;2;104;104;72m▀[38;2;112;100;52m[48;2;116;104;64m▀[38;2;112;96;52m[48;2;112;96;56m▀[38;2;112;96;56m[48;2;116;100;60m▀[38;2;124;108;68m[48;2;120;104;64m▀[38;2;116;108;72m[48;2;128;116;76m▀[38;2;64;56;32m[48;2;108;100;68m▀[48;2;52;40;20m▀[38;2;128;124;88m[48;2;116;112;76m▀[38;2;128;116;76m[48;2;124;112;76m▀[38;2;148;132;96m[48;2;140;124;84m▀[38;2;136;128;88m[48;2;140;132;92m▀[38;2;120;112;80m[48;2;112;108;76m▀[38;2;112;116;100m[48;2;112;116;100m▀[38;2;52;68;64m[48;2;56;72;68m▀[38;2;48;64;64m[48;2;40;64;60m▀[38;2;48;64;72m[48;2;44;64;68m▀[38;2;52;68;76m[48;2;48;64;72m▀[38;2;52;72;80m▀[48;2;52;68;72m▀[0m
[38;2;8;8;12m[48;2;8;8;12m▀[38;2;20;36;36m[48;2;24;36;36m▀[38;2;16;32;28m[48;2;16;32;28m▀[38;2;60;72;64m[48;2;60;72;60m▀[38;2;96;96;84m[48;2;112;112;96m▀[38;2;40;36;20m[48;2;48;44;28m▀[38;2;108;100;76m[48;2;64;52;28m▀[38;2;116;104;76m[48;2;120;108;80m▀[38;2;128;112;80m[48;2;120;108;76m▀[38;2;128;116;80m[48;2;128;116;80m▀[38;2;116;104;64m[48;2;116;104;72m▀[38;2;116;100;60m[48;2;108;96;52m▀[38;2;128;112;72m[48;2;120;104;60m▀[38;2;140;128;84m[48;2;136;120;80m▀[38;2;136;124;84m▀[38;2;128;120;80m[48;2;132;120;80m▀[48;2;128;112;72m▀[38;2;128;116;76m[48;2;124;112;68m▀▀[38;2;120;108;72m[48;2;124;112;72m▀[38;2;112;100;64m[48;2;116;104;64m▀[38;2;108;96;64m[48;2;112;96;60m▀[38;2;80;64;32m[48;2;108;92;56m▀[38;2;124;112;72m[48;2;100;88;52m▀[38;2;72;60;44m[48;2;60;44;28m▀[38;2;36;28;12m[48;2;48;36;16m▀[38;2;104;96;80m[48;2;144;136;100m▀[38;2;108;104;84m[48;2;144;136;96m▀[38;2;88;84;64m[48;2;148;136;96m▀[38;2;76;72;44m[48;2;140;132;88m▀[38;2;96;92;64m[48;2;132;124;76m▀[38;2;140;136;100m[48;2;136;128;80m▀[38;2;140;128;88m[48;2;140;124;84m▀[38;2;136;124;80m[48;2;136;124;80m▀[38;2;128;116;72m[48;2;132;120;76m▀[38;2;136;128;92m[48;2;132;120;80m▀[38;2;92;84;64m[48;2;140;128;100m▀[38;2;20;16;8m[48;2;56;48;32m▀[38;2;8;8;4m[48;2;0;0;0m▀[38;2;28;20;8m[48;2;16;12;4m▀[38;2;68;48;16m[48;2;64;44;12m▀[38;2;88;56;20m[48;2;96;68;28m▀[38;2;104;68;28m[48;2;112;76;32m▀[38;2;116;72;32m[48;2;112;68;28m▀[38;2;140;92;52m[48;2;132;84;44m▀[38;2;164;116;72m[48;2;160;112;68m▀[38;2;164;120;76m[48;2;160;112;72m▀[38;2;160;108;72m[48;2;152;104;64m▀[38;2;148;100;60m[48;2;144;92;56m▀[38;2;116;76;36m[48;2;112;68;28m▀[38;2;104;72;32m[48;2;108;72;28m▀[38;2;108;80;40m[48;2;100;68;32m▀[38;2;104;76;48m[48;2;92;64;40m▀[38;2;72;52;28m[48;2;60;44;24m▀[38;2;44;32;16m[48;2;40;32;16m▀[38;2;40;40;28m[48;2;36;36;28m▀[38;2;36;36;36m[48;2;40;36;36m▀[38;2;40;36;44m[48;2;36;36;40m▀[38;2;44;36;40m▀[38;2;20;20;16m[48;2;28;28;24m▀[38;2;68;64;48m[48;2;32;28;20m▀[38;2;120;112;76m[48;2;112;104;76m▀[38;2;108;96;56m[48;2;108;96;60m▀[38;2;116;100;60m[48;2;112;96;60m▀[38;2;120;104;60m[48;2;116;104;60m▀[38;2;120;108;68m[48;2;124;108;72m▀[38;2;124;112;80m[48;2;124;112;80m▀[38;2;60;48;28m[48;2;80;68;44m▀[38;2;100;88;60m[48;2;68;56;32m▀[38;2;124;116;76m[48;2;120;112;76m▀[38;2;128;116;72m[48;2;116;108;68m▀[38;2;144;136;96m[48;2;140;132;88m▀[38;2;112;108;72m[48;2;116;108;76m▀[38;2;112;120;104m[48;2;116;116;96m▀[38;2;64;84;80m[48;2;80;96;88m▀[38;2;36;60;60m[48;2;40;60;60m▀[38;2;40;60;64m[48;2;36;60;64m▀[38;2;44;60;68m[48;2;40;60;68m▀[38;2;44;64;72m[48;2;44;60;68m▀[38;2;48;68;72m[48;2;48;64;72m▀[0m
[38;2;8;8;12m[48;2;8;8;12m▀[38;2;20;36;36m[48;2;20;36;36m▀[38;2;16;32;28m[48;2;16;32;28m▀[38;2;56;68;56m[48;2;48;64;48m▀[38;2;104;108;88m[48;2;96;100;80m▀[38;2;96;88;68m[48;2;104;92;72m▀[38;2;44;32;8m[48;2;96;84;56m▀[38;2;88;72;44m[48;2;60;48;16m▀[38;2;116;108;72m[48;2;96;84;52m▀[38;2;124;112;80m[48;2;120;108;72m▀[38;2;120;112;76m▀[38;2;108;100;56m[48;2;120;108;64m▀[38;2;108;92;48m[48;2;108;92;48m▀[38;2;124;112;68m[48;2;104;88;48m▀[38;2;136;124;80m[48;2;124;108;68m▀[38;2;136;120;80m[48;2;136;120;80m▀[38;2;132;116;76m[48;2;132;116;76m▀[38;2;120;108;64m[48;2;116;100;60m▀▀[38;2;120;108;68m[48;2;120;104;64m▀[38;2;116;100;64m[48;2;116;104;64m▀[38;2;108;92;56m[48;2;108;96;56m▀[38;2;108;92;60m[48;2;100;84;52m▀[38;2;116;104;72m[48;2;108;96;60m▀[38;2;60;48;28m[48;2;76;60;40m▀[38;2;48;32;20m[48;2;44;28;8m▀[38;2;132;116;88m[48;2;112;96;68m▀[38;2;136;124;80m[48;2;128;116;76m▀[38;2;140;124;80m[48;2;136;120;80m▀[38;2;144;128;84m[48;2;136;124;80m▀[48;2;136;120;80m▀[38;2;144;124;84m[48;2;140;124;84m▀[38;2;140;128;84m[48;2;140;128;84m▀[38;2;136;124;80m[48;2;140;124;84m▀[38;2;140;124;80m[48;2;140;128;84m▀[38;2;136;120;84m[48;2;140;124;88m▀[38;2;140;124;92m[48;2;136;124;88m▀[38;2;112;100;72m[48;2;128;120;88m▀[38;2;8;4;8m[48;2;32;28;24m▀[38;2;8;0;4m[48;2;0;0;0m▀[38;2;56;36;12m[48;2;48;36;8m▀[38;2;104;76;36m[48;2;96;68;28m▀[38;2;116;76;40m[48;2;104;64;32m▀[38;2;108;64;24m[48;2;108;68;32m▀[38;2;128;80;44m[48;2;128;84;48m▀[38;2;152;104;60m[48;2;140;96;56m▀[38;2;152;108;64m[48;2;152;104;64m▀[38;2;152;100;64m[48;2;140;92;56m▀[38;2;132;84;44m[48;2;116;72;32m▀[38;2;116;68;28m[48;2;116;68;28m▀[38;2;108;72;28m[48;2;104;64;28m▀[38;2;96;64;28m[48;2;92;64;28m▀[38;2;84;60;36m[48;2;72;56;32m▀[38;2;48;36;24m[48;2;36;32;20m▀[38;2;40;36;32m[48;2;40;36;28m▀[38;2;36;36;32m[48;2;36;36;32m▀[38;2;32;32;28m[48;2;32;32;28m▀[38;2;32;32;32m[48;2;32;32;32m▀[38;2;36;32;36m▀[38;2;36;36;28m[48;2;36;36;32m▀[38;2;16;8;12m[48;2;24;20;24m▀[38;2;84;80;60m[48;2;52;44;36m▀[38;2;116;108;68m[48;2;116;108;72m▀[38;2;108;96;56m[48;2;108;88;56m▀[38;2;112;96;60m[48;2;108;92;56m▀[38;2;116;104;68m[48;2;116;100;64m▀[38;2;116;104;72m[48;2;112;96;64m▀[38;2;100;84;56m[48;2;108;92;60m▀[38;2;56;44;20m[48;2;56;44;16m▀[38;2;112;100;72m[48;2;92;80;48m▀[38;2;116;108;64m[48;2;116;104;68m▀[38;2;132;120;80m[48;2;120;112;72m▀[38;2;124;112;76m[48;2;124;112;72m▀[38;2;104;100;64m[48;2;108;100;64m▀[38;2;96;100;92m[48;2;92;96;88m▀[38;2;52;64;68m[48;2;52;68;68m▀[38;2;36;56;60m[48;2;32;56;60m▀[38;2;40;60;64m[48;2;36;56;64m▀[48;2;40;60;64m▀[38;2;44;60;64m▀[0m
[38;2;8;8;12m[48;2;4;8;12m▀[38;2;20;36;36m[48;2;16;32;32m▀[38;2;12;28;24m[48;2;12;28;24m▀[38;2;48;64;52m[48;2;64;76;64m▀[38;2;92;96;76m[48;2;92;96;76m▀[38;2;100;88;60m[48;2;100;92;60m▀[38;2;120;108;76m[48;2;112;100;68m▀[38;2;100;88;60m[48;2;112;100;72m▀[38;2;68;56;28m[48;2;88;76;44m▀[38;2;108;96;60m▀[38;2;116;108;68m[48;2;112;100;64m▀[38;2;120;112;68m[48;2;116;108;64m▀[38;2;116;100;56m[48;2;120;108;60m▀[38;2;100;84;44m[48;2;116;100;60m▀[38;2;108;92;52m[48;2;96;84;44m▀[38;2;132;120;76m[48;2;108;92;52m▀[38;2;132;116;76m[48;2;128;112;72m▀[38;2;116;104;64m[48;2;120;108;68m▀[38;2;100;88;48m[48;2;96;92;48m▀[38;2;112;96;60m[48;2;88;84;40m▀[38;2;116;104;64m[48;2;108;100;56m▀[38;2;112;96;60m[48;2;108;96;56m▀[38;2;104;92;52m[48;2;104;92;52m▀[38;2;100;88;48m[48;2;100;88;52m▀[38;2;68;56;32m[48;2;68;56;28m▀[38;2;44;28;8m[48;2;44;32;12m▀[38;2;96;84;52m[48;2;96;84;56m▀[38;2;112;100;60m[48;2;92;84;44m▀[38;2;124;112;68m[48;2;116;104;64m▀[38;2;132;116;76m[48;2;124;112;76m▀[38;2;128;116;72m[48;2;128;120;80m▀[38;2;128;112;72m[48;2;120;108;68m▀[38;2;132;120;76m[48;2;120;104;68m▀[38;2;136;124;80m[48;2;132;116;80m▀[38;2;144;128;92m[48;2;140;124;88m▀[38;2;140;124;84m[48;2;136;120;80m▀[38;2;136;120;76m[48;2;132;120;76m▀[38;2;132;120;80m[48;2;132;116;84m▀[38;2;48;40;32m[48;2;52;44;36m▀[38;2;0;0;0m[48;2;0;0;0m▀[38;2;40;36;8m[48;2;40;36;12m▀[38;2;76;56;20m[48;2;72;52;16m▀[38;2;100;64;28m[48;2;104;68;32m▀[38;2;120;80;44m[48;2;128;88;48m▀[38;2;132;88;52m[48;2;128;92;48m▀[38;2;140;96;56m[48;2;140;96;56m▀[38;2;144;100;60m[48;2;132;88;52m▀[38;2;128;84;44m[48;2;116;72;40m▀[38;2;112;72;32m[48;2;108;72;36m▀[38;2;108;68;32m[48;2;108;72;32m▀[38;2;96;64;28m[48;2;88;60;28m▀[38;2;84;56;28m[48;2;64;44;16m▀[38;2;52;40;20m[48;2;40;28;16m▀[38;2;28;28;20m[48;2;32;28;28m▀[38;2;32;32;28m[48;2;28;28;24m▀[38;2;32;28;28m[48;2;32;32;28m▀[38;2;28;24;24m▀[38;2;32;32;28m[48;2;28;28;24m▀[38;2;32;32;32m[48;2;32;28;24m▀[38;2;36;32;32m[48;2;36;32;28m▀[38;2;36;32;28m[48;2;24;24;20m▀[38;2;28;20;16m[48;2;12;12;8m▀[38;2;104;92;68m[48;2;72;68;48m▀[38;2;112;92;56m[48;2;108;96;64m▀[38;2;104;88;52m[48;2;100;84;52m▀[38;2;112;92;60m[48;2;104;88;52m▀[38;2;112;96;60m[48;2;104;88;56m▀[38;2;112;96;64m[48;2;108;96;60m▀[38;2;68;52;32m[48;2;92;72;48m▀[38;2;64;52;28m[48;2;52;36;16m▀[38;2;116;104;68m[48;2;104;92;56m▀[38;2;108;100;64m[48;2;104;92;60m▀[38;2;120;112;76m[48;2;116;108;72m▀[38;2;116;104;68m▀[38;2;92;88;72m[48;2;100;92;64m▀[38;2;48;64;64m[48;2;56;68;64m▀[38;2;36;56;60m[48;2;36;56;64m▀[48;2;36;56;60m▀[38;2;36;56;64m▀[38;2;40;60;64m[48;2;40;60;64m▀[0m
[38;2;4;8;12m[48;2;4;8;12m▀[38;2;16;32;32m[48;2;16;32;32m▀[38;2;8;28;20m[48;2;8;28;24m▀[38;2;64;80;68m[48;2;64;84;72m▀[38;2;92;96;76m[48;2;92;100;84m▀[38;2;100;88;64m[48;2;104;100;72m▀[38;2;108;96;68m[48;2;100;92;64m▀[48;2;92;80;48m▀[38;2;104;92;64m[48;2;104;92;60m▀[38;2;88;76;40m▀[38;2;104;92;52m[48;2;100;88;52m▀[38;2;112;100;56m[48;2;108;96;56m▀[38;2;116;104;60m[48;2;112;100;56m▀[38;2;120;104;64m[48;2;112;104;64m▀[38;2;112;100;60m▀[38;2;100;88;44m[48;2;116;104;64m▀[38;2;112;96;56m[48;2;108;96;56m▀[38;2;116;104;64m[48;2;100;88;48m▀[38;2;112;104;64m[48;2;104;96;48m▀[38;2;76;68;24m[48;2;88;80;40m▀[38;2;92;84;44m[48;2;76;68;32m▀[38;2;108;96;56m[48;2;104;92;60m▀[38;2;104;92;52m[48;2;100;88;52m▀[38;2;100;88;52m[48;2;96;84;48m▀[38;2;72;56;32m[48;2;72;56;36m▀[38;2;44;32;8m[48;2;40;24;8m▀[38;2;104;92;64m[48;2;100;88;56m▀[38;2;88;76;36m[48;2;88;80;40m▀[38;2;100;88;48m[48;2;80;68;28m▀[38;2;120;108;68m[48;2;108;96;56m▀[38;2;128;116;76m[48;2;112;104;64m▀[38;2;124;112;72m[48;2;120;108;72m▀[38;2;112;100;60m[48;2;112;104;64m▀[38;2;116;100;64m[48;2;104;96;56m▀[38;2;132;116;80m[48;2;112;100;60m▀[38;2;132;116;76m[48;2;120;108;68m▀[38;2;128;116;72m[48;2;128;112;72m▀[38;2;124;112;76m[48;2;104;96;60m▀[38;2;40;32;28m[48;2;8;4;4m▀[38;2;8;4;4m[48;2;32;24;20m▀[38;2;52;44;12m[48;2;64;56;16m▀[38;2;76;56;20m[48;2;88;64;28m▀[38;2;112;76;40m[48;2;116;80;44m▀[38;2;128;92;52m[48;2;120;88;48m▀[38;2;128;92;48m[48;2;124;88;52m▀[38;2;132;92;56m[48;2;124;88;48m▀[38;2;120;80;48m[48;2;112;72;36m▀[38;2;108;72;36m▀[38;2;108;76;36m[48;2;112;80;44m▀[38;2;100;68;32m[48;2;96;68;36m▀[38;2;72;48;20m[48;2;52;32;12m▀[38;2;48;36;12m[48;2;40;32;16m▀[38;2;28;28;16m[48;2;28;28;20m▀[38;2;28;28;28m[48;2;24;32;28m▀[38;2;20;24;20m[48;2;24;28;20m▀[38;2;44;44;40m[48;2;32;32;24m▀[38;2;52;52;44m[48;2;60;60;52m▀[38;2;28;28;16m[48;2;44;44;36m▀[38;2;32;32;20m[48;2;48;48;36m▀[38;2;32;28;20m[48;2;40;44;28m▀[38;2;28;28;16m[48;2;68;68;56m▀[38;2;12;12;4m[48;2;24;20;16m▀[38;2;36;32;24m[48;2;12;8;4m▀[38;2;104;96;68m[48;2;88;80;56m▀[38;2;100;84;48m[48;2;96;84;52m▀[38;2;96;76;40m[48;2;88;72;40m▀[38;2;92;76;44m[48;2;88;68;40m▀[38;2;100;84;52m[48;2;96;80;48m▀[38;2;100;88;56m[48;2;104;92;60m▀[38;2;44;40;16m[48;2;52;44;24m▀[38;2;84;76;48m[48;2;64;60;40m▀[38;2;100;88;56m[48;2;96;92;60m▀[38;2;104;96;52m[48;2;92;84;48m▀[38;2;116;104;68m[48;2;112;104;68m▀[38;2;112;100;64m[48;2;116;104;68m▀[38;2;68;76;64m[48;2;80;84;72m▀[38;2;36;52;60m[48;2;36;52;56m▀[38;2;36;56;60m[48;2;40;56;56m▀[48;2;36;56;60m▀[38;2;40;60;64m▀[0m
[38;2;4;8;12m[48;2;4;8;12m▀[38;2;16;32;32m[48;2;12;32;32m▀[38;2;12;32;28m[48;2;12;32;28m▀[38;2;68;88;80m[48;2;60;80;68m▀[38;2;84;92;76m[48;2;76;80;60m▀[38;2;108;100;72m[48;2;104;96;72m▀[38;2;116;104;76m[48;2;116;108;72m▀[38;2;88;76;48m[48;2;112;100;68m▀[38;2;72;60;32m[48;2;96;84;52m▀[38;2;84;72;40m[48;2;64;52;20m▀[38;2;104;92;56m▀[38;2;108;100;56m[48;2;92;80;44m▀[38;2;108;96;52m[48;2;96;84;48m▀[38;2;108;96;56m▀[48;2;100;88;52m▀[38;2;112;100;60m[48;2;108;96;56m▀[38;2;108;96;56m[48;2;108;92;56m▀[38;2;100;92;48m[48;2;104;96;56m▀[38;2;84;72;32m[48;2;96;88;48m▀[38;2;88;80;44m[48;2;88;76;40m▀[38;2;64;52;24m[48;2;56;40;24m▀[38;2;92;80;52m[48;2;84;72;44m▀[38;2;96;84;52m[48;2;100;84;52m▀[38;2;92;80;48m[48;2;92;80;48m▀[38;2;76;60;40m[48;2;88;76;48m▀[38;2;32;20;4m[48;2;36;20;8m▀[38;2;84;72;40m[48;2;64;52;32m▀[38;2;96;88;48m[48;2;96;84;56m▀[38;2;72;60;24m[48;2;80;68;40m▀[38;2;92;80;48m[48;2;76;64;28m▀[38;2;104;92;52m[48;2;96;88;48m▀[38;2;112;100;60m[48;2;104;96;56m▀[48;2;108;100;60m▀[38;2;100;88;48m[48;2;88;76;36m▀[48;2;68;60;24m▀[38;2;108;96;56m[48;2;80;72;32m▀[38;2;120;108;72m[48;2;92;88;52m▀[38;2;60;56;32m[48;2;32;28;8m▀[38;2;8;8;4m[48;2;28;28;12m▀[38;2;60;48;28m[48;2;76;64;36m▀[38;2;92;68;32m[48;2;104;80;44m▀[38;2;104;76;44m[48;2;108;80;44m▀[38;2;108;76;40m[48;2;108;72;40m▀[38;2;120;84;48m[48;2;112;76;40m▀[38;2;116;84;44m[48;2;104;72;36m▀[38;2;112;76;40m[48;2;100;68;28m▀[38;2;112;72;36m[48;2;112;76;36m▀[38;2;116;76;44m[48;2;112;76;40m▀[38;2;104;76;44m[48;2;92;60;32m▀[38;2;84;56;32m[48;2;56;36;12m▀[38;2;32;24;8m[48;2;28;20;8m▀[38;2;36;32;24m[48;2;32;32;24m▀[38;2;24;24;20m[48;2;20;20;20m▀[38;2;24;28;24m[48;2;24;24;20m▀[38;2;24;28;20m▀[38;2;24;24;16m[48;2;24;24;16m▀[38;2;52;52;44m[48;2;44;44;36m▀[38;2;28;28;20m[48;2;28;28;20m▀[38;2;36;40;24m[48;2;16;16;8m▀[38;2;40;40;24m[48;2;32;32;24m▀[38;2;60;60;48m[48;2;28;28;16m▀[38;2;36;36;28m[48;2;24;24;16m▀[38;2;4;0;0m[48;2;16;12;8m▀[38;2;60;52;36m[48;2;32;28;16m▀[38;2;92;84;52m[48;2;92;80;48m▀[38;2;84;72;40m[48;2;80;68;36m▀[38;2;80;68;36m[48;2;76;64;32m▀[38;2;80;72;40m[48;2;68;60;28m▀[38;2;100;88;56m[48;2;84;72;40m▀[38;2;60;52;32m[48;2;72;64;44m▀[38;2;48;44;28m[48;2;32;28;16m▀[38;2;96;92;64m[48;2;84;84;52m▀[38;2;88;80;44m[48;2;80;76;44m▀[38;2;100;92;56m[48;2;84;76;44m▀[38;2;104;96;64m[48;2;96;92;60m▀[38;2;92;92;80m[48;2;92;92;72m▀[38;2;48;56;52m[48;2;52;60;52m▀[38;2;40;52;48m[48;2;36;48;44m▀[38;2;40;56;56m[48;2;40;56;56m▀[38;2;36;56;60m[48;2;36;56;56m▀[0m

     * Есть ещё TODO? Тимлид вернётся — а ты уже собрал все. *

ART
